<Header>
User name: 
Location: airlock
# of Location: 3
Model: 1.109
Serial No.: 9G070015
Firmware revision: 12.30E
Software revision: 1178 V8-26 (18--12-2023)
Unit: counts/liter (differential)
C-factor: 1,00
Comment: participant test
online data
<Data>
[d&t31.12.2035 11:50:55]	0,25 um	0,28 um	0,30 um	0,35 um	0,40 um	0,45 um	0,50 um	0,58 um	0,65 um	0,70 um	0,80 um	1,00 um	1,30 um	1,60 um	2,00 um	2,50 um	3,00 um	3,50 um	4,00 um	5,00 um	6,50 um	7,50 um	8,50 um	10,00 um	12,50 um	15,00 um	17,50 um	20,00 um	25,00 um	30,00 um	32,00 um
17.09.2026 10:58:04	15850,0	8300,0	4600,0	2250,0	950,0	400,0	350,0	500,0	200,0	300,0	400,0	250,0	100,0	100,0	0,0	30,0	150,0	40,0	300,0	100,0	50,0	40,0	30,0	10,0	0,0	0,0	0,0	0,0	0,0	0,0	0,0
17.09.2026 10:58:10	14850,0	7200,0	3850,0	2750,0	1150,0	350,0	500,0	400,0	250,0	250,0	50,0	350,0	100,0	150,0	220,0	50,0	100,0	130,0	170,0	60,0	40,0	20,0	30,0	20,0	0,0	0,0	10,0	0,0	0,0	0,0	0,0
17.09.2026 10:58:16	14850,0	7000,0	5000,0	1500,0	1200,0	500,0	750,0	550,0	150,0	200,0	200,0	150,0	0,0	100,0	0,0	0,0	20,0	110,0	160,0	120,0	40,0	20,0	20,0	10,0	0,0	0,0	0,0	0,0	0,0	0,0	0,0
17.09.2026 10:58:22	13800,0	8350,0	4700,0	2450,0	700,0	550,0	900,0	450,0	200,0	300,0	100,0	150,0	100,0	200,0	50,0	160,0	140,0	120,0	110,0	130,0	30,0	10,0	10,0	30,0	10,0	0,0	0,0	0,0	0,0	0,0	0,0
17.09.2026 10:58:28	14000,0	7950,0	5350,0	2150,0	1550,0	500,0	700,0	250,0	300,0	750,0	300,0	200,0	50,0	100,0	260,0	170,0	170,0	80,0	200,0	120,0	70,0	10,0	30,0	40,0	0,0	0,0	0,0	0,0	0,0	0,0	0,0
17.09.2026 10:58:34	15400,0	7650,0	4450,0	2250,0	1150,0	800,0	300,0	650,0	300,0	350,0	100,0	200,0	150,0	50,0	140,0	20,0	150,0	40,0	150,0	100,0	30,0	20,0	40,0	10,0	0,0	0,0	0,0	0,0	0,0	0,0	0,0
17.09.2026 10:58:40	15700,0	7600,0	4950,0	2750,0	1500,0	350,0	400,0	350,0	100,0	600,0	350,0	150,0	250,0	50,0	300,0	220,0	150,0	110,0	230,0	70,0	20,0	0,0	0,0	50,0	0,0	0,0	0,0	0,0	0,0	0,0	0,0
17.09.2026 10:58:46	14300,0	6850,0	4500,0	2100,0	950,0	550,0	600,0	300,0	350,0	500,0	50,0	250,0	50,0	200,0	0,0	0,0	130,0	120,0	90,0	110,0	30,0	40,0	40,0	10,0	20,0	0,0	10,0	0,0	0,0	0,0	0,0
17.09.2026 10:58:52	13600,0	8150,0	4700,0	2750,0	850,0	700,0	700,0	550,0	100,0	650,0	450,0	200,0	100,0	100,0	20,0	120,0	120,0	100,0	160,0	90,0	90,0	20,0	30,0	30,0	20,0	0,0	0,0	0,0	0,0	0,0	0,0
17.09.2026 10:58:58	14350,0	8250,0	4750,0	2250,0	950,0	450,0	500,0	500,0	250,0	300,0	0,0	150,0	0,0	250,0	60,0	120,0	140,0	140,0	120,0	140,0	60,0	20,0	20,0	10,0	20,0	0,0	0,0	0,0	0,0	0,0	0,0
17.09.2026 10:59:04	15600,0	7000,0	4450,0	2950,0	1200,0	500,0	850,0	500,0	200,0	350,0	300,0	100,0	150,0	0,0	310,0	360,0	70,0	80,0	180,0	70,0	50,0	10,0	20,0	0,0	0,0	0,0	0,0	0,0	0,0	0,0	0,0
17.09.2026 10:59:10	15800,0	7250,0	4550,0	2350,0	1250,0	200,0	400,0	350,0	350,0	450,0	200,0	350,0	100,0	100,0	140,0	60,0	150,0	100,0	160,0	90,0	30,0	30,0	40,0	0,0	0,0	0,0	0,0	0,0	0,0	0,0	0,0
17.09.2026 10:59:16	14750,0	7400,0	4400,0	2250,0	1100,0	400,0	650,0	150,0	100,0	300,0	300,0	100,0	50,0	100,0	260,0	230,0	130,0	90,0	200,0	70,0	60,0	30,0	10,0	20,0	0,0	0,0	0,0	0,0	0,0	0,0	0,0
17.09.2026 10:59:22	14500,0	7250,0	3700,0	2450,0	550,0	600,0	700,0	450,0	250,0	200,0	150,0	0,0	0,0	150,0	0,0	0,0	40,0	120,0	150,0	50,0	50,0	10,0	40,0	50,0	40,0	0,0	0,0	0,0	0,0	0,0	0,0
17.09.2026 10:59:28	15550,0	7450,0	4700,0	1850,0	1050,0	750,0	700,0	550,0	400,0	500,0	200,0	250,0	250,0	200,0	170,0	90,0	130,0	110,0	130,0	90,0	40,0	10,0	30,0	0,0	0,0	0,0	0,0	0,0	0,0	0,0	0,0
17.09.2026 10:59:34	14800,0	8700,0	4500,0	3350,0	1450,0	400,0	650,0	700,0	150,0	300,0	400,0	300,0	250,0	50,0	240,0	240,0	120,0	100,0	160,0	130,0	30,0	0,0	20,0	50,0	10,0	0,0	0,0	0,0	0,0	0,0	0,0
17.09.2026 10:59:40	13800,0	6550,0	3550,0	2800,0	1000,0	750,0	750,0	400,0	200,0	450,0	150,0	150,0	200,0	250,0	70,0	90,0	50,0	40,0	160,0	100,0	30,0	20,0	20,0	20,0	0,0	0,0	0,0	0,0	0,0	0,0	0,0
17.09.2026 10:59:46	13450,0	8700,0	5150,0	2900,0	900,0	400,0	650,0	250,0	500,0	500,0	250,0	250,0	250,0	350,0	160,0	150,0	120,0	230,0	170,0	30,0	30,0	0,0	0,0	0,0	10,0	0,0	0,0	0,0	0,0	0,0	0,0
17.09.2026 10:59:52	13850,0	8500,0	5150,0	2400,0	1200,0	250,0	550,0	500,0	200,0	550,0	250,0	200,0	100,0	150,0	150,0	210,0	150,0	90,0	170,0	50,0	60,0	20,0	30,0	20,0	0,0	0,0	0,0	0,0	0,0	0,0	0,0
17.09.2026 10:59:58	15200,0	6550,0	5150,0	2300,0	950,0	250,0	350,0	250,0	200,0	400,0	100,0	400,0	100,0	200,0	80,0	160,0	140,0	40,0	140,0	80,0	30,0	10,0	20,0	0,0	0,0	0,0	0,0	0,0	0,0	0,0	0,0
17.09.2026 11:00:04	14050,0	7750,0	4200,0	2200,0	950,0	800,0	300,0	200,0	200,0	400,0	100,0	100,0	50,0	200,0	180,0	170,0	60,0	100,0	140,0	80,0	40,0	10,0	10,0	10,0	0,0	0,0	0,0	0,0	0,0	0,0	0,0
17.09.2026 11:00:10	16200,0	8000,0	4900,0	3400,0	950,0	550,0	550,0	350,0	350,0	650,0	250,0	250,0	100,0	100,0	480,0	330,0	120,0	90,0	150,0	50,0	50,0	0,0	10,0	20,0	0,0	0,0	0,0	0,0	0,0	0,0	0,0
17.09.2026 11:00:16	14350,0	8250,0	5300,0	2150,0	800,0	350,0	650,0	550,0	250,0	200,0	200,0	350,0	0,0	150,0	50,0	40,0	130,0	50,0	160,0	100,0	30,0	0,0	20,0	20,0	0,0	0,0	0,0	0,0	0,0	0,0	0,0
17.09.2026 11:00:22	15500,0	8700,0	5300,0	2200,0	850,0	850,0	250,0	450,0	500,0	450,0	300,0	150,0	50,0	0,0	220,0	220,0	120,0	130,0	170,0	70,0	20,0	10,0	30,0	10,0	0,0	0,0	0,0	0,0	0,0	0,0	0,0
17.09.2026 11:00:28	13600,0	7350,0	4400,0	2950,0	800,0	400,0	800,0	350,0	250,0	200,0	250,0	100,0	200,0	50,0	40,0	0,0	110,0	60,0	260,0	100,0	30,0	10,0	30,0	10,0	0,0	0,0	0,0	0,0	0,0	0,0	0,0
17.09.2026 11:00:34	13850,0	8100,0	4350,0	2250,0	1250,0	350,0	600,0	400,0	200,0	450,0	0,0	0,0	150,0	150,0	150,0	160,0	110,0	100,0	130,0	40,0	10,0	0,0	0,0	0,0	0,0	0,0	0,0	0,0	0,0	0,0	0,0
17.09.2026 11:00:40	13150,0	8000,0	4500,0	2050,0	1100,0	650,0	550,0	300,0	100,0	800,0	100,0	250,0	0,0	200,0	330,0	270,0	140,0	70,0	120,0	80,0	90,0	10,0	20,0	10,0	10,0	0,0	0,0	0,0	0,0	0,0	0,0
17.09.2026 11:00:46	9300,0	5700,0	3950,0	2100,0	550,0	200,0	600,0	150,0	0,0	400,0	150,0	50,0	0,0	300,0	60,0	80,0	120,0	40,0	130,0	50,0	20,0	20,0	20,0	10,0	0,0	0,0	0,0	0,0	0,0	0,0	0,0
17.09.2026 11:00:52	9150,0	4800,0	2400,0	1500,0	600,0	600,0	600,0	150,0	50,0	200,0	300,0	50,0	200,0	100,0	0,0	0,0	0,0	0,0	10,0	30,0	50,0	0,0	0,0	0,0	10,0	0,0	0,0	0,0	0,0	0,0	0,0
17.09.2026 11:00:58	8150,0	5400,0	2200,0	1400,0	600,0	350,0	450,0	350,0	200,0	250,0	0,0	200,0	100,0	150,0	260,0	160,0	60,0	60,0	40,0	40,0	10,0	20,0	0,0	0,0	0,0	0,0	0,0	0,0	0,0	0,0	0,0
17.09.2026 11:01:04	9000,0	4100,0	2450,0	1400,0	300,0	150,0	150,0	100,0	150,0	50,0	100,0	100,0	100,0	50,0	90,0	110,0	70,0	30,0	80,0	40,0	20,0	10,0	0,0	0,0	0,0	0,0	0,0	0,0	0,0	0,0	0,0
17.09.2026 11:01:10	9150,0	4150,0	2700,0	1100,0	600,0	150,0	150,0	100,0	150,0	400,0	50,0	100,0	50,0	100,0	30,0	100,0	40,0	10,0	90,0	20,0	30,0	10,0	20,0	0,0	0,0	0,0	0,0	0,0	0,0	0,0	0,0
17.09.2026 11:01:16	6800,0	2800,0	1850,0	1050,0	350,0	100,0	200,0	100,0	50,0	100,0	50,0	50,0	0,0	50,0	0,0	0,0	0,0	50,0	50,0	70,0	40,0	10,0	20,0	10,0	0,0	0,0	0,0	0,0	0,0	0,0	0,0
17.09.2026 11:01:22	5850,0	3500,0	1400,0	800,0	300,0	300,0	350,0	200,0	50,0	350,0	50,0	100,0	0,0	50,0	0,0	0,0	0,0	60,0	60,0	0,0	0,0	0,0	10,0	10,0	10,0	0,0	0,0	0,0	0,0	0,0	0,0
17.09.2026 11:01:28	5850,0	2700,0	2100,0	1250,0	600,0	350,0	100,0	100,0	50,0	100,0	0,0	100,0	0,0	0,0	110,0	140,0	70,0	20,0	60,0	20,0	0,0	10,0	10,0	10,0	0,0	0,0	0,0	0,0	0,0	0,0	0,0
17.09.2026 11:01:34	3900,0	2250,0	1150,0	900,0	150,0	150,0	100,0	150,0	0,0	0,0	0,0	50,0	0,0	50,0	70,0	50,0	20,0	50,0	10,0	10,0	30,0	0,0	0,0	10,0	0,0	0,0	0,0	0,0	0,0	0,0	0,0
17.09.2026 11:01:40	4600,0	1200,0	1500,0	500,0	250,0	100,0	150,0	150,0	0,0	0,0	0,0	50,0	150,0	50,0	10,0	0,0	30,0	30,0	10,0	40,0	10,0	10,0	0,0	10,0	0,0	0,0	0,0	0,0	0,0	0,0	0,0
17.09.2026 11:01:46	3450,0	2400,0	1150,0	750,0	600,0	0,0	350,0	150,0	100,0	0,0	50,0	0,0	50,0	300,0	120,0	160,0	0,0	0,0	10,0	10,0	0,0	0,0	0,0	0,0	0,0	0,0	0,0	0,0	0,0	0,0	0,0
17.09.2026 11:01:52	3350,0	1650,0	1000,0	550,0	400,0	100,0	0,0	50,0	0,0	150,0	100,0	50,0	0,0	0,0	0,0	0,0	0,0	0,0	50,0	20,0	10,0	0,0	0,0	10,0	0,0	0,0	0,0	10,0	0,0	0,0	0,0
17.09.2026 11:01:58	2750,0	1650,0	600,0	450,0	250,0	0,0	50,0	50,0	0,0	100,0	50,0	50,0	0,0	0,0	50,0	10,0	40,0	10,0	30,0	10,0	0,0	0,0	0,0	0,0	0,0	0,0	0,0	0,0	0,0	0,0	0,0
17.09.2026 11:02:04	2800,0	1150,0	750,0	250,0	250,0	50,0	50,0	50,0	0,0	0,0	50,0	50,0	0,0	0,0	30,0	0,0	20,0	30,0	40,0	20,0	0,0	0,0	10,0	0,0	0,0	0,0	0,0	0,0	0,0	0,0	0,0
17.09.2026 11:02:10	2400,0	1050,0	650,0	450,0	100,0	0,0	50,0	50,0	100,0	50,0	50,0	0,0	0,0	50,0	0,0	0,0	0,0	0,0	30,0	20,0	0,0	0,0	0,0	0,0	0,0	0,0	0,0	0,0	0,0	0,0	0,0
17.09.2026 11:02:16	3100,0	850,0	600,0	250,0	50,0	50,0	100,0	0,0	50,0	50,0	0,0	0,0	50,0	0,0	40,0	40,0	10,0	10,0	10,0	20,0	0,0	10,0	0,0	10,0	0,0	0,0	0,0	0,0	0,0	0,0	0,0
17.09.2026 11:02:22	2600,0	800,0	900,0	350,0	150,0	100,0	150,0	150,0	0,0	150,0	0,0	50,0	50,0	50,0	40,0	20,0	20,0	20,0	30,0	20,0	0,0	0,0	0,0	0,0	0,0	0,0	0,0	0,0	0,0	0,0	0,0
17.09.2026 11:02:28	2400,0	450,0	350,0	550,0	0,0	200,0	0,0	100,0	50,0	0,0	50,0	0,0	100,0	0,0	0,0	0,0	0,0	0,0	0,0	0,0	0,0	0,0	0,0	0,0	0,0	0,0	0,0	0,0	0,0	0,0	0,0
17.09.2026 11:02:34	1400,0	950,0	550,0	200,0	50,0	100,0	0,0	100,0	50,0	0,0	0,0	0,0	0,0	0,0	0,0	0,0	0,0	0,0	0,0	10,0	30,0	0,0	10,0	0,0	0,0	0,0	0,0	0,0	0,0	0,0	0,0
17.09.2026 11:02:40	1800,0	750,0	700,0	350,0	50,0	150,0	0,0	100,0	0,0	0,0	0,0	0,0	0,0	50,0	0,0	0,0	0,0	0,0	0,0	0,0	0,0	0,0	0,0	0,0	0,0	0,0	0,0	0,0	0,0	0,0	0,0
17.09.2026 11:02:46	1450,0	600,0	500,0	300,0	50,0	50,0	0,0	0,0	0,0	0,0	100,0	100,0	0,0	100,0	10,0	0,0	10,0	10,0	10,0	0,0	0,0	10,0	0,0	0,0	0,0	0,0	0,0	0,0	0,0	0,0	0,0
17.09.2026 11:02:52	1550,0	300,0	400,0	250,0	50,0	100,0	100,0	50,0	0,0	0,0	0,0	0,0	0,0	0,0	60,0	20,0	0,0	10,0	0,0	0,0	10,0	0,0	0,0	0,0	0,0	0,0	0,0	0,0	0,0	0,0	0,0
17.09.2026 11:02:58	850,0	900,0	100,0	150,0	100,0	50,0	0,0	0,0	0,0	50,0	0,0	0,0	0,0	0,0	20,0	0,0	0,0	10,0	10,0	10,0	0,0	0,0	0,0	0,0	0,0	0,0	0,0	0,0	0,0	0,0	0,0
17.09.2026 11:03:04	850,0	550,0	250,0	200,0	0,0	50,0	0,0	50,0	0,0	0,0	0,0	50,0	0,0	0,0	0,0	0,0	0,0	0,0	0,0	0,0	0,0	0,0	0,0	0,0	0,0	0,0	0,0	0,0	0,0	0,0	0,0
17.09.2026 11:03:10	1000,0	250,0	150,0	100,0	50,0	100,0	50,0	0,0	0,0	0,0	0,0	0,0	0,0	50,0	0,0	0,0	0,0	0,0	0,0	0,0	0,0	0,0	0,0	0,0	0,0	0,0	0,0	0,0	0,0	0,0	0,0
17.09.2026 11:03:16	800,0	500,0	300,0	100,0	0,0	0,0	50,0	150,0	0,0	100,0	0,0	0,0	0,0	0,0	0,0	10,0	10,0	0,0	20,0	10,0	0,0	0,0	0,0	0,0	0,0	0,0	0,0	0,0	0,0	0,0	0,0
17.09.2026 11:03:22	550,0	450,0	250,0	100,0	0,0	100,0	50,0	0,0	0,0	0,0	0,0	0,0	0,0	0,0	0,0	0,0	0,0	0,0	0,0	0,0	0,0	0,0	0,0	0,0	0,0	0,0	0,0	0,0	0,0	0,0	0,0
17.09.2026 11:03:28	550,0	200,0	250,0	100,0	200,0	0,0	0,0	0,0	100,0	0,0	0,0	0,0	0,0	0,0	50,0	0,0	0,0	0,0	0,0	0,0	0,0	0,0	0,0	0,0	0,0	0,0	0,0	0,0	0,0	0,0	0,0
17.09.2026 11:03:34	400,0	50,0	300,0	150,0	0,0	0,0	50,0	0,0	50,0	0,0	0,0	0,0	0,0	0,0	30,0	20,0	0,0	0,0	0,0	0,0	0,0	0,0	0,0	0,0	0,0	0,0	0,0	0,0	0,0	0,0	0,0
17.09.2026 11:03:40	400,0	350,0	200,0	50,0	50,0	0,0	0,0	0,0	0,0	0,0	0,0	0,0	0,0	0,0	0,0	20,0	10,0	0,0	10,0	10,0	0,0	0,0	0,0	0,0	0,0	0,0	0,0	0,0	0,0	0,0	0,0
17.09.2026 11:03:46	400,0	400,0	150,0	200,0	0,0	0,0	0,0	0,0	0,0	0,0	50,0	0,0	0,0	0,0	0,0	0,0	0,0	0,0	0,0	0,0	0,0	0,0	0,0	0,0	0,0	0,0	0,0	0,0	0,0	0,0	0,0
17.09.2026 11:03:52	400,0	100,0	200,0	50,0	0,0	0,0	0,0	0,0	50,0	50,0	0,0	0,0	50,0	0,0	0,0	0,0	0,0	0,0	0,0	0,0	0,0	0,0	0,0	0,0	0,0	0,0	0,0	0,0	0,0	0,0	0,0
17.09.2026 11:03:58	350,0	250,0	50,0	0,0	0,0	50,0	50,0	0,0	0,0	0,0	0,0	0,0	0,0	0,0	0,0	0,0	0,0	0,0	0,0	0,0	0,0	0,0	0,0	0,0	0,0	0,0	0,0	0,0	0,0	0,0	0,0
17.09.2026 11:04:04	250,0	150,0	250,0	50,0	50,0	50,0	0,0	0,0	0,0	150,0	0,0	0,0	0,0	0,0	10,0	30,0	10,0	0,0	0,0	0,0	0,0	0,0	0,0	0,0	0,0	0,0	0,0	0,0	0,0	0,0	0,0
17.09.2026 11:04:10	450,0	50,0	250,0	150,0	0,0	0,0	100,0	0,0	0,0	0,0	0,0	50,0	0,0	0,0	0,0	0,0	0,0	0,0	0,0	0,0	0,0	0,0	0,0	0,0	0,0	0,0	0,0	0,0	0,0	0,0	0,0
17.09.2026 11:04:16	100,0	50,0	50,0	0,0	0,0	0,0	0,0	0,0	0,0	0,0	0,0	0,0	0,0	0,0	0,0	0,0	0,0	0,0	0,0	0,0	0,0	0,0	0,0	0,0	0,0	0,0	0,0	0,0	0,0	0,0	0,0
17.09.2026 11:04:22	350,0	150,0	150,0	100,0	0,0	0,0	0,0	0,0	50,0	0,0	0,0	0,0	0,0	0,0	0,0	0,0	0,0	0,0	0,0	0,0	0,0	0,0	0,0	0,0	0,0	0,0	0,0	0,0	0,0	0,0	0,0
17.09.2026 11:04:28	150,0	100,0	100,0	50,0	0,0	50,0	0,0	0,0	0,0	0,0	0,0	0,0	50,0	0,0	10,0	10,0	20,0	10,0	0,0	0,0	0,0	0,0	0,0	0,0	0,0	0,0	0,0	0,0	0,0	0,0	0,0
17.09.2026 11:04:34	200,0	150,0	50,0	0,0	50,0	0,0	50,0	0,0	0,0	0,0	0,0	0,0	0,0	0,0	0,0	0,0	0,0	0,0	0,0	0,0	0,0	0,0	0,0	0,0	0,0	0,0	0,0	0,0	0,0	0,0	0,0
17.09.2026 11:04:40	200,0	150,0	100,0	0,0	50,0	0,0	50,0	0,0	0,0	0,0	0,0	0,0	0,0	0,0	0,0	0,0	0,0	0,0	0,0	0,0	0,0	0,0	0,0	0,0	0,0	0,0	0,0	0,0	0,0	0,0	0,0
17.09.2026 11:04:46	200,0	250,0	0,0	50,0	0,0	0,0	50,0	0,0	0,0	0,0	0,0	0,0	0,0	0,0	0,0	0,0	0,0	0,0	0,0	0,0	0,0	0,0	0,0	0,0	0,0	0,0	0,0	0,0	0,0	0,0	0,0
17.09.2026 11:04:52	150,0	50,0	0,0	100,0	0,0	0,0	0,0	0,0	50,0	0,0	0,0	0,0	0,0	0,0	0,0	0,0	0,0	0,0	0,0	0,0	0,0	0,0	0,0	0,0	0,0	0,0	0,0	0,0	0,0	0,0	0,0
17.09.2026 11:04:58	250,0	50,0	100,0	50,0	0,0	0,0	0,0	0,0	0,0	0,0	0,0	0,0	0,0	0,0	0,0	0,0	0,0	0,0	0,0	0,0	0,0	0,0	0,0	0,0	0,0	0,0	0,0	0,0	0,0	0,0	0,0
17.09.2026 11:05:04	150,0	100,0	100,0	0,0	0,0	0,0	0,0	0,0	0,0	0,0	0,0	0,0	0,0	0,0	0,0	0,0	0,0	0,0	0,0	0,0	0,0	0,0	0,0	0,0	0,0	0,0	0,0	0,0	0,0	0,0	0,0
17.09.2026 11:05:10	150,0	150,0	0,0	0,0	0,0	0,0	0,0	0,0	0,0	0,0	0,0	0,0	0,0	0,0	0,0	0,0	0,0	0,0	0,0	0,0	0,0	0,0	0,0	0,0	0,0	0,0	0,0	0,0	0,0	0,0	0,0
17.09.2026 11:05:16	150,0	100,0	0,0	0,0	0,0	50,0	0,0	0,0	0,0	0,0	0,0	0,0	0,0	0,0	0,0	0,0	0,0	0,0	0,0	0,0	0,0	0,0	0,0	0,0	0,0	0,0	0,0	0,0	0,0	0,0	0,0
17.09.2026 11:05:22	50,0	100,0	50,0	50,0	0,0	0,0	0,0	0,0	0,0	0,0	0,0	0,0	0,0	0,0	0,0	0,0	0,0	0,0	0,0	0,0	0,0	0,0	0,0	0,0	0,0	0,0	0,0	0,0	0,0	0,0	0,0
17.09.2026 11:05:28	50,0	50,0	50,0	0,0	0,0	0,0	0,0	50,0	0,0	0,0	0,0	0,0	0,0	0,0	0,0	0,0	0,0	0,0	0,0	0,0	0,0	0,0	0,0	0,0	0,0	0,0	0,0	0,0	0,0	0,0	0,0
17.09.2026 11:05:34	0,0	0,0	50,0	0,0	0,0	0,0	0,0	0,0	0,0	0,0	0,0	0,0	0,0	0,0	0,0	0,0	0,0	0,0	0,0	0,0	0,0	0,0	0,0	0,0	0,0	0,0	0,0	0,0	0,0	0,0	0,0
17.09.2026 11:05:40	50,0	100,0	0,0	0,0	0,0	0,0	0,0	0,0	0,0	0,0	0,0	0,0	0,0	0,0	0,0	0,0	0,0	0,0	0,0	0,0	0,0	0,0	0,0	0,0	0,0	0,0	0,0	0,0	0,0	0,0	0,0
17.09.2026 11:05:46	50,0	50,0	0,0	0,0	0,0	0,0	0,0	0,0	0,0	0,0	0,0	0,0	0,0	0,0	0,0	0,0	0,0	0,0	0,0	0,0	0,0	0,0	0,0	0,0	0,0	0,0	0,0	0,0	0,0	0,0	0,0
17.09.2026 11:05:52	100,0	0,0	0,0	50,0	0,0	0,0	0,0	0,0	0,0	0,0	0,0	50,0	0,0	0,0	0,0	0,0	0,0	0,0	0,0	0,0	0,0	0,0	0,0	0,0	0,0	0,0	0,0	0,0	0,0	0,0	0,0
17.09.2026 11:05:58	100,0	100,0	100,0	50,0	0,0	0,0	0,0	50,0	0,0	0,0	0,0	0,0	0,0	0,0	30,0	20,0	0,0	0,0	0,0	0,0	0,0	0,0	0,0	0,0	0,0	0,0	0,0	0,0	0,0	0,0	0,0
17.09.2026 11:06:04	200,0	0,0	0,0	0,0	0,0	0,0	0,0	0,0	0,0	0,0	0,0	0,0	0,0	50,0	0,0	0,0	0,0	0,0	0,0	0,0	0,0	0,0	0,0	0,0	0,0	0,0	0,0	0,0	0,0	0,0	0,0
17.09.2026 11:06:10	50,0	0,0	0,0	0,0	0,0	0,0	0,0	0,0	0,0	0,0	0,0	0,0	0,0	0,0	0,0	0,0	0,0	0,0	0,0	0,0	0,0	0,0	0,0	0,0	0,0	0,0	0,0	0,0	0,0	0,0	0,0
17.09.2026 11:06:16	50,0	0,0	0,0	50,0	0,0	0,0	0,0	0,0	0,0	0,0	0,0	0,0	0,0	0,0	0,0	0,0	0,0	0,0	0,0	0,0	0,0	0,0	0,0	0,0	0,0	0,0	0,0	0,0	0,0	0,0	0,0
17.09.2026 11:06:22	100,0	50,0	0,0	0,0	0,0	0,0	0,0	0,0	0,0	0,0	0,0	0,0	0,0	0,0	0,0	0,0	0,0	0,0	0,0	0,0	0,0	0,0	0,0	0,0	0,0	0,0	0,0	0,0	0,0	0,0	0,0
17.09.2026 11:06:28	0,0	100,0	0,0	0,0	0,0	0,0	50,0	0,0	0,0	0,0	0,0	0,0	0,0	0,0	0,0	0,0	0,0	0,0	0,0	0,0	0,0	0,0	0,0	0,0	0,0	0,0	0,0	0,0	0,0	0,0	0,0
17.09.2026 11:06:34	100,0	0,0	0,0	0,0	0,0	0,0	0,0	0,0	0,0	0,0	0,0	0,0	0,0	0,0	0,0	0,0	0,0	0,0	0,0	0,0	0,0	0,0	0,0	0,0	0,0	0,0	0,0	0,0	0,0	0,0	0,0
17.09.2026 11:06:40	0,0	0,0	0,0	0,0	0,0	0,0	0,0	0,0	0,0	0,0	0,0	0,0	0,0	0,0	0,0	0,0	0,0	0,0	0,0	0,0	0,0	0,0	0,0	0,0	0,0	0,0	0,0	0,0	0,0	0,0	0,0
17.09.2026 11:06:46	0,0	50,0	0,0	0,0	0,0	0,0	0,0	0,0	0,0	0,0	0,0	0,0	0,0	0,0	0,0	0,0	0,0	0,0	0,0	0,0	0,0	0,0	0,0	0,0	0,0	0,0	0,0	0,0	0,0	0,0	0,0
17.09.2026 11:06:52	50,0	0,0	50,0	0,0	0,0	0,0	0,0	0,0	0,0	0,0	0,0	0,0	0,0	0,0	0,0	0,0	0,0	0,0	0,0	0,0	0,0	0,0	0,0	0,0	0,0	0,0	0,0	0,0	0,0	0,0	0,0
17.09.2026 11:06:58	50,0	0,0	50,0	0,0	0,0	0,0	0,0	0,0	0,0	0,0	0,0	0,0	0,0	0,0	0,0	0,0	0,0	0,0	0,0	0,0	0,0	0,0	0,0	0,0	0,0	0,0	0,0	0,0	0,0	0,0	0,0
17.09.2026 11:07:04	0,0	50,0	0,0	100,0	0,0	0,0	0,0	0,0	0,0	0,0	0,0	0,0	0,0	0,0	0,0	0,0	0,0	0,0	0,0	0,0	0,0	0,0	0,0	0,0	0,0	0,0	0,0	0,0	0,0	0,0	0,0
17.09.2026 11:07:10	0,0	0,0	0,0	50,0	0,0	0,0	0,0	0,0	0,0	0,0	0,0	0,0	0,0	0,0	0,0	0,0	0,0	0,0	0,0	0,0	0,0	0,0	0,0	0,0	0,0	0,0	0,0	0,0	0,0	0,0	0,0
17.09.2026 11:07:16	0,0	50,0	0,0	0,0	0,0	0,0	0,0	0,0	0,0	0,0	0,0	0,0	0,0	0,0	0,0	0,0	0,0	0,0	0,0	0,0	0,0	0,0	0,0	0,0	0,0	0,0	0,0	0,0	0,0	0,0	0,0
17.09.2026 11:07:22	50,0	0,0	0,0	0,0	0,0	0,0	0,0	0,0	0,0	0,0	0,0	0,0	0,0	0,0	0,0	0,0	0,0	0,0	0,0	0,0	0,0	0,0	0,0	0,0	0,0	0,0	0,0	0,0	0,0	0,0	0,0
17.09.2026 11:07:28	0,0	0,0	0,0	50,0	0,0	0,0	0,0	0,0	0,0	0,0	0,0	0,0	0,0	0,0	0,0	0,0	0,0	0,0	0,0	0,0	0,0	0,0	0,0	0,0	0,0	0,0	0,0	0,0	0,0	0,0	0,0
17.09.2026 11:07:34	50,0	50,0	0,0	50,0	0,0	0,0	0,0	0,0	0,0	0,0	0,0	0,0	0,0	0,0	0,0	0,0	0,0	0,0	0,0	0,0	0,0	0,0	0,0	0,0	0,0	0,0	0,0	0,0	0,0	0,0	0,0
17.09.2026 11:07:40	0,0	0,0	0,0	0,0	0,0	0,0	0,0	0,0	0,0	0,0	0,0	0,0	0,0	0,0	0,0	0,0	0,0	0,0	0,0	0,0	0,0	0,0	0,0	0,0	0,0	0,0	0,0	0,0	0,0	0,0	0,0
17.09.2026 11:07:46	0,0	50,0	0,0	0,0	0,0	0,0	0,0	0,0	0,0	0,0	0,0	0,0	0,0	0,0	0,0	0,0	0,0	0,0	0,0	0,0	0,0	0,0	0,0	0,0	0,0	0,0	0,0	0,0	0,0	0,0	0,0
17.09.2026 11:07:52	50,0	0,0	0,0	0,0	0,0	0,0	0,0	0,0	0,0	0,0	0,0	0,0	0,0	0,0	0,0	0,0	0,0	0,0	0,0	0,0	0,0	0,0	0,0	0,0	0,0	0,0	0,0	0,0	0,0	0,0	0,0
17.09.2026 11:07:58	0,0	0,0	0,0	0,0	0,0	100,0	0,0	0,0	0,0	0,0	0,0	0,0	0,0	0,0	0,0	0,0	0,0	0,0	0,0	0,0	0,0	0,0	0,0	0,0	0,0	0,0	0,0	0,0	0,0	0,0	0,0
17.09.2026 11:08:04	50,0	0,0	0,0	0,0	0,0	0,0	0,0	0,0	0,0	0,0	0,0	0,0	0,0	0,0	0,0	0,0	0,0	0,0	0,0	0,0	0,0	0,0	0,0	0,0	0,0	0,0	0,0	0,0	0,0	0,0	0,0
17.09.2026 11:08:10	50,0	0,0	0,0	0,0	0,0	0,0	0,0	0,0	0,0	0,0	0,0	0,0	0,0	0,0	0,0	0,0	0,0	0,0	0,0	0,0	0,0	0,0	0,0	0,0	0,0	0,0	0,0	0,0	0,0	0,0	0,0
17.09.2026 11:08:16	50,0	0,0	0,0	0,0	0,0	0,0	0,0	0,0	0,0	0,0	0,0	0,0	0,0	0,0	0,0	0,0	0,0	0,0	0,0	0,0	0,0	0,0	0,0	0,0	0,0	0,0	0,0	0,0	0,0	0,0	0,0
17.09.2026 11:08:22	0,0	0,0	50,0	0,0	0,0	0,0	0,0	0,0	0,0	0,0	0,0	0,0	0,0	0,0	0,0	0,0	0,0	0,0	0,0	0,0	0,0	0,0	0,0	0,0	0,0	0,0	0,0	0,0	0,0	0,0	0,0
17.09.2026 11:08:28	50,0	0,0	0,0	0,0	0,0	0,0	0,0	0,0	0,0	0,0	0,0	0,0	0,0	0,0	0,0	0,0	0,0	0,0	0,0	0,0	0,0	0,0	0,0	0,0	0,0	0,0	0,0	0,0	0,0	0,0	0,0
17.09.2026 11:08:34	0,0	0,0	0,0	0,0	0,0	0,0	0,0	0,0	0,0	0,0	0,0	0,0	0,0	0,0	0,0	0,0	0,0	0,0	0,0	0,0	0,0	0,0	0,0	0,0	0,0	0,0	0,0	0,0	0,0	0,0	0,0
17.09.2026 11:08:40	0,0	50,0	50,0	0,0	50,0	50,0	50,0	50,0	0,0	0,0	0,0	0,0	0,0	0,0	0,0	0,0	0,0	0,0	0,0	0,0	0,0	0,0	0,0	0,0	0,0	0,0	0,0	0,0	0,0	0,0	0,0
17.09.2026 11:08:46	0,0	0,0	0,0	0,0	0,0	0,0	0,0	0,0	0,0	0,0	0,0	0,0	0,0	0,0	0,0	0,0	0,0	0,0	0,0	0,0	0,0	0,0	0,0	0,0	0,0	0,0	0,0	0,0	0,0	0,0	0,0
17.09.2026 11:08:52	50,0	0,0	0,0	0,0	50,0	0,0	0,0	0,0	0,0	0,0	0,0	0,0	0,0	0,0	0,0	0,0	0,0	0,0	0,0	0,0	0,0	0,0	0,0	0,0	0,0	0,0	0,0	0,0	0,0	0,0	0,0
17.09.2026 11:08:58	0,0	0,0	0,0	0,0	0,0	0,0	0,0	0,0	0,0	0,0	0,0	0,0	0,0	0,0	0,0	0,0	0,0	0,0	0,0	0,0	0,0	0,0	0,0	0,0	0,0	0,0	0,0	0,0	0,0	0,0	0,0
17.09.2026 11:09:04	0,0	0,0	0,0	0,0	0,0	0,0	0,0	0,0	0,0	0,0	0,0	0,0	0,0	0,0	0,0	0,0	0,0	0,0	0,0	0,0	0,0	0,0	0,0	0,0	0,0	0,0	0,0	0,0	0,0	0,0	0,0
17.09.2026 11:09:10	50,0	0,0	50,0	0,0	0,0	0,0	0,0	0,0	0,0	0,0	0,0	0,0	0,0	0,0	0,0	0,0	0,0	0,0	0,0	0,0	0,0	0,0	0,0	0,0	0,0	0,0	0,0	0,0	0,0	0,0	0,0
17.09.2026 11:09:16	50,0	0,0	100,0	0,0	50,0	50,0	0,0	0,0	0,0	100,0	0,0	0,0	0,0	0,0	30,0	20,0	0,0	0,0	0,0	0,0	0,0	0,0	0,0	0,0	0,0	0,0	0,0	0,0	0,0	0,0	0,0
17.09.2026 11:09:22	0,0	0,0	50,0	0,0	0,0	0,0	0,0	0,0	0,0	0,0	0,0	0,0	0,0	0,0	0,0	0,0	0,0	0,0	0,0	0,0	0,0	0,0	0,0	0,0	0,0	0,0	0,0	0,0	0,0	0,0	0,0
17.09.2026 11:09:28	0,0	0,0	0,0	0,0	50,0	0,0	0,0	0,0	0,0	0,0	0,0	0,0	0,0	0,0	0,0	0,0	0,0	0,0	0,0	0,0	0,0	0,0	0,0	0,0	0,0	0,0	0,0	0,0	0,0	0,0	0,0
17.09.2026 11:09:34	0,0	0,0	0,0	0,0	0,0	0,0	0,0	0,0	0,0	0,0	0,0	0,0	0,0	0,0	0,0	0,0	0,0	0,0	0,0	0,0	0,0	0,0	0,0	0,0	0,0	0,0	0,0	0,0	0,0	0,0	0,0
17.09.2026 11:09:40	0,0	50,0	0,0	0,0	0,0	0,0	0,0	0,0	0,0	0,0	0,0	0,0	0,0	0,0	0,0	0,0	0,0	0,0	0,0	0,0	0,0	0,0	0,0	0,0	0,0	0,0	0,0	0,0	0,0	0,0	0,0
17.09.2026 11:09:46	0,0	0,0	0,0	0,0	0,0	0,0	0,0	0,0	0,0	0,0	0,0	0,0	0,0	0,0	0,0	0,0	0,0	0,0	0,0	0,0	0,0	0,0	0,0	0,0	0,0	0,0	0,0	0,0	0,0	0,0	0,0
17.09.2026 11:09:52	0,0	0,0	0,0	0,0	0,0	0,0	0,0	0,0	0,0	0,0	0,0	0,0	0,0	0,0	0,0	0,0	0,0	0,0	0,0	0,0	0,0	0,0	0,0	0,0	0,0	0,0	0,0	0,0	0,0	0,0	0,0
17.09.2026 11:09:58	0,0	0,0	0,0	0,0	0,0	0,0	0,0	0,0	0,0	0,0	0,0	0,0	0,0	0,0	0,0	0,0	0,0	0,0	0,0	0,0	0,0	0,0	0,0	0,0	0,0	0,0	0,0	0,0	0,0	0,0	0,0
17.09.2026 11:10:04	0,0	0,0	0,0	0,0	0,0	0,0	0,0	0,0	0,0	0,0	0,0	0,0	0,0	0,0	0,0	0,0	0,0	0,0	0,0	0,0	0,0	0,0	0,0	0,0	0,0	0,0	0,0	0,0	0,0	0,0	0,0
17.09.2026 11:10:10	0,0	0,0	0,0	0,0	0,0	0,0	0,0	0,0	0,0	0,0	0,0	0,0	0,0	0,0	0,0	0,0	0,0	0,0	0,0	0,0	0,0	0,0	0,0	0,0	0,0	0,0	0,0	0,0	0,0	0,0	0,0
17.09.2026 11:10:16	0,0	0,0	0,0	0,0	0,0	0,0	0,0	0,0	0,0	0,0	0,0	0,0	0,0	0,0	0,0	0,0	0,0	0,0	0,0	0,0	0,0	0,0	0,0	0,0	0,0	0,0	0,0	0,0	0,0	0,0	0,0
17.09.2026 11:10:22	0,0	0,0	0,0	0,0	0,0	0,0	0,0	0,0	0,0	0,0	0,0	0,0	0,0	0,0	0,0	0,0	0,0	0,0	0,0	0,0	0,0	0,0	0,0	0,0	0,0	0,0	0,0	0,0	0,0	0,0	0,0
17.09.2026 11:10:28	50,0	0,0	0,0	0,0	0,0	0,0	0,0	0,0	0,0	0,0	0,0	0,0	0,0	0,0	0,0	0,0	0,0	0,0	0,0	0,0	0,0	0,0	0,0	0,0	0,0	0,0	0,0	0,0	0,0	0,0	0,0
17.09.2026 11:10:34	50,0	0,0	0,0	0,0	0,0	0,0	50,0	0,0	0,0	0,0	0,0	0,0	0,0	0,0	0,0	0,0	0,0	0,0	0,0	0,0	0,0	0,0	0,0	0,0	0,0	0,0	0,0	0,0	0,0	0,0	0,0
17.09.2026 11:10:40	0,0	0,0	50,0	0,0	0,0	0,0	0,0	0,0	0,0	0,0	0,0	0,0	0,0	0,0	0,0	0,0	0,0	0,0	0,0	0,0	0,0	0,0	0,0	0,0	0,0	0,0	0,0	0,0	0,0	0,0	0,0
17.09.2026 11:10:46	0,0	0,0	0,0	0,0	0,0	0,0	0,0	0,0	0,0	0,0	0,0	0,0	0,0	0,0	0,0	0,0	0,0	0,0	0,0	0,0	0,0	0,0	0,0	0,0	0,0	0,0	0,0	0,0	0,0	0,0	0,0
17.09.2026 11:10:52	0,0	0,0	0,0	0,0	0,0	0,0	0,0	0,0	0,0	0,0	0,0	0,0	0,0	0,0	0,0	0,0	0,0	0,0	0,0	0,0	0,0	0,0	0,0	0,0	0,0	0,0	0,0	0,0	0,0	0,0	0,0
17.09.2026 11:10:58	0,0	0,0	0,0	0,0	0,0	0,0	0,0	0,0	0,0	0,0	0,0	0,0	0,0	0,0	0,0	0,0	0,0	0,0	0,0	0,0	0,0	0,0	0,0	0,0	0,0	0,0	0,0	0,0	0,0	0,0	0,0
17.09.2026 11:11:04	0,0	50,0	0,0	0,0	0,0	0,0	0,0	0,0	0,0	0,0	0,0	0,0	0,0	0,0	50,0	0,0	0,0	0,0	0,0	0,0	0,0	0,0	0,0	0,0	0,0	0,0	0,0	0,0	0,0	0,0	0,0
17.09.2026 11:11:10	0,0	0,0	0,0	0,0	0,0	0,0	0,0	0,0	0,0	0,0	0,0	0,0	0,0	0,0	0,0	0,0	0,0	0,0	0,0	0,0	0,0	0,0	0,0	0,0	0,0	0,0	0,0	0,0	0,0	0,0	0,0
17.09.2026 11:11:16	50,0	50,0	0,0	0,0	0,0	0,0	0,0	0,0	0,0	0,0	0,0	0,0	0,0	0,0	30,0	20,0	0,0	0,0	0,0	0,0	0,0	0,0	0,0	0,0	0,0	0,0	0,0	0,0	0,0	0,0	0,0
17.09.2026 11:11:22	0,0	50,0	0,0	0,0	0,0	0,0	0,0	0,0	0,0	0,0	0,0	0,0	0,0	0,0	0,0	0,0	0,0	0,0	0,0	0,0	0,0	0,0	0,0	0,0	0,0	0,0	0,0	0,0	0,0	0,0	0,0
17.09.2026 11:11:28	0,0	0,0	0,0	0,0	0,0	0,0	0,0	0,0	0,0	0,0	0,0	0,0	0,0	0,0	0,0	0,0	0,0	0,0	0,0	0,0	0,0	0,0	0,0	0,0	0,0	0,0	0,0	0,0	0,0	0,0	0,0
17.09.2026 11:11:34	0,0	0,0	0,0	0,0	0,0	0,0	0,0	0,0	0,0	0,0	0,0	0,0	0,0	0,0	0,0	0,0	0,0	0,0	0,0	0,0	0,0	0,0	0,0	0,0	0,0	0,0	0,0	0,0	0,0	0,0	0,0
17.09.2026 11:11:40	0,0	0,0	0,0	0,0	0,0	0,0	0,0	0,0	0,0	0,0	0,0	0,0	0,0	0,0	0,0	0,0	0,0	0,0	0,0	0,0	0,0	0,0	0,0	0,0	0,0	0,0	0,0	0,0	0,0	0,0	0,0
17.09.2026 11:11:46	0,0	50,0	0,0	0,0	0,0	0,0	0,0	0,0	0,0	0,0	0,0	0,0	0,0	0,0	0,0	0,0	0,0	0,0	0,0	0,0	0,0	0,0	0,0	0,0	0,0	0,0	0,0	0,0	0,0	0,0	0,0
17.09.2026 11:11:52	0,0	0,0	0,0	0,0	0,0	0,0	0,0	0,0	0,0	0,0	0,0	0,0	0,0	0,0	0,0	0,0	0,0	0,0	0,0	0,0	0,0	0,0	0,0	0,0	0,0	0,0	0,0	0,0	0,0	0,0	0,0
17.09.2026 11:11:58	0,0	50,0	50,0	0,0	0,0	0,0	0,0	0,0	0,0	0,0	0,0	0,0	0,0	0,0	0,0	0,0	0,0	0,0	0,0	0,0	0,0	0,0	0,0	0,0	0,0	0,0	0,0	0,0	0,0	0,0	0,0
17.09.2026 11:12:04	0,0	0,0	0,0	0,0	0,0	0,0	0,0	0,0	0,0	0,0	0,0	0,0	0,0	0,0	0,0	0,0	0,0	0,0	0,0	0,0	0,0	0,0	0,0	0,0	0,0	0,0	0,0	0,0	0,0	0,0	0,0
17.09.2026 11:12:10	0,0	0,0	50,0	0,0	0,0	0,0	0,0	0,0	0,0	0,0	0,0	0,0	0,0	0,0	0,0	0,0	0,0	0,0	0,0	0,0	0,0	0,0	0,0	0,0	0,0	0,0	0,0	0,0	0,0	0,0	0,0
17.09.2026 11:12:16	0,0	0,0	0,0	0,0	0,0	0,0	0,0	0,0	0,0	0,0	0,0	0,0	0,0	0,0	0,0	0,0	0,0	0,0	0,0	0,0	0,0	0,0	0,0	0,0	0,0	0,0	0,0	0,0	0,0	0,0	0,0
17.09.2026 11:12:22	0,0	0,0	0,0	0,0	0,0	0,0	0,0	0,0	0,0	0,0	0,0	0,0	0,0	0,0	0,0	0,0	0,0	0,0	0,0	0,0	0,0	0,0	0,0	0,0	0,0	0,0	0,0	0,0	0,0	0,0	0,0
17.09.2026 11:12:28	0,0	0,0	0,0	0,0	0,0	0,0	0,0	0,0	0,0	0,0	0,0	0,0	0,0	0,0	0,0	0,0	0,0	0,0	0,0	0,0	0,0	0,0	0,0	0,0	0,0	0,0	0,0	0,0	0,0	0,0	0,0
17.09.2026 11:12:34	0,0	0,0	0,0	0,0	0,0	0,0	50,0	0,0	0,0	0,0	0,0	0,0	0,0	0,0	0,0	0,0	0,0	0,0	0,0	0,0	0,0	0,0	0,0	0,0	0,0	0,0	0,0	0,0	0,0	0,0	0,0
17.09.2026 11:12:40	0,0	0,0	0,0	0,0	0,0	0,0	0,0	0,0	0,0	0,0	0,0	0,0	0,0	0,0	0,0	0,0	0,0	0,0	0,0	0,0	0,0	0,0	0,0	0,0	0,0	0,0	0,0	0,0	0,0	0,0	0,0
17.09.2026 11:12:46	0,0	0,0	0,0	0,0	0,0	0,0	0,0	0,0	0,0	0,0	0,0	0,0	0,0	0,0	0,0	0,0	0,0	0,0	0,0	0,0	0,0	0,0	0,0	0,0	0,0	0,0	0,0	0,0	0,0	0,0	0,0
17.09.2026 11:12:52	0,0	0,0	0,0	0,0	0,0	0,0	0,0	0,0	0,0	0,0	0,0	0,0	0,0	0,0	0,0	0,0	0,0	0,0	0,0	0,0	0,0	0,0	0,0	0,0	0,0	0,0	0,0	0,0	0,0	0,0	0,0
17.09.2026 11:12:58	0,0	50,0	0,0	0,0	0,0	0,0	0,0	0,0	0,0	0,0	0,0	0,0	0,0	0,0	0,0	0,0	0,0	0,0	0,0	0,0	0,0	0,0	0,0	0,0	0,0	0,0	0,0	0,0	0,0	0,0	0,0
17.09.2026 11:13:04	0,0	0,0	0,0	0,0	0,0	0,0	0,0	0,0	0,0	0,0	0,0	0,0	0,0	0,0	0,0	0,0	0,0	0,0	0,0	0,0	0,0	0,0	0,0	0,0	0,0	0,0	0,0	0,0	0,0	0,0	0,0
17.09.2026 11:13:10	0,0	50,0	0,0	0,0	0,0	0,0	0,0	0,0	0,0	0,0	0,0	0,0	0,0	0,0	0,0	0,0	0,0	0,0	0,0	0,0	0,0	0,0	0,0	0,0	0,0	0,0	0,0	0,0	0,0	0,0	0,0
17.09.2026 11:13:16	0,0	0,0	0,0	0,0	0,0	0,0	0,0	0,0	0,0	0,0	0,0	0,0	0,0	0,0	0,0	0,0	0,0	0,0	0,0	0,0	0,0	0,0	0,0	0,0	0,0	0,0	0,0	0,0	0,0	0,0	0,0
17.09.2026 11:13:22	0,0	0,0	0,0	0,0	50,0	0,0	0,0	0,0	0,0	0,0	0,0	0,0	0,0	0,0	0,0	0,0	0,0	0,0	0,0	0,0	0,0	0,0	0,0	0,0	0,0	0,0	0,0	0,0	0,0	0,0	0,0
17.09.2026 11:13:28	50,0	0,0	0,0	0,0	50,0	0,0	0,0	0,0	0,0	0,0	0,0	0,0	0,0	0,0	0,0	0,0	0,0	0,0	0,0	0,0	0,0	0,0	0,0	0,0	0,0	0,0	0,0	0,0	0,0	0,0	0,0
17.09.2026 11:13:34	0,0	0,0	0,0	0,0	0,0	0,0	0,0	0,0	0,0	0,0	0,0	0,0	0,0	0,0	0,0	0,0	0,0	0,0	0,0	0,0	0,0	0,0	0,0	0,0	0,0	0,0	0,0	0,0	0,0	0,0	0,0
17.09.2026 11:13:40	0,0	0,0	0,0	0,0	0,0	0,0	0,0	0,0	0,0	0,0	0,0	0,0	0,0	0,0	0,0	0,0	0,0	0,0	0,0	0,0	0,0	0,0	0,0	0,0	0,0	0,0	0,0	0,0	0,0	0,0	0,0
17.09.2026 11:13:46	0,0	0,0	0,0	0,0	0,0	0,0	0,0	0,0	0,0	0,0	0,0	0,0	0,0	0,0	0,0	0,0	0,0	0,0	0,0	0,0	0,0	0,0	0,0	0,0	0,0	0,0	0,0	0,0	0,0	0,0	0,0
17.09.2026 11:13:52	0,0	0,0	0,0	0,0	0,0	0,0	0,0	0,0	0,0	0,0	0,0	0,0	0,0	0,0	0,0	0,0	0,0	0,0	0,0	0,0	0,0	0,0	0,0	0,0	0,0	0,0	0,0	0,0	0,0	0,0	0,0
17.09.2026 11:13:58	0,0	0,0	0,0	0,0	0,0	0,0	0,0	0,0	0,0	0,0	0,0	0,0	0,0	0,0	0,0	0,0	0,0	0,0	0,0	0,0	0,0	0,0	0,0	0,0	0,0	0,0	0,0	0,0	0,0	0,0	0,0
17.09.2026 11:14:04	0,0	50,0	0,0	0,0	0,0	0,0	0,0	0,0	0,0	0,0	0,0	0,0	0,0	0,0	0,0	0,0	0,0	0,0	0,0	0,0	0,0	0,0	0,0	0,0	0,0	0,0	0,0	0,0	0,0	0,0	0,0
17.09.2026 11:14:10	0,0	0,0	0,0	0,0	0,0	0,0	0,0	0,0	0,0	0,0	0,0	0,0	0,0	0,0	0,0	0,0	0,0	0,0	0,0	0,0	0,0	0,0	0,0	0,0	0,0	0,0	0,0	0,0	0,0	0,0	0,0
17.09.2026 11:14:16	150,0	0,0	0,0	0,0	0,0	0,0	0,0	0,0	0,0	0,0	0,0	0,0	0,0	0,0	0,0	0,0	0,0	0,0	0,0	0,0	0,0	0,0	0,0	0,0	0,0	0,0	0,0	0,0	0,0	0,0	0,0
17.09.2026 11:14:22	0,0	0,0	0,0	0,0	0,0	0,0	0,0	0,0	0,0	0,0	0,0	0,0	0,0	0,0	0,0	0,0	0,0	0,0	0,0	0,0	0,0	0,0	0,0	0,0	0,0	0,0	0,0	0,0	0,0	0,0	0,0
17.09.2026 11:14:28	0,0	0,0	0,0	0,0	0,0	0,0	0,0	0,0	0,0	0,0	0,0	0,0	0,0	0,0	0,0	0,0	0,0	0,0	0,0	0,0	0,0	0,0	0,0	0,0	0,0	0,0	0,0	0,0	0,0	0,0	0,0
17.09.2026 11:14:34	0,0	0,0	0,0	0,0	0,0	0,0	0,0	0,0	0,0	0,0	0,0	0,0	0,0	0,0	0,0	0,0	0,0	0,0	0,0	0,0	0,0	0,0	0,0	0,0	0,0	0,0	0,0	0,0	0,0	0,0	0,0
17.09.2026 11:14:40	50,0	0,0	50,0	0,0	0,0	0,0	0,0	0,0	0,0	0,0	0,0	0,0	0,0	0,0	0,0	0,0	0,0	0,0	0,0	0,0	0,0	0,0	0,0	0,0	0,0	0,0	0,0	0,0	0,0	0,0	0,0
17.09.2026 11:14:46	0,0	0,0	0,0	0,0	0,0	0,0	0,0	0,0	0,0	0,0	0,0	0,0	0,0	0,0	0,0	0,0	0,0	0,0	0,0	0,0	0,0	0,0	0,0	0,0	0,0	0,0	0,0	0,0	0,0	0,0	0,0
17.09.2026 11:14:52	300,0	100,0	0,0	0,0	0,0	0,0	0,0	0,0	0,0	50,0	0,0	0,0	0,0	0,0	30,0	20,0	0,0	0,0	0,0	0,0	0,0	0,0	0,0	0,0	0,0	0,0	0,0	0,0	0,0	0,0	0,0
17.09.2026 11:14:58	250,0	100,0	0,0	100,0	0,0	50,0	0,0	100,0	0,0	0,0	50,0	0,0	0,0	0,0	0,0	0,0	0,0	0,0	0,0	0,0	0,0	0,0	0,0	0,0	0,0	0,0	0,0	0,0	0,0	0,0	0,0
17.09.2026 11:15:04	100,0	50,0	150,0	50,0	0,0	0,0	0,0	0,0	0,0	50,0	0,0	50,0	0,0	0,0	0,0	0,0	0,0	0,0	0,0	0,0	0,0	0,0	0,0	0,0	0,0	0,0	0,0	0,0	0,0	0,0	0,0
17.09.2026 11:15:10	450,0	250,0	200,0	150,0	100,0	150,0	100,0	0,0	0,0	150,0	0,0	0,0	0,0	0,0	20,0	30,0	0,0	10,0	20,0	0,0	0,0	0,0	20,0	0,0	0,0	0,0	0,0	0,0	0,0	0,0	0,0
17.09.2026 11:15:16	1250,0	450,0	100,0	200,0	100,0	50,0	150,0	0,0	100,0	100,0	50,0	50,0	0,0	0,0	10,0	60,0	20,0	0,0	20,0	10,0	0,0	20,0	0,0	0,0	0,0	0,0	0,0	10,0	0,0	0,0	0,0
17.09.2026 11:15:22	450,0	350,0	200,0	400,0	50,0	150,0	200,0	150,0	0,0	0,0	0,0	0,0	0,0	0,0	10,0	0,0	0,0	0,0	10,0	10,0	0,0	0,0	20,0	0,0	0,0	0,0	0,0	0,0	0,0	0,0	0,0
17.09.2026 11:15:28	500,0	100,0	400,0	100,0	150,0	100,0	0,0	0,0	50,0	150,0	0,0	50,0	0,0	0,0	80,0	80,0	10,0	10,0	0,0	0,0	0,0	10,0	0,0	10,0	0,0	0,0	0,0	0,0	0,0	0,0	0,0
17.09.2026 11:15:34	500,0	350,0	200,0	200,0	350,0	150,0	100,0	200,0	50,0	200,0	0,0	100,0	0,0	0,0	40,0	50,0	0,0	0,0	0,0	20,0	40,0	10,0	20,0	20,0	0,0	0,0	0,0	0,0	0,0	0,0	0,0
17.09.2026 11:15:40	400,0	250,0	300,0	150,0	100,0	50,0	200,0	50,0	0,0	100,0	50,0	150,0	50,0	50,0	20,0	60,0	10,0	20,0	0,0	0,0	0,0	0,0	0,0	0,0	0,0	30,0	10,0	0,0	0,0	0,0	0,0
17.09.2026 11:15:46	550,0	300,0	150,0	350,0	150,0	0,0	100,0	100,0	100,0	50,0	100,0	0,0	0,0	50,0	70,0	70,0	10,0	0,0	30,0	30,0	0,0	0,0	0,0	10,0	30,0	0,0	0,0	0,0	0,0	0,0	0,0
17.09.2026 11:15:52	500,0	300,0	400,0	350,0	100,0	150,0	50,0	0,0	50,0	150,0	50,0	0,0	0,0	50,0	70,0	80,0	0,0	10,0	10,0	10,0	10,0	10,0	0,0	0,0	0,0	0,0	0,0	0,0	0,0	0,0	0,0
17.09.2026 11:15:58	350,0	300,0	100,0	100,0	150,0	300,0	50,0	50,0	0,0	50,0	0,0	200,0	0,0	0,0	0,0	0,0	0,0	10,0	20,0	40,0	10,0	0,0	0,0	20,0	0,0	0,0	0,0	0,0	0,0	0,0	0,0
17.09.2026 11:16:04	400,0	500,0	450,0	500,0	400,0	100,0	0,0	100,0	150,0	250,0	0,0	100,0	0,0	0,0	120,0	90,0	10,0	0,0	20,0	0,0	0,0	0,0	0,0	0,0	0,0	10,0	0,0	0,0	0,0	0,0	0,0
17.09.2026 11:16:10	400,0	150,0	250,0	150,0	350,0	200,0	100,0	350,0	100,0	300,0	0,0	0,0	50,0	50,0	70,0	30,0	10,0	10,0	0,0	20,0	0,0	20,0	20,0	0,0	20,0	0,0	0,0	0,0	0,0	0,0	0,0
17.09.2026 11:16:16	450,0	300,0	200,0	150,0	250,0	50,0	100,0	150,0	0,0	50,0	50,0	0,0	50,0	0,0	30,0	30,0	10,0	0,0	10,0	0,0	0,0	0,0	0,0	0,0	0,0	20,0	0,0	0,0	0,0	0,0	0,0
17.09.2026 11:16:22	550,0	250,0	250,0	300,0	100,0	100,0	150,0	200,0	100,0	50,0	50,0	0,0	50,0	0,0	50,0	50,0	20,0	0,0	30,0	30,0	10,0	0,0	0,0	0,0	10,0	0,0	0,0	0,0	0,0	0,0	0,0
17.09.2026 11:16:28	650,0	250,0	200,0	250,0	200,0	50,0	150,0	150,0	0,0	100,0	50,0	50,0	50,0	50,0	0,0	0,0	10,0	20,0	20,0	0,0	0,0	0,0	0,0	0,0	0,0	0,0	0,0	0,0	0,0	0,0	0,0
17.09.2026 11:16:34	500,0	250,0	300,0	200,0	200,0	250,0	0,0	150,0	100,0	50,0	0,0	0,0	0,0	0,0	20,0	0,0	0,0	0,0	10,0	20,0	0,0	0,0	0,0	0,0	0,0	0,0	0,0	0,0	0,0	0,0	0,0
17.09.2026 11:16:40	650,0	400,0	300,0	300,0	200,0	150,0	100,0	100,0	50,0	100,0	50,0	50,0	0,0	0,0	60,0	20,0	30,0	10,0	30,0	0,0	0,0	0,0	0,0	0,0	0,0	0,0	0,0	0,0	0,0	0,0	0,0
17.09.2026 11:16:46	900,0	500,0	100,0	100,0	150,0	100,0	50,0	150,0	50,0	0,0	0,0	0,0	0,0	50,0	40,0	70,0	10,0	30,0	10,0	10,0	0,0	0,0	10,0	20,0	0,0	0,0	0,0	0,0	0,0	0,0	0,0
17.09.2026 11:16:52	650,0	400,0	200,0	100,0	250,0	50,0	50,0	0,0	100,0	150,0	0,0	0,0	0,0	0,0	30,0	60,0	0,0	10,0	20,0	20,0	0,0	10,0	0,0	0,0	0,0	0,0	0,0	0,0	0,0	0,0	0,0
17.09.2026 11:16:58	400,0	150,0	350,0	100,0	100,0	0,0	50,0	100,0	0,0	100,0	0,0	50,0	0,0	0,0	0,0	0,0	0,0	0,0	20,0	20,0	10,0	10,0	0,0	10,0	10,0	0,0	10,0	0,0	10,0	0,0	0,0
17.09.2026 11:17:04	450,0	100,0	150,0	200,0	100,0	0,0	50,0	50,0	0,0	100,0	0,0	50,0	0,0	50,0	0,0	0,0	0,0	0,0	0,0	0,0	0,0	0,0	0,0	0,0	0,0	0,0	0,0	0,0	0,0	0,0	0,0
17.09.2026 11:17:10	500,0	350,0	200,0	350,0	50,0	200,0	100,0	0,0	50,0	0,0	0,0	0,0	50,0	0,0	100,0	10,0	10,0	0,0	20,0	10,0	0,0	0,0	0,0	0,0	0,0	0,0	0,0	0,0	0,0	0,0	0,0
17.09.2026 11:17:16	600,0	250,0	350,0	200,0	150,0	100,0	0,0	150,0	50,0	0,0	0,0	0,0	0,0	0,0	50,0	10,0	0,0	10,0	10,0	10,0	0,0	0,0	10,0	0,0	0,0	0,0	0,0	0,0	0,0	0,0	0,0
17.09.2026 11:17:22	350,0	300,0	350,0	450,0	150,0	50,0	50,0	50,0	0,0	150,0	0,0	0,0	0,0	0,0	0,0	0,0	0,0	10,0	10,0	10,0	0,0	10,0	10,0	0,0	0,0	0,0	0,0	0,0	0,0	0,0	0,0
17.09.2026 11:17:28	250,0	500,0	100,0	50,0	150,0	0,0	250,0	50,0	50,0	0,0	0,0	0,0	50,0	50,0	0,0	0,0	0,0	0,0	0,0	0,0	0,0	0,0	0,0	0,0	0,0	0,0	0,0	0,0	0,0	0,0	0,0
17.09.2026 11:17:34	800,0	150,0	300,0	100,0	50,0	100,0	0,0	50,0	50,0	50,0	100,0	0,0	0,0	100,0	80,0	40,0	0,0	0,0	10,0	0,0	0,0	10,0	0,0	10,0	0,0	0,0	0,0	0,0	0,0	0,0	0,0
17.09.2026 11:17:40	650,0	400,0	250,0	250,0	100,0	100,0	150,0	100,0	0,0	50,0	0,0	100,0	0,0	0,0	0,0	0,0	0,0	0,0	0,0	0,0	0,0	0,0	0,0	0,0	0,0	0,0	0,0	0,0	0,0	0,0	0,0
17.09.2026 11:17:46	550,0	200,0	50,0	250,0	0,0	150,0	0,0	0,0	0,0	50,0	50,0	0,0	100,0	50,0	0,0	0,0	0,0	0,0	0,0	0,0	0,0	0,0	0,0	0,0	0,0	0,0	0,0	0,0	0,0	0,0	0,0
17.09.2026 11:17:52	500,0	150,0	150,0	200,0	100,0	50,0	50,0	200,0	0,0	0,0	0,0	0,0	0,0	50,0	0,0	0,0	0,0	30,0	10,0	0,0	10,0	0,0	0,0	0,0	0,0	0,0	0,0	0,0	0,0	0,0	0,0
17.09.2026 11:17:58	650,0	250,0	200,0	250,0	100,0	0,0	100,0	0,0	50,0	100,0	0,0	50,0	0,0	0,0	0,0	0,0	0,0	0,0	0,0	0,0	0,0	0,0	0,0	0,0	0,0	0,0	0,0	0,0	0,0	0,0	0,0
17.09.2026 11:18:04	500,0	0,0	350,0	200,0	250,0	0,0	150,0	0,0	50,0	250,0	0,0	0,0	0,0	50,0	80,0	70,0	10,0	0,0	0,0	0,0	10,0	0,0	10,0	0,0	10,0	0,0	0,0	0,0	0,0	10,0	0,0
17.09.2026 11:18:10	500,0	250,0	200,0	50,0	200,0	150,0	150,0	50,0	0,0	100,0	0,0	50,0	0,0	0,0	0,0	0,0	0,0	10,0	0,0	20,0	10,0	0,0	10,0	0,0	0,0	0,0	0,0	0,0	0,0	0,0	0,0
17.09.2026 11:18:16	300,0	50,0	100,0	0,0	100,0	100,0	50,0	100,0	0,0	0,0	0,0	0,0	0,0	50,0	0,0	0,0	0,0	0,0	40,0	0,0	10,0	0,0	0,0	0,0	0,0	0,0	0,0	0,0	0,0	0,0	0,0
17.09.2026 11:18:22	400,0	350,0	300,0	250,0	50,0	0,0	0,0	150,0	100,0	150,0	0,0	0,0	50,0	0,0	10,0	40,0	0,0	0,0	20,0	0,0	0,0	20,0	0,0	10,0	0,0	0,0	0,0	0,0	0,0	0,0	0,0
17.09.2026 11:18:28	300,0	200,0	100,0	150,0	50,0	150,0	50,0	50,0	100,0	0,0	0,0	0,0	0,0	0,0	0,0	0,0	0,0	0,0	0,0	0,0	0,0	0,0	0,0	0,0	0,0	0,0	0,0	0,0	0,0	0,0	0,0
17.09.2026 11:18:34	550,0	250,0	150,0	150,0	0,0	0,0	50,0	50,0	0,0	50,0	50,0	0,0	0,0	0,0	10,0	20,0	10,0	0,0	0,0	10,0	0,0	0,0	0,0	0,0	0,0	0,0	0,0	0,0	0,0	0,0	0,0
17.09.2026 11:18:40	500,0	500,0	150,0	250,0	50,0	0,0	100,0	50,0	0,0	0,0	100,0	0,0	0,0	0,0	40,0	0,0	0,0	0,0	0,0	0,0	0,0	0,0	10,0	0,0	0,0	0,0	0,0	0,0	0,0	0,0	0,0
17.09.2026 11:18:46	900,0	350,0	150,0	150,0	0,0	50,0	50,0	100,0	0,0	0,0	200,0	50,0	0,0	0,0	0,0	0,0	0,0	0,0	0,0	0,0	0,0	0,0	0,0	0,0	0,0	0,0	0,0	0,0	0,0	0,0	0,0
17.09.2026 11:18:52	300,0	150,0	200,0	100,0	300,0	100,0	50,0	50,0	50,0	100,0	0,0	0,0	0,0	0,0	20,0	70,0	10,0	20,0	10,0	0,0	0,0	0,0	10,0	10,0	0,0	0,0	0,0	0,0	0,0	0,0	0,0
17.09.2026 11:18:58	450,0	200,0	250,0	100,0	300,0	0,0	150,0	50,0	50,0	150,0	50,0	150,0	0,0	50,0	60,0	10,0	0,0	0,0	20,0	10,0	0,0	0,0	0,0	0,0	0,0	0,0	0,0	0,0	0,0	0,0	0,0
17.09.2026 11:19:04	650,0	350,0	150,0	150,0	250,0	100,0	100,0	150,0	50,0	100,0	50,0	0,0	0,0	0,0	50,0	10,0	30,0	0,0	0,0	0,0	0,0	0,0	10,0	0,0	0,0	0,0	0,0	0,0	0,0	0,0	0,0
17.09.2026 11:19:10	700,0	150,0	100,0	150,0	50,0	0,0	0,0	100,0	0,0	100,0	0,0	50,0	0,0	0,0	0,0	0,0	0,0	0,0	30,0	0,0	10,0	0,0	0,0	10,0	0,0	0,0	0,0	0,0	0,0	0,0	0,0
17.09.2026 11:19:16	550,0	150,0	150,0	50,0	50,0	0,0	100,0	50,0	0,0	0,0	50,0	0,0	0,0	0,0	20,0	20,0	10,0	10,0	20,0	0,0	0,0	20,0	0,0	0,0	0,0	0,0	0,0	0,0	0,0	0,0	0,0
17.09.2026 11:19:22	550,0	250,0	200,0	200,0	100,0	0,0	50,0	350,0	50,0	100,0	0,0	0,0	0,0	0,0	100,0	100,0	10,0	20,0	0,0	10,0	0,0	0,0	10,0	0,0	0,0	0,0	0,0	0,0	0,0	0,0	0,0
17.09.2026 11:19:28	450,0	250,0	150,0	50,0	0,0	50,0	0,0	100,0	0,0	0,0	0,0	0,0	0,0	50,0	0,0	0,0	0,0	0,0	0,0	0,0	0,0	0,0	0,0	0,0	0,0	0,0	0,0	0,0	0,0	0,0	0,0
17.09.2026 11:19:34	400,0	150,0	150,0	300,0	50,0	50,0	100,0	100,0	0,0	50,0	100,0	0,0	0,0	0,0	10,0	0,0	0,0	0,0	10,0	20,0	10,0	0,0	0,0	0,0	0,0	0,0	0,0	0,0	0,0	0,0	0,0
17.09.2026 11:19:40	250,0	150,0	100,0	100,0	100,0	0,0	100,0	100,0	0,0	50,0	0,0	0,0	0,0	0,0	0,0	0,0	0,0	0,0	0,0	0,0	0,0	0,0	0,0	0,0	0,0	0,0	0,0	0,0	0,0	0,0	0,0
17.09.2026 11:19:46	600,0	50,0	150,0	100,0	50,0	50,0	0,0	0,0	50,0	100,0	150,0	50,0	0,0	0,0	20,0	20,0	0,0	0,0	0,0	0,0	0,0	0,0	0,0	10,0	0,0	0,0	0,0	0,0	0,0	0,0	0,0
17.09.2026 11:19:52	600,0	300,0	150,0	200,0	200,0	50,0	0,0	0,0	0,0	0,0	0,0	50,0	100,0	0,0	10,0	20,0	0,0	10,0	0,0	0,0	0,0	0,0	0,0	0,0	10,0	0,0	0,0	0,0	0,0	0,0	0,0
17.09.2026 11:19:58	350,0	200,0	400,0	100,0	50,0	50,0	50,0	50,0	0,0	250,0	0,0	0,0	0,0	0,0	60,0	0,0	0,0	20,0	20,0	0,0	0,0	0,0	0,0	0,0	0,0	0,0	0,0	0,0	0,0	0,0	0,0
17.09.2026 11:20:04	350,0	350,0	250,0	100,0	150,0	100,0	250,0	50,0	0,0	0,0	0,0	0,0	0,0	50,0	90,0	40,0	10,0	0,0	30,0	10,0	10,0	10,0	0,0	0,0	0,0	0,0	0,0	0,0	0,0	0,0	0,0
17.09.2026 11:20:10	450,0	200,0	200,0	50,0	100,0	0,0	100,0	200,0	0,0	150,0	50,0	50,0	0,0	0,0	0,0	10,0	20,0	10,0	0,0	0,0	10,0	0,0	0,0	0,0	0,0	0,0	0,0	0,0	0,0	0,0	0,0
17.09.2026 11:20:16	600,0	350,0	200,0	100,0	100,0	100,0	100,0	0,0	0,0	50,0	0,0	50,0	0,0	0,0	100,0	0,0	10,0	0,0	0,0	30,0	0,0	10,0	0,0	0,0	0,0	0,0	0,0	0,0	0,0	0,0	0,0
17.09.2026 11:20:22	450,0	250,0	150,0	200,0	100,0	50,0	0,0	50,0	150,0	50,0	50,0	50,0	0,0	50,0	100,0	50,0	0,0	20,0	0,0	10,0	10,0	0,0	10,0	0,0	0,0	0,0	0,0	0,0	0,0	0,0	0,0
17.09.2026 11:20:28	550,0	100,0	300,0	200,0	150,0	50,0	150,0	50,0	50,0	200,0	0,0	50,0	0,0	100,0	80,0	20,0	10,0	30,0	20,0	0,0	0,0	10,0	30,0	0,0	0,0	0,0	0,0	0,0	0,0	0,0	0,0
17.09.2026 11:20:34	400,0	100,0	250,0	200,0	100,0	0,0	50,0	150,0	0,0	50,0	100,0	50,0	50,0	50,0	0,0	0,0	0,0	0,0	0,0	0,0	0,0	0,0	0,0	0,0	0,0	0,0	0,0	0,0	0,0	0,0	0,0
17.09.2026 11:20:40	400,0	100,0	150,0	200,0	250,0	50,0	100,0	50,0	0,0	50,0	50,0	0,0	50,0	0,0	0,0	10,0	0,0	10,0	0,0	10,0	0,0	0,0	20,0	0,0	0,0	0,0	0,0	0,0	0,0	0,0	0,0
17.09.2026 11:20:46	350,0	200,0	250,0	0,0	0,0	0,0	250,0	0,0	0,0	0,0	100,0	0,0	50,0	0,0	0,0	0,0	0,0	0,0	0,0	0,0	0,0	0,0	0,0	0,0	0,0	0,0	0,0	0,0	0,0	0,0	0,0
17.09.2026 11:20:52	500,0	50,0	300,0	50,0	200,0	100,0	50,0	0,0	50,0	150,0	50,0	0,0	0,0	0,0	50,0	60,0	0,0	0,0	10,0	0,0	10,0	0,0	20,0	0,0	0,0	0,0	0,0	0,0	0,0	0,0	0,0
17.09.2026 11:20:58	650,0	300,0	200,0	150,0	50,0	50,0	50,0	150,0	0,0	50,0	100,0	50,0	50,0	0,0	0,0	0,0	40,0	0,0	10,0	0,0	0,0	0,0	0,0	0,0	0,0	0,0	0,0	0,0	0,0	0,0	0,0
17.09.2026 11:21:04	450,0	150,0	50,0	50,0	50,0	0,0	0,0	100,0	0,0	150,0	50,0	150,0	0,0	0,0	0,0	0,0	0,0	0,0	0,0	0,0	0,0	0,0	0,0	0,0	0,0	0,0	0,0	0,0	0,0	0,0	0,0
17.09.2026 11:21:10	550,0	200,0	100,0	0,0	0,0	50,0	50,0	100,0	50,0	0,0	0,0	50,0	0,0	50,0	0,0	0,0	0,0	0,0	0,0	0,0	0,0	0,0	0,0	0,0	0,0	0,0	0,0	0,0	0,0	0,0	0,0
17.09.2026 11:21:16	350,0	200,0	250,0	100,0	150,0	50,0	0,0	150,0	50,0	50,0	0,0	100,0	0,0	50,0	50,0	20,0	10,0	10,0	0,0	0,0	0,0	0,0	0,0	0,0	0,0	0,0	0,0	10,0	0,0	0,0	0,0
17.09.2026 11:21:22	650,0	200,0	300,0	150,0	0,0	0,0	50,0	100,0	0,0	0,0	0,0	0,0	50,0	50,0	60,0	50,0	10,0	0,0	20,0	0,0	10,0	0,0	0,0	0,0	0,0	0,0	0,0	0,0	0,0	0,0	0,0
17.09.2026 11:21:28	300,0	150,0	200,0	200,0	150,0	0,0	100,0	0,0	100,0	150,0	0,0	0,0	50,0	0,0	0,0	10,0	0,0	10,0	10,0	10,0	0,0	10,0	0,0	0,0	0,0	0,0	0,0	0,0	0,0	0,0	0,0
17.09.2026 11:21:34	500,0	200,0	150,0	0,0	150,0	50,0	100,0	0,0	0,0	50,0	0,0	0,0	50,0	0,0	10,0	20,0	0,0	10,0	0,0	0,0	0,0	0,0	0,0	10,0	0,0	0,0	0,0	0,0	0,0	0,0	0,0
17.09.2026 11:21:40	650,0	350,0	300,0	50,0	100,0	0,0	50,0	150,0	50,0	0,0	50,0	0,0	0,0	50,0	20,0	30,0	10,0	0,0	10,0	20,0	0,0	0,0	0,0	0,0	10,0	0,0	0,0	0,0	0,0	0,0	0,0
17.09.2026 11:21:46	550,0	100,0	150,0	350,0	50,0	100,0	50,0	0,0	100,0	150,0	50,0	50,0	0,0	100,0	90,0	50,0	20,0	0,0	30,0	10,0	0,0	0,0	0,0	0,0	0,0	0,0	0,0	0,0	0,0	0,0	0,0
17.09.2026 11:21:52	350,0	100,0	100,0	150,0	100,0	0,0	0,0	0,0	50,0	0,0	50,0	50,0	50,0	50,0	20,0	20,0	10,0	0,0	0,0	0,0	0,0	0,0	0,0	0,0	0,0	0,0	0,0	0,0	0,0	0,0	0,0
17.09.2026 11:21:58	350,0	150,0	100,0	150,0	100,0	50,0	200,0	50,0	50,0	50,0	100,0	0,0	0,0	0,0	0,0	0,0	0,0	0,0	0,0	0,0	0,0	0,0	0,0	0,0	0,0	0,0	0,0	0,0	0,0	0,0	0,0
17.09.2026 11:22:04	350,0	250,0	100,0	50,0	100,0	100,0	0,0	0,0	0,0	100,0	0,0	0,0	100,0	0,0	30,0	0,0	0,0	0,0	0,0	0,0	10,0	0,0	10,0	0,0	0,0	0,0	0,0	0,0	0,0	0,0	0,0
17.09.2026 11:22:10	400,0	250,0	300,0	0,0	100,0	50,0	50,0	50,0	0,0	150,0	50,0	0,0	50,0	50,0	10,0	0,0	0,0	30,0	10,0	0,0	0,0	0,0	0,0	0,0	0,0	0,0	0,0	0,0	0,0	0,0	0,0
17.09.2026 11:22:16	100,0	350,0	200,0	100,0	100,0	0,0	0,0	200,0	50,0	0,0	0,0	0,0	0,0	0,0	0,0	0,0	0,0	0,0	0,0	0,0	0,0	0,0	0,0	0,0	0,0	0,0	0,0	0,0	0,0	0,0	0,0
17.09.2026 11:22:22	900,0	350,0	300,0	250,0	0,0	50,0	50,0	50,0	100,0	150,0	0,0	0,0	0,0	0,0	100,0	50,0	0,0	0,0	0,0	0,0	0,0	0,0	0,0	0,0	0,0	0,0	0,0	0,0	0,0	0,0	0,0
17.09.2026 11:22:28	650,0	250,0	300,0	100,0	0,0	0,0	0,0	0,0	0,0	0,0	0,0	0,0	50,0	0,0	10,0	10,0	10,0	0,0	20,0	0,0	0,0	0,0	0,0	0,0	0,0	0,0	0,0	0,0	0,0	0,0	0,0
17.09.2026 11:22:34	700,0	250,0	100,0	100,0	50,0	50,0	200,0	50,0	0,0	0,0	0,0	0,0	0,0	0,0	0,0	0,0	0,0	0,0	0,0	0,0	0,0	0,0	0,0	0,0	0,0	0,0	0,0	0,0	0,0	0,0	0,0
17.09.2026 11:22:40	250,0	250,0	150,0	100,0	200,0	50,0	50,0	150,0	0,0	200,0	0,0	50,0	0,0	0,0	10,0	50,0	0,0	10,0	10,0	10,0	0,0	0,0	0,0	10,0	0,0	0,0	0,0	0,0	0,0	0,0	0,0
17.09.2026 11:22:46	400,0	150,0	0,0	250,0	0,0	100,0	0,0	0,0	50,0	50,0	0,0	0,0	0,0	0,0	0,0	0,0	0,0	0,0	0,0	10,0	10,0	10,0	20,0	0,0	0,0	0,0	0,0	0,0	0,0	0,0	0,0
17.09.2026 11:22:52	700,0	450,0	200,0	250,0	0,0	100,0	50,0	50,0	0,0	0,0	50,0	0,0	0,0	50,0	110,0	50,0	0,0	0,0	10,0	10,0	10,0	10,0	0,0	0,0	0,0	0,0	0,0	0,0	0,0	0,0	0,0
17.09.2026 11:22:58	400,0	150,0	150,0	100,0	0,0	0,0	100,0	100,0	0,0	50,0	50,0	0,0	0,0	0,0	40,0	0,0	10,0	10,0	30,0	0,0	0,0	10,0	0,0	0,0	0,0	0,0	0,0	0,0	0,0	0,0	0,0
17.09.2026 11:23:04	350,0	150,0	300,0	150,0	50,0	50,0	150,0	0,0	50,0	50,0	0,0	50,0	0,0	0,0	10,0	30,0	0,0	0,0	0,0	10,0	0,0	0,0	0,0	0,0	0,0	0,0	0,0	0,0	0,0	0,0	0,0
17.09.2026 11:23:10	600,0	250,0	200,0	250,0	50,0	50,0	50,0	100,0	0,0	0,0	50,0	0,0	50,0	50,0	0,0	0,0	0,0	0,0	10,0	0,0	20,0	0,0	0,0	20,0	0,0	0,0	0,0	0,0	0,0	0,0	0,0
17.09.2026 11:23:16	750,0	250,0	150,0	100,0	150,0	0,0	100,0	0,0	50,0	150,0	50,0	50,0	50,0	0,0	90,0	40,0	10,0	20,0	0,0	30,0	10,0	0,0	0,0	0,0	0,0	0,0	0,0	0,0	0,0	0,0	0,0
17.09.2026 11:23:22	450,0	250,0	0,0	100,0	0,0	50,0	50,0	0,0	0,0	0,0	0,0	100,0	50,0	0,0	0,0	20,0	0,0	10,0	10,0	10,0	0,0	0,0	0,0	0,0	0,0	0,0	0,0	0,0	0,0	0,0	0,0
17.09.2026 11:23:28	300,0	200,0	250,0	0,0	100,0	0,0	50,0	100,0	50,0	0,0	0,0	0,0	0,0	50,0	10,0	30,0	0,0	0,0	0,0	10,0	0,0	0,0	0,0	0,0	0,0	0,0	0,0	0,0	0,0	0,0	0,0
17.09.2026 11:23:34	450,0	250,0	250,0	100,0	50,0	0,0	50,0	0,0	50,0	100,0	0,0	50,0	0,0	0,0	30,0	50,0	0,0	10,0	0,0	10,0	0,0	0,0	0,0	0,0	0,0	0,0	0,0	0,0	0,0	0,0	0,0
17.09.2026 11:23:40	700,0	150,0	250,0	100,0	50,0	100,0	0,0	50,0	50,0	50,0	0,0	100,0	0,0	0,0	40,0	30,0	10,0	0,0	10,0	10,0	0,0	0,0	0,0	0,0	0,0	0,0	0,0	0,0	0,0	0,0	0,0
17.09.2026 11:23:46	500,0	50,0	150,0	100,0	50,0	0,0	50,0	50,0	50,0	0,0	0,0	0,0	0,0	50,0	20,0	0,0	0,0	0,0	20,0	0,0	10,0	0,0	0,0	0,0	0,0	0,0	0,0	0,0	0,0	0,0	0,0
17.09.2026 11:23:52	550,0	200,0	50,0	50,0	100,0	0,0	50,0	50,0	0,0	50,0	50,0	50,0	0,0	50,0	0,0	0,0	0,0	0,0	0,0	0,0	0,0	0,0	0,0	0,0	0,0	0,0	0,0	0,0	0,0	0,0	0,0
17.09.2026 11:23:58	600,0	300,0	200,0	150,0	50,0	50,0	150,0	200,0	0,0	100,0	50,0	0,0	50,0	50,0	20,0	20,0	10,0	0,0	0,0	0,0	0,0	0,0	0,0	0,0	0,0	0,0	0,0	0,0	0,0	0,0	0,0
17.09.2026 11:24:04	350,0	150,0	350,0	150,0	150,0	0,0	0,0	0,0	0,0	0,0	0,0	0,0	0,0	0,0	20,0	0,0	0,0	0,0	0,0	0,0	10,0	10,0	10,0	0,0	0,0	0,0	0,0	0,0	0,0	0,0	0,0
17.09.2026 11:24:10	300,0	200,0	150,0	100,0	0,0	0,0	100,0	50,0	0,0	150,0	0,0	50,0	0,0	50,0	0,0	0,0	0,0	0,0	0,0	0,0	0,0	0,0	0,0	0,0	0,0	0,0	0,0	0,0	0,0	0,0	0,0
17.09.2026 11:24:16	350,0	300,0	200,0	250,0	50,0	100,0	150,0	50,0	150,0	50,0	50,0	0,0	0,0	0,0	20,0	30,0	40,0	10,0	0,0	0,0	0,0	0,0	0,0	0,0	0,0	0,0	0,0	0,0	0,0	0,0	0,0
17.09.2026 11:24:22	300,0	250,0	250,0	100,0	100,0	100,0	0,0	0,0	0,0	100,0	0,0	0,0	0,0	100,0	110,0	60,0	10,0	10,0	0,0	10,0	0,0	0,0	0,0	0,0	0,0	0,0	0,0	0,0	0,0	0,0	0,0
17.09.2026 11:24:28	600,0	200,0	0,0	100,0	50,0	0,0	50,0	100,0	0,0	0,0	0,0	50,0	0,0	0,0	0,0	0,0	0,0	0,0	0,0	0,0	0,0	0,0	0,0	0,0	0,0	0,0	0,0	0,0	0,0	0,0	0,0
17.09.2026 11:24:34	400,0	200,0	100,0	100,0	200,0	200,0	0,0	200,0	0,0	50,0	50,0	0,0	0,0	0,0	40,0	0,0	10,0	0,0	20,0	10,0	0,0	20,0	0,0	0,0	0,0	0,0	0,0	0,0	0,0	0,0	0,0
17.09.2026 11:24:40	300,0	250,0	50,0	100,0	0,0	0,0	100,0	0,0	0,0	0,0	0,0	50,0	0,0	0,0	0,0	0,0	0,0	0,0	0,0	0,0	0,0	0,0	0,0	0,0	0,0	0,0	0,0	0,0	0,0	0,0	0,0
17.09.2026 11:24:46	500,0	250,0	150,0	150,0	100,0	100,0	100,0	0,0	0,0	0,0	50,0	50,0	0,0	0,0	30,0	40,0	0,0	10,0	20,0	0,0	0,0	0,0	0,0	0,0	0,0	0,0	0,0	0,0	0,0	0,0	0,0
17.09.2026 11:24:52	450,0	450,0	150,0	100,0	50,0	50,0	50,0	50,0	0,0	150,0	0,0	0,0	50,0	50,0	0,0	20,0	20,0	0,0	0,0	0,0	0,0	0,0	10,0	0,0	0,0	0,0	0,0	0,0	0,0	0,0	0,0
17.09.2026 11:24:58	350,0	250,0	100,0	100,0	50,0	50,0	100,0	0,0	0,0	100,0	0,0	50,0	50,0	50,0	0,0	0,0	0,0	0,0	0,0	0,0	0,0	0,0	0,0	0,0	0,0	0,0	0,0	0,0	0,0	0,0	0,0
17.09.2026 11:25:04	400,0	100,0	50,0	150,0	50,0	50,0	0,0	0,0	0,0	0,0	50,0	0,0	0,0	50,0	0,0	0,0	0,0	0,0	0,0	0,0	0,0	0,0	0,0	0,0	0,0	0,0	0,0	0,0	0,0	0,0	0,0
17.09.2026 11:25:10	450,0	300,0	50,0	200,0	200,0	50,0	0,0	100,0	100,0	100,0	0,0	50,0	0,0	0,0	90,0	70,0	10,0	0,0	10,0	0,0	0,0	0,0	20,0	0,0	0,0	0,0	0,0	0,0	0,0	0,0	0,0
17.09.2026 11:25:16	350,0	300,0	150,0	200,0	150,0	150,0	50,0	0,0	50,0	50,0	50,0	0,0	0,0	0,0	0,0	20,0	20,0	0,0	0,0	10,0	0,0	0,0	0,0	0,0	0,0	0,0	0,0	0,0	0,0	0,0	0,0
17.09.2026 11:25:22	400,0	250,0	150,0	50,0	50,0	100,0	150,0	0,0	0,0	50,0	0,0	0,0	50,0	0,0	0,0	0,0	0,0	0,0	0,0	0,0	0,0	0,0	0,0	0,0	0,0	0,0	0,0	0,0	0,0	0,0	0,0
17.09.2026 11:25:28	450,0	250,0	350,0	100,0	100,0	0,0	150,0	100,0	0,0	0,0	50,0	0,0	0,0	50,0	10,0	20,0	0,0	0,0	10,0	10,0	0,0	0,0	0,0	0,0	0,0	0,0	0,0	0,0	0,0	0,0	0,0
17.09.2026 11:25:34	450,0	200,0	350,0	100,0	150,0	150,0	0,0	50,0	0,0	50,0	0,0	50,0	0,0	50,0	0,0	0,0	0,0	0,0	0,0	0,0	0,0	0,0	0,0	0,0	0,0	0,0	0,0	0,0	0,0	0,0	0,0
17.09.2026 11:25:40	350,0	200,0	300,0	0,0	100,0	100,0	50,0	100,0	50,0	0,0	0,0	100,0	0,0	50,0	10,0	10,0	10,0	0,0	0,0	10,0	10,0	0,0	0,0	0,0	0,0	0,0	0,0	0,0	0,0	0,0	0,0
17.09.2026 11:25:46	750,0	100,0	150,0	50,0	100,0	100,0	100,0	50,0	50,0	150,0	0,0	50,0	0,0	0,0	10,0	10,0	20,0	0,0	0,0	0,0	0,0	0,0	0,0	10,0	0,0	0,0	0,0	0,0	0,0	0,0	0,0
17.09.2026 11:25:52	550,0	50,0	200,0	100,0	50,0	0,0	0,0	0,0	0,0	150,0	50,0	0,0	0,0	0,0	0,0	20,0	10,0	0,0	10,0	10,0	0,0	0,0	0,0	0,0	0,0	0,0	0,0	0,0	0,0	0,0	0,0
17.09.2026 11:25:58	300,0	200,0	300,0	400,0	100,0	50,0	100,0	150,0	50,0	0,0	0,0	0,0	0,0	0,0	40,0	10,0	0,0	50,0	0,0	0,0	0,0	0,0	0,0	0,0	0,0	0,0	0,0	0,0	0,0	0,0	0,0
17.09.2026 11:26:04	700,0	250,0	300,0	200,0	50,0	0,0	0,0	100,0	0,0	100,0	0,0	0,0	0,0	50,0	10,0	30,0	0,0	10,0	10,0	30,0	0,0	10,0	0,0	0,0	0,0	0,0	0,0	0,0	0,0	0,0	0,0
17.09.2026 11:26:10	600,0	250,0	0,0	200,0	100,0	0,0	0,0	0,0	0,0	0,0	0,0	0,0	0,0	0,0	40,0	0,0	20,0	0,0	10,0	20,0	0,0	0,0	0,0	10,0	0,0	0,0	0,0	0,0	0,0	0,0	0,0
17.09.2026 11:26:16	400,0	350,0	100,0	50,0	50,0	0,0	50,0	0,0	50,0	50,0	0,0	0,0	0,0	0,0	0,0	0,0	0,0	0,0	0,0	0,0	0,0	0,0	0,0	0,0	0,0	0,0	0,0	0,0	0,0	0,0	0,0
17.09.2026 11:26:22	600,0	350,0	100,0	150,0	0,0	100,0	0,0	50,0	0,0	100,0	0,0	0,0	0,0	0,0	40,0	40,0	0,0	0,0	10,0	0,0	10,0	0,0	0,0	0,0	0,0	0,0	0,0	0,0	0,0	0,0	0,0
17.09.2026 11:26:28	500,0	350,0	250,0	50,0	50,0	50,0	0,0	100,0	100,0	100,0	0,0	0,0	0,0	0,0	70,0	40,0	10,0	10,0	0,0	10,0	0,0	0,0	10,0	0,0	0,0	0,0	0,0	0,0	0,0	0,0	0,0
17.09.2026 11:26:34	450,0	400,0	200,0	250,0	50,0	50,0	100,0	100,0	0,0	100,0	0,0	50,0	0,0	0,0	20,0	10,0	0,0	0,0	10,0	0,0	0,0	10,0	0,0	0,0	0,0	0,0	0,0	0,0	0,0	0,0	0,0
17.09.2026 11:26:40	450,0	400,0	300,0	100,0	50,0	50,0	150,0	150,0	50,0	0,0	0,0	0,0	0,0	0,0	0,0	10,0	10,0	0,0	10,0	20,0	0,0	0,0	0,0	0,0	0,0	0,0	0,0	0,0	0,0	0,0	0,0
17.09.2026 11:26:46	700,0	400,0	400,0	250,0	300,0	100,0	0,0	100,0	50,0	150,0	0,0	0,0	0,0	0,0	30,0	60,0	0,0	0,0	10,0	0,0	0,0	0,0	0,0	0,0	0,0	0,0	0,0	0,0	0,0	0,0	0,0
17.09.2026 11:26:52	450,0	350,0	200,0	200,0	100,0	150,0	200,0	0,0	0,0	0,0	0,0	0,0	0,0	0,0	0,0	20,0	10,0	0,0	0,0	20,0	0,0	0,0	0,0	0,0	0,0	0,0	0,0	0,0	0,0	0,0	0,0
17.09.2026 11:26:58	500,0	200,0	250,0	150,0	0,0	50,0	100,0	150,0	0,0	0,0	50,0	100,0	0,0	0,0	0,0	0,0	0,0	0,0	0,0	0,0	0,0	0,0	0,0	0,0	0,0	0,0	0,0	0,0	0,0	0,0	0,0
17.09.2026 11:27:04	350,0	100,0	50,0	100,0	0,0	0,0	150,0	250,0	100,0	0,0	0,0	50,0	0,0	0,0	0,0	0,0	0,0	0,0	0,0	0,0	0,0	0,0	0,0	0,0	0,0	0,0	0,0	0,0	0,0	0,0	0,0
17.09.2026 11:27:10	450,0	50,0	50,0	150,0	0,0	0,0	100,0	0,0	0,0	0,0	0,0	0,0	0,0	0,0	0,0	0,0	0,0	0,0	0,0	0,0	0,0	0,0	0,0	0,0	0,0	0,0	0,0	0,0	0,0	0,0	0,0
17.09.2026 11:27:16	850,0	200,0	100,0	300,0	50,0	50,0	0,0	50,0	0,0	0,0	0,0	0,0	50,0	50,0	30,0	20,0	10,0	20,0	10,0	0,0	0,0	0,0	10,0	0,0	0,0	0,0	0,0	0,0	0,0	0,0	0,0
17.09.2026 11:27:22	500,0	200,0	250,0	250,0	150,0	0,0	0,0	200,0	50,0	0,0	0,0	50,0	0,0	0,0	0,0	0,0	20,0	0,0	10,0	10,0	0,0	10,0	0,0	0,0	0,0	0,0	0,0	0,0	0,0	0,0	0,0
17.09.2026 11:27:28	500,0	150,0	50,0	150,0	0,0	50,0	50,0	50,0	0,0	0,0	50,0	50,0	0,0	0,0	60,0	0,0	10,0	10,0	10,0	10,0	0,0	0,0	0,0	0,0	0,0	0,0	0,0	0,0	0,0	0,0	0,0
17.09.2026 11:27:34	350,0	350,0	250,0	50,0	200,0	50,0	50,0	0,0	0,0	50,0	0,0	0,0	50,0	50,0	0,0	10,0	0,0	20,0	0,0	0,0	10,0	0,0	0,0	10,0	0,0	0,0	0,0	0,0	0,0	0,0	0,0
17.09.2026 11:27:40	350,0	300,0	150,0	100,0	50,0	0,0	0,0	0,0	0,0	0,0	0,0	0,0	0,0	0,0	0,0	0,0	0,0	0,0	0,0	0,0	0,0	0,0	0,0	0,0	0,0	0,0	0,0	0,0	0,0	0,0	0,0
17.09.2026 11:27:46	750,0	300,0	300,0	350,0	50,0	50,0	50,0	0,0	0,0	50,0	0,0	0,0	100,0	0,0	100,0	60,0	0,0	20,0	20,0	0,0	0,0	0,0	0,0	0,0	0,0	0,0	0,0	0,0	0,0	0,0	0,0
17.09.2026 11:27:52	900,0	300,0	150,0	250,0	50,0	100,0	50,0	50,0	200,0	150,0	0,0	0,0	100,0	150,0	120,0	80,0	20,0	10,0	10,0	0,0	0,0	10,0	0,0	0,0	0,0	0,0	0,0	0,0	0,0	0,0	0,0
17.09.2026 11:27:58	350,0	50,0	300,0	100,0	50,0	0,0	50,0	150,0	0,0	100,0	100,0	0,0	0,0	0,0	0,0	0,0	0,0	0,0	0,0	0,0	0,0	0,0	0,0	0,0	0,0	0,0	0,0	0,0	0,0	0,0	0,0
17.09.2026 11:28:04	450,0	250,0	50,0	100,0	200,0	50,0	100,0	0,0	150,0	50,0	0,0	0,0	50,0	0,0	0,0	0,0	0,0	0,0	0,0	0,0	0,0	0,0	0,0	0,0	0,0	0,0	0,0	0,0	0,0	0,0	0,0
17.09.2026 11:28:10	350,0	400,0	150,0	100,0	50,0	0,0	50,0	50,0	0,0	150,0	50,0	0,0	0,0	50,0	10,0	20,0	10,0	10,0	0,0	0,0	0,0	0,0	0,0	0,0	0,0	0,0	0,0	0,0	0,0	0,0	0,0
17.09.2026 11:28:16	200,0	200,0	200,0	150,0	150,0	0,0	50,0	0,0	0,0	150,0	0,0	0,0	0,0	0,0	0,0	20,0	0,0	10,0	10,0	0,0	0,0	10,0	0,0	0,0	0,0	0,0	0,0	0,0	0,0	0,0	0,0
17.09.2026 11:28:22	500,0	250,0	300,0	200,0	150,0	100,0	100,0	150,0	150,0	150,0	0,0	100,0	0,0	0,0	30,0	40,0	0,0	30,0	0,0	0,0	0,0	0,0	0,0	0,0	0,0	0,0	0,0	0,0	0,0	0,0	0,0
17.09.2026 11:28:28	600,0	350,0	100,0	250,0	0,0	50,0	0,0	0,0	50,0	50,0	50,0	100,0	0,0	50,0	0,0	0,0	0,0	0,0	0,0	0,0	0,0	0,0	0,0	0,0	0,0	0,0	0,0	0,0	0,0	0,0	0,0
17.09.2026 11:28:34	600,0	250,0	250,0	50,0	50,0	50,0	50,0	50,0	0,0	0,0	0,0	0,0	50,0	0,0	30,0	0,0	0,0	0,0	0,0	0,0	10,0	0,0	0,0	0,0	10,0	0,0	0,0	0,0	0,0	0,0	0,0
17.09.2026 11:28:40	3150,0	1000,0	1000,0	400,0	200,0	100,0	50,0	100,0	50,0	100,0	100,0	50,0	0,0	0,0	50,0	60,0	10,0	0,0	10,0	0,0	10,0	0,0	0,0	10,0	0,0	0,0	0,0	0,0	0,0	0,0	0,0
17.09.2026 11:28:46	3300,0	1800,0	1600,0	750,0	400,0	100,0	250,0	50,0	0,0	50,0	100,0	100,0	150,0	50,0	0,0	0,0	0,0	0,0	0,0	0,0	0,0	0,0	0,0	0,0	0,0	0,0	0,0	0,0	0,0	0,0	0,0
17.09.2026 11:28:52	6250,0	2750,0	1550,0	1200,0	400,0	150,0	450,0	150,0	0,0	100,0	0,0	0,0	100,0	0,0	80,0	20,0	30,0	10,0	0,0	0,0	0,0	10,0	0,0	0,0	0,0	0,0	0,0	0,0	0,0	0,0	0,0
17.09.2026 11:28:58	6600,0	3400,0	1600,0	950,0	450,0	0,0	200,0	150,0	50,0	100,0	50,0	100,0	0,0	100,0	10,0	20,0	10,0	0,0	10,0	0,0	0,0	0,0	0,0	0,0	0,0	0,0	0,0	0,0	0,0	0,0	0,0
17.09.2026 11:29:04	6800,0	4500,0	2250,0	1100,0	500,0	150,0	450,0	150,0	50,0	100,0	0,0	250,0	0,0	0,0	120,0	50,0	10,0	0,0	20,0	0,0	0,0	0,0	0,0	0,0	0,0	0,0	0,0	0,0	0,0	0,0	0,0
17.09.2026 11:29:10	6900,0	4250,0	2350,0	1200,0	600,0	250,0	350,0	350,0	100,0	100,0	50,0	0,0	0,0	100,0	0,0	0,0	0,0	0,0	0,0	0,0	0,0	0,0	0,0	0,0	0,0	0,0	0,0	0,0	0,0	0,0	0,0
17.09.2026 11:29:16	7750,0	3550,0	3050,0	1350,0	250,0	200,0	250,0	50,0	200,0	200,0	100,0	50,0	0,0	150,0	80,0	20,0	30,0	10,0	0,0	10,0	0,0	0,0	0,0	0,0	0,0	0,0	0,0	0,0	0,0	0,0	0,0
17.09.2026 11:29:22	9100,0	3050,0	2350,0	1250,0	450,0	200,0	0,0	150,0	0,0	150,0	100,0	50,0	50,0	50,0	10,0	20,0	0,0	10,0	10,0	0,0	0,0	0,0	0,0	0,0	0,0	0,0	0,0	0,0	0,0	0,0	0,0
17.09.2026 11:29:28	9300,0	3750,0	3550,0	950,0	450,0	200,0	200,0	200,0	50,0	300,0	50,0	150,0	0,0	0,0	0,0	0,0	20,0	10,0	0,0	10,0	0,0	0,0	0,0	0,0	10,0	0,0	0,0	0,0	0,0	0,0	0,0
17.09.2026 11:29:34	9250,0	4400,0	2500,0	1300,0	650,0	150,0	200,0	150,0	50,0	150,0	0,0	50,0	0,0	50,0	30,0	10,0	40,0	10,0	0,0	0,0	0,0	0,0	0,0	10,0	0,0	0,0	0,0	0,0	0,0	0,0	0,0
17.09.2026 11:29:40	9500,0	4050,0	2300,0	1850,0	750,0	250,0	350,0	450,0	100,0	150,0	250,0	50,0	200,0	0,0	230,0	20,0	20,0	10,0	40,0	40,0	10,0	10,0	10,0	0,0	10,0	0,0	0,0	0,0	0,0	0,0	0,0
17.09.2026 11:29:46	8250,0	4450,0	3150,0	1750,0	450,0	50,0	350,0	100,0	100,0	200,0	50,0	50,0	50,0	150,0	30,0	0,0	0,0	10,0	0,0	30,0	20,0	0,0	0,0	10,0	0,0	0,0	0,0	0,0	0,0	0,0	0,0
17.09.2026 11:29:52	9750,0	4050,0	2400,0	1300,0	600,0	200,0	300,0	150,0	250,0	300,0	50,0	250,0	100,0	50,0	50,0	30,0	30,0	10,0	10,0	10,0	10,0	10,0	0,0	20,0	10,0	10,0	0,0	0,0	0,0	0,0	0,0
17.09.2026 11:29:58	11850,0	7100,0	3750,0	1650,0	400,0	350,0	250,0	250,0	0,0	150,0	50,0	250,0	0,0	50,0	140,0	90,0	50,0	10,0	30,0	30,0	0,0	0,0	0,0	0,0	0,0	0,0	0,0	0,0	0,0	0,0	0,0
17.09.2026 11:30:04	10350,0	5050,0	3000,0	2100,0	450,0	250,0	150,0	350,0	0,0	50,0	100,0	150,0	0,0	250,0	0,0	20,0	0,0	20,0	30,0	10,0	10,0	0,0	0,0	0,0	10,0	0,0	0,0	0,0	0,0	0,0	0,0
17.09.2026 11:30:10	11700,0	5600,0	3550,0	1850,0	700,0	300,0	500,0	250,0	150,0	200,0	50,0	0,0	100,0	50,0	60,0	20,0	40,0	10,0	10,0	0,0	0,0	10,0	0,0	0,0	0,0	0,0	0,0	0,0	0,0	0,0	0,0
17.09.2026 11:30:16	11900,0	6750,0	3400,0	2100,0	600,0	350,0	350,0	200,0	100,0	200,0	0,0	250,0	0,0	50,0	0,0	0,0	0,0	0,0	0,0	10,0	10,0	10,0	0,0	0,0	10,0	0,0	10,0	0,0	0,0	0,0	0,0
17.09.2026 11:30:22	10550,0	5500,0	3100,0	1550,0	250,0	400,0	500,0	300,0	50,0	300,0	100,0	50,0	100,0	0,0	70,0	10,0	10,0	0,0	30,0	10,0	0,0	0,0	0,0	0,0	10,0	0,0	0,0	0,0	10,0	0,0	0,0
17.09.2026 11:30:28	11550,0	5350,0	4400,0	1700,0	600,0	200,0	550,0	350,0	50,0	250,0	300,0	100,0	0,0	0,0	0,0	20,0	10,0	10,0	20,0	10,0	10,0	0,0	0,0	20,0	0,0	0,0	0,0	0,0	0,0	0,0	0,0
17.09.2026 11:30:34	12350,0	6400,0	3700,0	2450,0	800,0	250,0	500,0	450,0	150,0	350,0	150,0	50,0	0,0	100,0	50,0	90,0	0,0	10,0	40,0	10,0	0,0	0,0	0,0	0,0	0,0	0,0	0,0	0,0	0,0	0,0	0,0
17.09.2026 11:30:40	11700,0	5900,0	2800,0	1850,0	700,0	250,0	700,0	150,0	100,0	50,0	100,0	50,0	0,0	100,0	0,0	0,0	0,0	20,0	0,0	10,0	0,0	0,0	0,0	10,0	0,0	0,0	0,0	0,0	0,0	0,0	10,0
17.09.2026 11:30:46	13050,0	5650,0	3350,0	2050,0	400,0	550,0	450,0	250,0	250,0	300,0	150,0	0,0	0,0	200,0	110,0	100,0	20,0	0,0	0,0	10,0	0,0	0,0	10,0	0,0	0,0	0,0	0,0	0,0	0,0	0,0	0,0
17.09.2026 11:30:52	10800,0	4400,0	3550,0	2350,0	650,0	200,0	300,0	150,0	150,0	150,0	0,0	50,0	0,0	0,0	130,0	90,0	20,0	20,0	20,0	10,0	0,0	10,0	0,0	0,0	0,0	0,0	0,0	0,0	0,0	0,0	0,0
17.09.2026 11:30:58	12300,0	6650,0	2950,0	1850,0	550,0	350,0	550,0	100,0	0,0	150,0	50,0	100,0	50,0	100,0	50,0	80,0	30,0	20,0	0,0	20,0	0,0	0,0	0,0	0,0	0,0	0,0	0,0	0,0	0,0	0,0	0,0
17.09.2026 11:31:04	12250,0	5650,0	3150,0	2100,0	600,0	350,0	400,0	350,0	100,0	150,0	100,0	200,0	100,0	100,0	10,0	20,0	20,0	10,0	20,0	10,0	0,0	0,0	10,0	0,0	0,0	0,0	0,0	0,0	0,0	0,0	0,0
17.09.2026 11:31:10	11200,0	5700,0	3600,0	1350,0	700,0	400,0	400,0	450,0	100,0	200,0	50,0	50,0	50,0	50,0	30,0	50,0	0,0	0,0	10,0	10,0	0,0	0,0	0,0	0,0	0,0	0,0	0,0	0,0	0,0	0,0	0,0
