<Header>
User name: 
Location: probe cabin
# of Location: 2
Model: 11-D
Serial No.: 11D20167
Firmware revision: 12.50E
Software revision: 1179-V2-10 (23-01-2023)
Unit: Mass fraction [ug/m3]
C-factor: 1,00
location factor: 1,00
Comment: participant test
online data
<Data>
[d&t31.12.2035 11:50:55]	TSP [ug/m3]	PM10 [ug/m3]	PM4 [ug/m3]	PM2,5 [ug/m3]	PM1 [ug/m3]	PMcoarse [ug/m3]	Inhalable [ug/m3]	Thoracic [ug/m3]	Respirable [ug/m3]	pm10-IAQ [ug/m3]	pm2,5-IAQ [ug/m3]	pm1-IAQ [ug/m3]
17.09.2026 10:47:38	3071,2	906,3	364,9	95,7	6,2	810,6	2127,1	1224,7	327,2	1072,2	72,2	4,9
17.09.2026 10:47:44	2598,1	922,9	341,6	79,0	6,6	843,8	2007,5	1293,4	323,7	1130,6	60,0	5,2
17.09.2026 10:47:50	3205,6	1027,1	369,4	82,3	5,1	944,8	2298,3	1384,8	346,0	1260,3	62,3	4,0
17.09.2026 10:47:56	3653,1	1061,8	402,2	101,4	5,7	960,4	2550,7	1462,2	362,2	1275,6	76,5	4,5
17.09.2026 10:48:02	2304,2	914,8	345,6	76,9	6,1	837,9	1773,9	1181,6	323,5	1110,0	58,3	4,8
17.09.2026 10:48:08	2436,3	961,0	339,7	79,4	5,3	881,6	1932,2	1298,8	310,9	1175,1	60,0	4,2
17.09.2026 10:48:14	2515,9	1028,0	362,3	81,6	5,5	946,4	1984,0	1345,4	337,7	1264,8	61,7	4,4
17.09.2026 10:48:20	3016,9	950,1	339,2	77,2	6,2	872,9	2011,3	1251,2	319,6	1169,6	58,6	4,9
17.09.2026 10:48:26	2600,1	972,3	335,4	82,4	5,7	889,9	1991,7	1297,1	313,7	1208,7	62,4	4,5
17.09.2026 10:48:32	2603,5	652,3	257,0	72,5	5,8	579,7	1738,2	939,4	231,0	781,8	54,7	4,5
17.09.2026 10:48:38	1899,8	745,2	229,6	45,3	4,7	700,0	1533,5	1028,2	227,0	954,9	34,5	3,7
17.09.2026 10:48:44	1834,3	813,4	303,9	70,5	5,2	742,8	1522,1	1076,1	279,9	985,9	53,4	4,1
17.09.2026 10:48:50	1570,5	858,7	310,7	69,2	5,9	789,5	1390,9	1065,5	289,4	1047,7	52,4	4,6
17.09.2026 10:48:56	2250,7	832,4	312,8	76,6	5,5	755,8	1724,0	1116,6	290,5	1011,6	58,0	4,4
17.09.2026 10:49:02	2712,3	860,2	317,9	72,8	5,6	787,4	1957,4	1170,7	296,4	1047,0	55,1	4,4
17.09.2026 10:49:08	2956,7	936,7	355,3	91,5	5,8	845,2	2107,0	1256,7	322,6	1131,1	69,1	4,5
17.09.2026 10:49:14	2362,6	716,3	257,6	60,0	5,3	656,3	1711,0	1006,5	242,8	880,3	45,5	4,2
17.09.2026 10:49:20	1989,7	735,9	280,4	73,2	5,6	662,7	1557,0	1019,4	255,9	887,3	55,3	4,4
17.09.2026 10:49:26	2611,0	758,6	278,4	72,3	5,3	686,3	1807,2	1041,9	256,6	927,7	54,7	4,2
17.09.2026 10:49:32	1473,7	697,3	259,4	62,3	5,5	635,0	1229,5	889,0	240,9	847,9	47,2	4,4
17.09.2026 10:49:38	1876,9	707,9	227,2	46,9	5,7	660,9	1467,1	973,1	217,1	888,9	35,8	4,5
17.09.2026 10:49:44	1826,9	752,7	270,0	63,8	5,7	688,8	1481,7	1013,6	251,1	921,4	48,4	4,5
17.09.2026 10:49:50	1861,3	711,3	244,1	50,3	5,7	661,0	1472,6	975,8	238,8	890,9	38,4	4,5
17.09.2026 10:49:56	2441,8	731,6	276,3	68,8	5,3	662,8	1672,6	961,1	254,5	886,8	52,0	4,2
17.09.2026 10:50:02	1951,3	707,9	258,6	60,1	5,2	647,8	1498,0	977,1	238,2	862,7	45,6	4,1
17.09.2026 10:50:08	1918,0	721,2	246,2	53,6	5,4	667,6	1489,5	972,0	232,7	894,3	40,7	4,3
17.09.2026 10:50:14	2385,8	751,4	287,6	76,6	5,5	674,9	1700,3	1017,8	265,0	912,9	57,9	4,3
17.09.2026 10:50:20	1844,6	634,7	223,2	51,8	4,8	582,9	1428,1	912,5	211,3	786,6	39,3	3,8
17.09.2026 10:50:26	1750,2	733,7	239,8	45,9	5,1	687,8	1444,0	996,6	234,2	924,9	35,0	4,0
17.09.2026 10:50:32	2244,8	768,7	249,2	55,4	5,4	713,4	1739,8	1106,9	241,0	973,8	42,1	4,3
17.09.2026 10:50:38	1591,0	690,2	228,5	54,8	5,3	635,4	1312,0	913,4	221,0	873,4	41,6	4,2
17.09.2026 10:50:44	3516,2	747,6	242,9	53,4	5,1	694,2	2093,0	1047,9	233,1	942,8	40,6	4,0
17.09.2026 10:50:50	1733,8	741,7	246,7	57,1	5,1	684,6	1428,5	995,7	234,3	930,9	43,3	4,0
17.09.2026 10:50:56	1776,8	597,2	221,7	53,2	4,8	544,0	1352,0	850,5	205,1	727,1	40,2	3,8
17.09.2026 10:51:02	2442,9	741,0	237,9	51,8	5,3	689,3	1748,3	1038,4	227,4	935,1	39,4	4,2
17.09.2026 10:51:08	1907,5	676,6	235,4	54,2	5,1	622,3	1452,6	922,3	220,9	836,1	41,1	4,0
17.09.2026 10:51:14	2116,9	647,2	223,3	48,8	4,5	598,4	1553,0	929,4	212,3	804,9	37,1	3,6
17.09.2026 10:51:20	1301,6	512,5	192,6	44,7	5,3	467,8	1029,6	688,9	183,1	627,5	34,1	4,2
17.09.2026 10:51:26	1597,0	535,3	215,9	54,4	4,6	480,9	1154,5	701,5	196,1	634,0	41,2	3,6
17.09.2026 10:51:32	1900,2	599,0	229,2	52,2	5,1	546,8	1288,7	762,3	217,5	729,2	39,6	4,1
17.09.2026 10:51:38	1539,1	654,0	244,9	64,6	5,5	589,4	1240,2	852,1	224,2	794,4	48,9	4,3
17.09.2026 10:51:44	1562,7	561,6	174,2	33,6	4,9	528,1	1153,3	726,9	168,6	709,0	25,6	3,9
17.09.2026 10:51:50	1836,4	500,0	207,5	55,1	5,1	444,9	1188,4	645,3	188,7	590,4	41,6	4,0
17.09.2026 10:51:56	844,6	457,0	175,4	42,3	4,7	414,7	739,6	564,3	161,2	549,2	32,1	3,7
17.09.2026 10:52:02	1125,3	475,1	174,1	42,4	4,7	432,7	890,7	605,0	161,3	579,6	32,1	3,8
17.09.2026 10:52:08	2196,3	540,5	210,2	55,6	5,1	484,9	1386,9	715,7	192,1	650,4	42,0	4,0
17.09.2026 10:52:14	1184,2	504,2	172,1	39,2	5,2	465,0	945,6	656,4	168,0	633,9	29,9	4,1
17.09.2026 10:52:20	1574,2	537,3	186,0	43,3	4,5	494,0	1207,3	764,6	177,6	670,2	33,0	3,6
17.09.2026 10:52:26	1516,5	517,3	198,1	49,2	4,6	468,1	1103,8	681,8	181,9	621,9	37,3	3,6
17.09.2026 10:52:32	1458,4	528,6	197,6	47,4	4,9	481,2	1137,2	741,1	179,4	635,6	35,9	3,9
17.09.2026 10:52:38	1421,0	532,1	179,9	38,9	4,5	493,2	1111,3	725,5	171,3	663,7	29,6	3,6
17.09.2026 10:52:44	1299,6	413,2	159,6	37,6	4,6	375,6	916,9	548,4	146,7	495,4	28,6	3,6
17.09.2026 10:52:50	2319,7	534,7	181,5	41,6	5,4	493,1	1473,6	753,6	170,3	662,5	31,6	4,3
17.09.2026 10:52:56	1880,6	490,1	168,7	34,3	4,8	455,8	1223,4	661,6	165,4	614,3	26,3	3,8
17.09.2026 10:53:02	2185,8	547,0	199,1	48,7	4,5	498,3	1430,0	763,9	185,5	670,1	36,9	3,5
17.09.2026 10:53:08	1857,6	547,1	201,1	49,7	4,6	497,4	1327,0	769,7	186,4	668,2	37,7	3,6
17.09.2026 10:53:14	1589,7	507,5	166,9	36,8	4,1	470,7	1157,7	703,8	157,7	634,4	28,0	3,3
17.09.2026 10:53:20	1420,8	467,3	189,5	48,9	4,8	418,4	1032,6	625,5	174,1	556,4	37,0	3,8
17.09.2026 10:53:26	1251,7	499,0	174,4	42,1	4,6	456,9	1004,4	678,9	163,3	616,0	32,0	3,6
17.09.2026 10:53:32	1466,0	419,1	152,2	38,0	4,0	381,0	1032,2	590,0	139,6	510,8	28,8	3,2
17.09.2026 10:53:38	997,8	484,7	173,6	38,0	4,0	446,7	857,8	634,0	161,9	593,2	28,9	3,2
17.09.2026 10:53:44	1205,5	412,3	160,8	35,8	4,1	376,5	903,2	564,7	152,2	498,6	27,2	3,3
17.09.2026 10:53:50	1545,7	465,5	186,9	48,1	4,7	417,5	1058,3	604,8	170,8	554,8	36,4	3,7
17.09.2026 10:53:56	1656,6	424,8	167,3	42,2	4,6	382,5	1051,7	553,4	154,0	508,6	32,0	3,7
17.09.2026 10:54:02	794,6	438,9	184,1	43,6	4,7	395,3	689,9	529,6	166,2	510,4	33,1	3,7
17.09.2026 10:54:08	1334,2	402,5	165,4	42,7	4,6	359,8	945,4	548,9	150,7	477,3	32,3	3,6
17.09.2026 10:54:14	1263,8	413,7	147,1	29,3	4,6	384,4	904,5	548,8	139,1	505,7	22,3	3,7
17.09.2026 10:54:20	1017,1	422,3	166,7	42,7	4,4	379,6	805,5	547,8	153,1	506,5	32,4	3,5
17.09.2026 10:54:26	836,3	414,4	167,7	44,4	4,3	369,9	698,0	512,8	153,7	496,3	33,6	3,4
17.09.2026 10:54:32	1248,7	417,3	167,3	44,9	4,3	372,4	839,7	507,1	149,4	493,0	34,0	3,4
17.09.2026 10:54:38	872,8	341,5	128,7	30,2	4,1	311,3	662,3	434,8	119,9	412,0	23,1	3,3
17.09.2026 10:54:44	815,9	343,7	137,3	35,3	4,6	308,4	638,5	434,3	125,4	407,7	26,8	3,6
17.09.2026 10:54:50	1100,2	397,4	169,5	44,0	5,0	353,4	800,7	508,1	152,7	463,2	33,3	3,9
17.09.2026 10:54:56	1293,5	447,6	150,3	39,0	4,4	408,6	990,8	623,8	144,5	565,4	29,6	3,5
17.09.2026 10:55:02	1161,6	387,8	144,6	29,9	4,5	357,8	880,4	545,1	139,8	475,7	22,9	3,6
17.09.2026 10:55:08	873,1	440,0	154,5	35,4	4,4	404,7	752,7	556,8	145,2	542,7	26,9	3,5
17.09.2026 10:55:14	793,5	372,2	142,7	35,5	4,3	336,6	653,8	467,6	129,3	444,3	27,0	3,4
17.09.2026 10:55:20	1315,6	380,3	131,0	31,6	4,4	348,6	958,0	559,0	123,5	472,4	24,1	3,5
17.09.2026 10:55:26	919,5	414,9	162,0	40,3	4,5	374,6	744,3	526,2	147,7	494,7	30,6	3,6
17.09.2026 10:55:32	971,9	439,3	185,0	49,1	4,3	390,2	781,8	550,2	167,3	515,9	37,2	3,4
17.09.2026 10:55:38	857,3	373,8	149,6	38,8	4,2	335,0	705,8	497,5	138,4	448,4	29,4	3,3
17.09.2026 10:55:44	761,4	408,0	153,8	38,8	4,4	369,1	662,6	500,5	142,7	495,6	29,5	3,5
17.09.2026 10:55:50	875,6	385,7	139,1	34,0	4,8	351,7	714,4	494,2	131,8	476,0	25,9	3,8
17.09.2026 10:55:56	1104,3	389,8	158,0	41,1	4,5	348,6	801,1	503,5	142,8	461,3	31,1	3,5
17.09.2026 10:56:02	788,9	368,0	144,3	35,1	4,5	332,9	643,0	456,9	134,1	442,2	26,7	3,6
17.09.2026 10:56:08	1047,2	391,3	145,6	34,4	4,8	356,9	795,5	516,2	134,6	474,5	26,2	3,8
17.09.2026 10:56:14	726,2	383,4	157,3	43,0	4,1	340,4	631,4	481,2	142,4	453,6	32,5	3,2
17.09.2026 10:56:20	1366,0	331,1	139,5	37,7	4,3	293,4	883,2	455,7	127,0	390,0	28,6	3,4
17.09.2026 10:56:26	893,1	300,8	126,9	32,7	3,9	268,1	620,2	373,1	114,2	349,6	24,8	3,1
17.09.2026 10:56:32	615,3	336,5	146,7	37,8	5,0	298,8	528,2	404,7	132,9	388,9	28,7	4,0
17.09.2026 10:56:38	1096,7	408,2	159,0	38,6	4,4	369,7	845,9	548,6	145,2	487,5	29,3	3,5
17.09.2026 10:56:44	1082,1	427,4	162,2	41,8	4,5	385,5	862,0	580,1	148,5	516,7	31,7	3,6
17.09.2026 10:56:50	934,5	380,1	153,5	40,3	4,5	339,8	727,6	487,1	138,4	448,9	30,5	3,6
17.09.2026 10:56:56	611,1	381,6	147,2	37,4	4,3	344,2	564,4	457,5	134,2	456,6	28,3	3,4
17.09.2026 10:57:02	873,0	396,9	169,6	46,1	4,4	350,8	695,1	488,1	152,3	464,1	34,9	3,5
17.09.2026 10:57:08	840,8	412,4	155,3	37,2	4,5	375,3	710,2	519,4	143,3	498,1	28,3	3,6
17.09.2026 10:57:14	1000,0	413,7	146,7	35,3	4,3	378,4	823,5	570,1	138,9	512,7	26,9	3,4
17.09.2026 10:57:20	775,9	376,3	140,8	33,3	4,7	343,0	657,3	479,1	133,3	460,4	25,4	3,7
17.09.2026 10:57:26	895,2	396,7	148,9	37,6	4,2	359,1	736,9	519,3	137,6	481,8	28,5	3,3
17.09.2026 10:57:32	526,9	357,9	159,3	43,3	4,6	314,6	484,9	406,2	142,1	409,9	32,8	3,6
17.09.2026 10:57:38	609,1	331,9	141,6	37,8	3,9	294,1	522,6	399,4	127,1	386,0	28,7	3,1
17.09.2026 10:57:44	686,0	326,4	128,3	33,4	4,3	293,1	578,0	420,5	118,1	393,2	25,3	3,4
17.09.2026 10:57:50	672,0	343,6	145,5	38,3	4,4	305,3	573,1	428,3	133,5	406,1	29,1	3,5
17.09.2026 10:57:56	590,4	350,0	147,2	37,3	4,4	312,7	529,0	420,8	133,5	408,9	28,3	3,5
17.09.2026 10:58:02	747,6	381,4	143,8	36,8	3,9	344,6	648,1	484,2	133,1	463,2	27,9	3,1
17.09.2026 10:58:08	807,7	354,6	140,7	31,6	4,2	323,0	645,6	445,7	127,6	417,1	24,0	3,4
17.09.2026 10:58:14	987,1	353,7	139,5	35,2	4,4	318,5	759,8	486,9	127,7	423,0	26,7	3,5
17.09.2026 10:58:20	495,0	318,5	149,1	39,5	4,3	279,0	445,7	365,8	131,1	356,5	29,9	3,4
17.09.2026 10:58:26	990,2	342,9	145,3	37,0	4,3	305,9	688,3	419,6	132,9	403,3	28,1	3,4
17.09.2026 10:58:32	732,7	322,9	135,3	36,1	4,1	286,8	579,2	401,3	124,1	381,4	27,4	3,3
17.09.2026 10:58:38	618,6	319,2	147,1	40,8	4,2	278,5	513,5	382,6	129,3	359,5	30,8	3,3
17.09.2026 10:58:44	901,0	390,4	160,1	45,0	3,8	345,4	729,9	508,2	145,5	463,3	34,0	3,0
17.09.2026 10:58:50	857,3	364,2	133,1	34,5	4,3	329,7	681,1	466,7	121,3	442,1	26,1	3,4
17.09.2026 10:58:56	763,5	334,5	142,0	36,6	4,1	297,9	602,0	416,5	129,8	391,9	27,8	3,3
17.09.2026 10:59:02	740,7	364,0	142,8	40,5	4,5	323,5	613,1	447,0	131,1	439,0	30,7	3,6
17.09.2026 10:59:08	561,2	351,6	145,1	40,6	4,5	311,0	515,8	418,2	130,8	413,9	30,7	3,5
17.09.2026 10:59:14	749,8	331,8	134,3	29,8	3,7	302,0	586,3	402,5	122,6	389,5	22,6	3,0
17.09.2026 10:59:20	605,8	345,9	149,3	40,5	4,7	305,4	534,5	418,2	134,8	401,9	30,7	3,7
17.09.2026 10:59:26	648,1	326,5	136,2	40,2	4,2	286,3	548,2	406,1	122,3	383,9	30,4	3,4
17.09.2026 10:59:32	529,6	310,7	131,3	30,6	3,8	280,1	472,1	370,9	121,6	365,8	23,3	3,0
17.09.2026 10:59:38	643,4	304,5	124,2	31,6	4,3	272,8	531,1	381,2	114,0	360,3	24,1	3,4
17.09.2026 10:59:44	555,7	361,4	152,7	37,7	4,1	323,7	509,8	419,7	137,3	419,7	28,6	3,3
17.09.2026 10:59:50	579,3	346,6	162,6	49,5	4,9	297,1	508,7	403,0	145,2	397,3	37,4	3,9
17.09.2026 10:59:56	512,5	283,5	120,8	29,8	4,0	253,8	452,2	350,0	113,8	336,5	22,7	3,2
17.09.2026 11:00:02	537,0	275,3	123,0	30,3	4,1	245,0	457,2	343,6	111,7	315,4	23,0	3,2
17.09.2026 11:00:08	528,6	324,8	130,8	35,2	3,4	289,6	481,0	388,0	118,4	385,8	26,7	2,7
17.09.2026 11:00:14	655,4	245,2	91,7	22,0	3,1	223,2	514,9	335,6	89,0	302,7	16,7	2,5
17.09.2026 11:00:20	627,3	272,2	108,3	23,1	3,2	249,1	494,7	340,8	99,8	321,7	17,6	2,6
17.09.2026 11:00:26	682,4	252,0	134,0	42,6	4,0	209,4	473,2	292,8	113,3	267,1	32,1	3,2
17.09.2026 11:00:32	476,2	220,6	80,2	20,2	3,2	200,3	406,3	294,6	74,8	269,4	15,4	2,5
17.09.2026 11:00:38	319,9	215,0	77,1	18,7	3,3	196,3	308,1	257,2	72,6	263,7	14,2	2,6
17.09.2026 11:00:44	309,4	158,1	72,1	20,5	2,3	137,6	257,7	192,2	62,1	176,7	15,5	1,8
17.09.2026 11:00:50	539,3	181,6	70,8	18,1	2,8	163,5	364,2	218,3	65,4	217,8	13,8	2,2
17.09.2026 11:00:56	534,7	153,1	58,1	13,1	2,1	140,0	376,1	214,4	54,8	184,3	10,0	1,6
17.09.2026 11:01:02	541,3	161,6	73,1	22,4	2,1	139,1	369,8	208,0	63,6	183,9	16,9	1,7
17.09.2026 11:01:08	224,4	147,0	73,8	21,9	2,1	125,2	197,9	163,1	63,2	159,8	16,5	1,7
17.09.2026 11:01:14	160,6	114,0	55,1	14,7	1,7	99,3	149,8	128,0	48,7	126,8	11,2	1,4
17.09.2026 11:01:20	140,8	103,3	47,7	14,9	1,5	88,4	135,6	117,2	43,1	120,0	11,3	1,2
17.09.2026 11:01:26	150,9	85,4	31,2	7,5	1,6	77,8	142,1	112,7	33,1	109,0	5,8	1,2
17.09.2026 11:01:32	170,3	108,1	54,8	16,7	1,4	91,4	149,3	121,1	47,6	118,6	12,6	1,1
17.09.2026 11:01:38	112,2	90,1	41,8	11,3	1,2	78,8	110,5	99,1	37,5	102,6	8,6	1,0
17.09.2026 11:01:44	125,5	65,8	28,0	7,0	1,0	58,9	106,6	80,5	25,3	76,0	5,3	0,8
17.09.2026 11:01:50	116,4	79,6	31,1	8,2	1,0	71,4	110,8	93,1	28,5	95,2	6,2	0,8
17.09.2026 11:01:56	102,6	69,1	30,3	8,8	1,0	60,3	96,0	80,5	27,3	80,6	6,6	0,8
17.09.2026 11:02:02	83,5	64,2	36,2	12,5	0,8	51,7	74,4	65,5	29,9	66,7	9,4	0,6
17.09.2026 11:02:08	63,7	56,2	31,3	9,3	0,9	46,9	61,1	57,0	26,5	58,6	7,0	0,7
17.09.2026 11:02:14	89,3	67,1	31,1	8,7	0,8	58,4	87,5	76,2	27,9	77,2	6,6	0,6
17.09.2026 11:02:20	1067,7	49,7	22,8	5,9	0,7	43,8	359,3	56,8	21,2	57,5	4,5	0,6
17.09.2026 11:02:26	132,3	43,1	20,9	7,4	0,8	35,6	92,7	53,7	17,7	47,9	5,6	0,6
17.09.2026 11:02:32	80,7	43,0	20,7	6,6	0,5	36,5	68,5	52,4	18,2	48,1	5,0	0,4
17.09.2026 11:02:38	90,8	45,7	16,0	4,8	0,8	40,9	78,4	58,4	14,0	55,4	3,6	0,6
17.09.2026 11:02:44	318,4	37,2	12,7	2,6	0,6	34,5	159,1	48,4	12,2	46,4	2,0	0,5
17.09.2026 11:02:50	22,5	22,0	13,1	3,0	0,5	19,1	22,0	21,4	11,4	22,0	2,3	0,4
17.09.2026 11:02:56	25,4	24,1	10,7	2,6	0,4	21,5	29,5	28,1	10,9	29,5	2,0	0,4
17.09.2026 11:03:02	26,6	20,1	7,1	0,8	0,3	19,3	28,0	24,9	7,6	25,4	0,6	0,3
17.09.2026 11:03:08	43,2	19,0	7,3	2,3	0,4	16,7	35,5	25,4	6,5	22,8	1,8	0,3
17.09.2026 11:03:14	19,1	19,0	15,5	6,4	0,4	12,7	16,0	15,9	12,1	16,0	4,8	0,3
17.09.2026 11:03:20	20,8	20,6	13,5	3,9	0,2	16,8	18,9	18,7	11,2	18,9	2,9	0,2
17.09.2026 11:03:26	19,4	19,0	13,3	4,7	0,3	14,3	17,7	17,2	10,7	17,7	3,5	0,2
17.09.2026 11:03:32	18,5	16,7	7,6	2,1	0,3	14,7	20,3	19,0	7,5	20,2	1,6	0,2
17.09.2026 11:03:38	26,2	19,6	9,4	2,1	0,2	17,5	23,1	20,0	7,6	20,5	1,6	0,1
17.09.2026 11:03:44	13,8	12,7	4,6	0,7	0,2	12,0	15,5	14,3	4,3	15,5	0,6	0,2
17.09.2026 11:03:50	8,7	8,1	2,2	0,3	0,3	7,8	11,1	10,5	2,6	11,1	0,3	0,2
17.09.2026 11:03:56	5,2	5,2	2,8	0,5	0,2	4,7	5,8	5,8	3,0	5,8	0,4	0,2
17.09.2026 11:04:02	11,3	11,3	8,7	3,4	0,1	7,8	10,2	10,1	7,0	10,2	2,6	0,1
17.09.2026 11:04:08	10,0	8,2	2,5	0,3	0,1	7,9	10,2	9,1	2,3	10,1	0,2	0,1
17.09.2026 11:04:14	22,5	14,3	3,2	1,0	0,2	13,2	21,4	17,3	2,9	18,7	0,8	0,1
17.09.2026 11:04:20	5,0	5,0	3,2	0,8	0,2	4,3	4,4	4,4	2,7	4,4	0,6	0,2
17.09.2026 11:04:26	17,2	10,7	3,4	1,2	0,1	9,5	15,8	12,7	2,8	13,2	0,9	0,1
17.09.2026 11:04:32	5,4	5,3	2,7	0,4	0,1	5,0	5,7	5,6	2,6	5,7	0,3	0,1
17.09.2026 11:04:38	7,2	7,2	6,1	2,8	0,2	4,4	6,0	6,0	4,8	6,0	2,1	0,1
17.09.2026 11:04:44	3,7	3,7	2,7	0,8	0,1	2,9	2,8	2,7	2,1	2,8	0,6	0,1
17.09.2026 11:04:50	12,0	5,7	1,2	0,5	0,1	5,2	10,3	7,6	1,0	7,8	0,4	0,1
17.09.2026 11:04:56	0,4	0,4	0,4	0,4	0,1	0,0	0,3	0,3	0,3	0,3	0,3	0,1
17.09.2026 11:05:02	2,6	2,6	2,1	0,5	0,0	2,1	1,9	1,9	1,5	1,9	0,4	0,0
17.09.2026 11:05:08	4,8	4,7	2,5	0,5	0,1	4,3	5,3	5,2	2,4	5,3	0,4	0,1
17.09.2026 11:05:14	5,0	4,9	3,1	1,0	0,0	3,8	4,7	4,6	2,6	4,7	0,8	0,0
17.09.2026 11:05:20	4,9	4,9	3,8	1,6	0,0	3,3	4,3	4,3	3,2	4,3	1,2	0,0
17.09.2026 11:05:26	2,6	2,6	2,1	0,5	0,1	2,1	1,9	1,9	1,6	1,9	0,4	0,0
17.09.2026 11:05:32	2,2	2,2	1,6	0,5	0,0	1,7	2,3	2,3	1,5	2,3	0,4	0,0
17.09.2026 11:05:38	0,0	0,0	0,0	0,0	0,0	0,0	0,0	0,0	0,0	0,0	0,0	0,0
17.09.2026 11:05:44	0,0	0,0	0,0	0,0	0,0	0,0	0,0	0,0	0,0	0,0	0,0	0,0
17.09.2026 11:05:50	0,0	0,0	0,0	0,0	0,0	0,0	0,0	0,0	0,0	0,0	0,0	0,0
17.09.2026 11:05:56	0,3	0,3	0,3	0,3	0,0	0,0	0,2	0,2	0,2	0,2	0,2	0,0
17.09.2026 11:06:02	0,0	0,0	0,0	0,0	0,0	0,0	0,0	0,0	0,0	0,0	0,0	0,0
17.09.2026 11:06:08	0,0	0,0	0,0	0,0	0,0	0,0	0,0	0,0	0,0	0,0	0,0	0,0
17.09.2026 11:06:14	0,3	0,3	0,3	0,3	0,1	0,0	0,2	0,2	0,2	0,2	0,2	0,0
17.09.2026 11:06:20	0,0	0,0	0,0	0,0	0,0	0,0	0,0	0,0	0,0	0,0	0,0	0,0
17.09.2026 11:06:26	3,4	3,4	2,9	1,3	0,0	2,1	2,6	2,6	2,1	2,6	1,0	0,0
17.09.2026 11:06:32	0,0	0,0	0,0	0,0	0,0	0,0	0,0	0,0	0,0	0,0	0,0	0,0
17.09.2026 11:06:38	0,3	0,3	0,3	0,3	0,0	0,0	0,2	0,2	0,2	0,2	0,2	0,0
17.09.2026 11:06:44	0,0	0,0	0,0	0,0	0,0	0,0	0,0	0,0	0,0	0,0	0,0	0,0
17.09.2026 11:06:50	0,0	0,0	0,0	0,0	0,0	0,0	0,0	0,0	0,0	0,0	0,0	0,0
17.09.2026 11:06:56	0,0	0,0	0,0	0,0	0,0	0,0	0,0	0,0	0,0	0,0	0,0	0,0
17.09.2026 11:07:02	0,5	0,5	0,5	0,4	0,0	0,1	0,4	0,4	0,4	0,4	0,3	0,0
17.09.2026 11:07:08	0,0	0,0	0,0	0,0	0,0	0,0	0,0	0,0	0,0	0,0	0,0	0,0
17.09.2026 11:07:14	0,0	0,0	0,0	0,0	0,0	0,0	0,0	0,0	0,0	0,0	0,0	0,0
17.09.2026 11:07:20	0,0	0,0	0,0	0,0	0,0	0,0	0,0	0,0	0,0	0,0	0,0	0,0
17.09.2026 11:07:26	0,0	0,0	0,0	0,0	0,0	0,0	0,0	0,0	0,0	0,0	0,0	0,0
17.09.2026 11:07:32	1,5	1,5	1,4	0,6	0,0	1,0	1,2	1,2	1,0	1,2	0,4	0,0
17.09.2026 11:07:38	0,0	0,0	0,0	0,0	0,0	0,0	0,0	0,0	0,0	0,0	0,0	0,0
17.09.2026 11:07:44	0,0	0,0	0,0	0,0	0,0	0,0	0,0	0,0	0,0	0,0	0,0	0,0
17.09.2026 11:07:50	1,6	1,6	1,4	0,6	0,0	1,0	1,2	1,2	1,0	1,2	0,4	0,0
17.09.2026 11:07:56	0,0	0,0	0,0	0,0	0,0	0,0	0,0	0,0	0,0	0,0	0,0	0,0
17.09.2026 11:08:02	1,5	1,5	1,4	0,6	0,0	1,0	1,2	1,2	1,0	1,2	0,4	0,0
17.09.2026 11:08:08	0,0	0,0	0,0	0,0	0,0	0,0	0,0	0,0	0,0	0,0	0,0	0,0
17.09.2026 11:08:14	3,3	3,3	2,9	1,1	0,0	2,1	2,4	2,4	2,2	2,4	0,8	0,0
17.09.2026 11:08:20	0,0	0,0	0,0	0,0	0,0	0,0	0,0	0,0	0,0	0,0	0,0	0,0
17.09.2026 11:08:26	0,0	0,0	0,0	0,0	0,0	0,0	0,0	0,0	0,0	0,0	0,0	0,0
17.09.2026 11:08:32	0,0	0,0	0,0	0,0	0,0	0,0	0,0	0,0	0,0	0,0	0,0	0,0
17.09.2026 11:08:38	0,0	0,0	0,0	0,0	0,0	0,0	0,0	0,0	0,0	0,0	0,0	0,0
17.09.2026 11:08:44	0,0	0,0	0,0	0,0	0,0	0,0	0,0	0,0	0,0	0,0	0,0	0,0
17.09.2026 11:08:50	0,0	0,0	0,0	0,0	0,0	0,0	0,0	0,0	0,0	0,0	0,0	0,0
17.09.2026 11:08:56	0,0	0,0	0,0	0,0	0,0	0,0	0,0	0,0	0,0	0,0	0,0	0,0
17.09.2026 11:09:02	0,0	0,0	0,0	0,0	0,0	0,0	0,0	0,0	0,0	0,0	0,0	0,0
17.09.2026 11:09:08	0,0	0,0	0,0	0,0	0,0	0,0	0,0	0,0	0,0	0,0	0,0	0,0
17.09.2026 11:09:14	0,0	0,0	0,0	0,0	0,0	0,0	0,0	0,0	0,0	0,0	0,0	0,0
17.09.2026 11:09:20	0,0	0,0	0,0	0,0	0,0	0,0	0,0	0,0	0,0	0,0	0,0	0,0
17.09.2026 11:09:26	0,0	0,0	0,0	0,0	0,0	0,0	0,0	0,0	0,0	0,0	0,0	0,0
17.09.2026 11:09:32	0,0	0,0	0,0	0,0	0,0	0,0	0,0	0,0	0,0	0,0	0,0	0,0
17.09.2026 11:09:38	0,0	0,0	0,0	0,0	0,0	0,0	0,0	0,0	0,0	0,0	0,0	0,0
17.09.2026 11:09:44	0,0	0,0	0,0	0,0	0,0	0,0	0,0	0,0	0,0	0,0	0,0	0,0
17.09.2026 11:09:50	0,0	0,0	0,0	0,0	0,0	0,0	0,0	0,0	0,0	0,0	0,0	0,0
17.09.2026 11:09:56	0,0	0,0	0,0	0,0	0,0	0,0	0,0	0,0	0,0	0,0	0,0	0,0
17.09.2026 11:10:02	0,0	0,0	0,0	0,0	0,0	0,0	0,0	0,0	0,0	0,0	0,0	0,0
17.09.2026 11:10:08	0,0	0,0	0,0	0,0	0,0	0,0	0,0	0,0	0,0	0,0	0,0	0,0
17.09.2026 11:10:14	0,0	0,0	0,0	0,0	0,0	0,0	0,0	0,0	0,0	0,0	0,0	0,0
17.09.2026 11:10:20	0,0	0,0	0,0	0,0	0,0	0,0	0,0	0,0	0,0	0,0	0,0	0,0
17.09.2026 11:10:26	0,0	0,0	0,0	0,0	0,0	0,0	0,0	0,0	0,0	0,0	0,0	0,0
17.09.2026 11:10:32	0,0	0,0	0,0	0,0	0,0	0,0	0,0	0,0	0,0	0,0	0,0	0,0
17.09.2026 11:10:38	0,0	0,0	0,0	0,0	0,0	0,0	0,0	0,0	0,0	0,0	0,0	0,0
17.09.2026 11:10:44	0,0	0,0	0,0	0,0	0,0	0,0	0,0	0,0	0,0	0,0	0,0	0,0
17.09.2026 11:10:50	0,0	0,0	0,0	0,0	0,0	0,0	0,0	0,0	0,0	0,0	0,0	0,0
17.09.2026 11:10:56	0,0	0,0	0,0	0,0	0,0	0,0	0,0	0,0	0,0	0,0	0,0	0,0
17.09.2026 11:11:02	0,0	0,0	0,0	0,0	0,0	0,0	0,0	0,0	0,0	0,0	0,0	0,0
17.09.2026 11:11:08	0,0	0,0	0,0	0,0	0,0	0,0	0,0	0,0	0,0	0,0	0,0	0,0
17.09.2026 11:11:14	0,0	0,0	0,0	0,0	0,0	0,0	0,0	0,0	0,0	0,0	0,0	0,0
17.09.2026 11:11:20	0,0	0,0	0,0	0,0	0,0	0,0	0,0	0,0	0,0	0,0	0,0	0,0
17.09.2026 11:11:26	0,0	0,0	0,0	0,0	0,0	0,0	0,0	0,0	0,0	0,0	0,0	0,0
17.09.2026 11:11:32	0,0	0,0	0,0	0,0	0,0	0,0	0,0	0,0	0,0	0,0	0,0	0,0
17.09.2026 11:11:38	0,0	0,0	0,0	0,0	0,0	0,0	0,0	0,0	0,0	0,0	0,0	0,0
17.09.2026 11:11:44	0,0	0,0	0,0	0,0	0,0	0,0	0,0	0,0	0,0	0,0	0,0	0,0
17.09.2026 11:11:50	0,0	0,0	0,0	0,0	0,0	0,0	0,0	0,0	0,0	0,0	0,0	0,0
17.09.2026 11:11:56	0,0	0,0	0,0	0,0	0,0	0,0	0,0	0,0	0,0	0,0	0,0	0,0
17.09.2026 11:12:02	0,0	0,0	0,0	0,0	0,0	0,0	0,0	0,0	0,0	0,0	0,0	0,0
17.09.2026 11:12:08	0,0	0,0	0,0	0,0	0,0	0,0	0,0	0,0	0,0	0,0	0,0	0,0
17.09.2026 11:12:14	0,0	0,0	0,0	0,0	0,0	0,0	0,0	0,0	0,0	0,0	0,0	0,0
17.09.2026 11:12:20	0,0	0,0	0,0	0,0	0,0	0,0	0,0	0,0	0,0	0,0	0,0	0,0
17.09.2026 11:12:26	0,0	0,0	0,0	0,0	0,0	0,0	0,0	0,0	0,0	0,0	0,0	0,0
17.09.2026 11:12:32	0,0	0,0	0,0	0,0	0,0	0,0	0,0	0,0	0,0	0,0	0,0	0,0
17.09.2026 11:12:38	0,0	0,0	0,0	0,0	0,0	0,0	0,0	0,0	0,0	0,0	0,0	0,0
17.09.2026 11:12:44	0,0	0,0	0,0	0,0	0,0	0,0	0,0	0,0	0,0	0,0	0,0	0,0
17.09.2026 11:12:50	0,0	0,0	0,0	0,0	0,0	0,0	0,0	0,0	0,0	0,0	0,0	0,0
17.09.2026 11:12:56	0,0	0,0	0,0	0,0	0,0	0,0	0,0	0,0	0,0	0,0	0,0	0,0
17.09.2026 11:13:02	0,0	0,0	0,0	0,0	0,0	0,0	0,0	0,0	0,0	0,0	0,0	0,0
17.09.2026 11:13:08	0,0	0,0	0,0	0,0	0,0	0,0	0,0	0,0	0,0	0,0	0,0	0,0
17.09.2026 11:13:14	0,0	0,0	0,0	0,0	0,0	0,0	0,0	0,0	0,0	0,0	0,0	0,0
17.09.2026 11:13:20	0,0	0,0	0,0	0,0	0,0	0,0	0,0	0,0	0,0	0,0	0,0	0,0
17.09.2026 11:13:26	0,0	0,0	0,0	0,0	0,0	0,0	0,0	0,0	0,0	0,0	0,0	0,0
17.09.2026 11:13:32	0,0	0,0	0,0	0,0	0,0	0,0	0,0	0,0	0,0	0,0	0,0	0,0
17.09.2026 11:13:38	0,0	0,0	0,0	0,0	0,0	0,0	0,0	0,0	0,0	0,0	0,0	0,0
17.09.2026 11:13:44	0,0	0,0	0,0	0,0	0,0	0,0	0,0	0,0	0,0	0,0	0,0	0,0
17.09.2026 11:13:50	0,0	0,0	0,0	0,0	0,0	0,0	0,0	0,0	0,0	0,0	0,0	0,0
17.09.2026 11:13:56	0,0	0,0	0,0	0,0	0,0	0,0	0,0	0,0	0,0	0,0	0,0	0,0
17.09.2026 11:14:02	0,0	0,0	0,0	0,0	0,0	0,0	0,0	0,0	0,0	0,0	0,0	0,0
17.09.2026 11:14:08	0,0	0,0	0,0	0,0	0,0	0,0	0,0	0,0	0,0	0,0	0,0	0,0
17.09.2026 11:14:14	0,0	0,0	0,0	0,0	0,0	0,0	0,0	0,0	0,0	0,0	0,0	0,0
17.09.2026 11:14:20	0,0	0,0	0,0	0,0	0,0	0,0	0,0	0,0	0,0	0,0	0,0	0,0
17.09.2026 11:14:26	0,0	0,0	0,0	0,0	0,0	0,0	0,0	0,0	0,0	0,0	0,0	0,0
17.09.2026 11:14:32	0,0	0,0	0,0	0,0	0,0	0,0	0,0	0,0	0,0	0,0	0,0	0,0
17.09.2026 11:14:38	0,0	0,0	0,0	0,0	0,0	0,0	0,0	0,0	0,0	0,0	0,0	0,0
17.09.2026 11:14:44	0,0	0,0	0,0	0,0	0,0	0,0	0,0	0,0	0,0	0,0	0,0	0,0
17.09.2026 11:14:50	0,0	0,0	0,0	0,0	0,0	0,0	0,0	0,0	0,0	0,0	0,0	0,0
17.09.2026 11:14:56	0,0	0,0	0,0	0,0	0,0	0,0	0,0	0,0	0,0	0,0	0,0	0,0
17.09.2026 11:15:02	22,8	5,0	1,2	0,4	0,0	4,5	16,6	9,3	1,0	6,4	0,3	0,0
17.09.2026 11:15:08	0,0	0,0	0,0	0,0	0,0	0,0	0,0	0,0	0,0	0,0	0,0	0,0
17.09.2026 11:15:14	17,8	12,9	1,6	0,2	0,0	12,7	18,5	15,4	1,7	18,1	0,1	0,0
17.09.2026 11:15:20	0,1	0,1	0,1	0,1	0,0	0,0	0,0	0,0	0,0	0,0	0,0	0,0
17.09.2026 11:15:26	25,9	13,1	1,8	0,6	0,2	12,5	23,6	17,8	1,8	18,5	0,5	0,1
17.09.2026 11:15:32	61,8	12,1	3,3	1,2	0,2	10,9	43,4	22,8	2,8	15,6	0,9	0,1
17.09.2026 11:15:38	144,8	15,7	3,0	0,4	0,1	15,3	91,5	37,1	3,3	21,8	0,3	0,1
17.09.2026 11:15:44	283,3	6,9	4,2	1,4	0,0	5,5	119,4	12,4	3,3	6,9	1,1	0,0
17.09.2026 11:15:50	36,9	12,8	2,9	1,2	0,1	11,6	30,2	20,1	2,9	17,5	0,9	0,1
17.09.2026 11:15:56	233,2	1,8	0,9	0,2	0,0	1,6	120,7	26,5	0,8	1,9	0,2	0,0
17.09.2026 11:16:02	552,0	14,6	2,3	1,0	0,2	13,6	227,5	29,1	2,3	20,4	0,7	0,1
17.09.2026 11:16:08	50,5	7,9	1,8	0,3	0,1	7,6	35,8	18,1	2,0	10,7	0,2	0,1
17.09.2026 11:16:14	28,4	10,2	3,6	1,0	0,1	9,1	22,2	14,6	3,0	12,1	0,8	0,1
17.09.2026 11:16:20	5,0	4,9	3,3	1,1	0,0	3,8	4,7	4,7	2,7	4,7	0,9	0,0
17.09.2026 11:16:26	3,2	3,2	2,9	1,4	0,0	1,8	2,4	2,4	2,1	2,4	1,1	0,0
17.09.2026 11:16:32	24,2	16,0	4,6	1,8	0,1	14,2	24,0	19,9	4,5	21,3	1,3	0,0
17.09.2026 11:16:38	25,8	7,9	4,0	1,8	0,1	6,2	18,8	11,5	3,0	8,6	1,3	0,1
17.09.2026 11:16:44	19,0	11,2	2,8	0,9	0,0	10,2	17,3	13,6	2,4	14,6	0,7	0,0
17.09.2026 11:16:50	132,6	18,7	4,9	1,9	0,0	16,8	89,6	43,1	4,0	24,1	1,4	0,0
17.09.2026 11:16:56	0,8	0,8	0,8	0,6	0,1	0,2	0,6	0,6	0,6	0,6	0,4	0,0
17.09.2026 11:17:02	1054,7	15,5	2,6	0,6	0,1	14,8	335,6	25,6	2,5	21,3	0,5	0,1
17.09.2026 11:17:08	446,1	51,4	10,7	3,0	0,3	48,4	272,7	109,8	9,6	68,4	2,3	0,3
17.09.2026 11:17:14	575,5	36,6	16,0	5,8	0,5	30,8	311,0	88,2	13,3	41,8	4,4	0,4
17.09.2026 11:17:20	1023,6	39,4	14,0	4,8	0,3	34,6	517,8	120,6	12,6	49,2	3,6	0,2
17.09.2026 11:17:26	115,9	65,3	16,7	4,7	0,2	60,6	106,4	82,8	15,4	85,5	3,5	0,2
17.09.2026 11:17:32	619,5	44,0	9,7	2,7	0,3	41,3	333,5	101,5	9,3	58,8	2,1	0,2
17.09.2026 11:17:38	234,2	36,1	14,9	5,1	0,4	31,0	158,8	78,0	13,1	43,2	3,9	0,3
17.09.2026 11:17:44	196,9	55,8	11,6	3,1	0,4	52,7	151,6	91,5	11,1	75,4	2,3	0,3
17.09.2026 11:17:50	381,7	53,2	13,9	5,0	0,4	48,2	240,6	104,8	13,4	70,8	3,8	0,3
17.09.2026 11:17:56	161,8	37,2	11,6	3,9	0,5	33,3	111,6	58,4	10,3	46,6	2,9	0,4
17.09.2026 11:18:02	395,1	89,9	17,3	6,1	0,6	83,8	285,9	158,1	15,8	122,0	4,6	0,4
17.09.2026 11:18:08	297,8	67,6	14,9	3,6	0,3	64,0	202,3	105,6	15,8	92,8	2,7	0,2
17.09.2026 11:18:14	269,4	45,6	13,6	4,7	0,4	40,9	185,7	94,0	11,7	57,2	3,5	0,3
17.09.2026 11:18:20	582,3	47,0	8,8	2,0	0,5	45,0	314,0	97,8	9,0	64,3	1,5	0,4
17.09.2026 11:18:26	296,8	78,5	14,8	3,9	0,7	74,6	226,5	134,5	14,8	107,5	3,0	0,5
17.09.2026 11:18:32	1077,0	73,3	17,5	6,1	0,8	67,2	522,7	138,6	16,2	97,1	4,6	0,6
17.09.2026 11:18:38	210,7	72,5	22,0	6,8	0,6	65,7	160,3	100,4	19,9	92,5	5,1	0,4
17.09.2026 11:18:44	831,9	53,0	8,7	2,6	0,5	50,4	420,5	122,2	9,9	75,1	2,0	0,4
17.09.2026 11:18:50	897,9	58,8	15,8	4,2	0,8	54,6	433,1	109,1	14,5	75,0	3,2	0,6
17.09.2026 11:18:56	907,3	60,7	26,6	9,5	0,8	51,2	468,1	124,8	22,3	68,9	7,1	0,6
17.09.2026 11:19:02	1480,3	79,5	18,5	5,2	0,7	74,3	616,8	155,7	17,1	104,5	3,9	0,5
17.09.2026 11:19:08	712,8	72,0	24,9	9,2	0,7	62,8	346,6	102,7	21,9	89,5	6,9	0,6
17.09.2026 11:19:14	370,1	90,9	17,3	4,4	0,6	86,5	277,6	161,7	17,0	123,3	3,3	0,4
17.09.2026 11:19:20	397,8	62,4	25,6	9,1	0,9	53,3	258,5	118,4	22,3	73,7	6,8	0,7
17.09.2026 11:19:26	337,2	86,1	25,6	7,5	0,8	78,6	245,2	139,3	23,6	109,6	5,7	0,6
17.09.2026 11:19:32	548,8	65,8	23,0	8,9	1,1	56,8	331,6	131,0	19,4	80,3	6,7	0,8
17.09.2026 11:19:38	472,1	69,1	18,7	5,2	0,8	64,0	306,6	136,8	18,0	90,1	3,9	0,6
17.09.2026 11:19:44	710,4	126,5	32,6	10,4	1,0	116,2	463,8	217,6	30,7	167,1	7,8	0,8
17.09.2026 11:19:50	541,3	84,1	28,5	11,1	1,0	73,0	356,3	166,1	24,1	103,4	8,3	0,8
17.09.2026 11:19:56	948,3	84,9	22,7	6,4	0,5	78,5	551,0	195,7	20,1	108,7	4,8	0,4
17.09.2026 11:20:02	1412,1	74,8	22,9	7,7	1,0	67,1	664,7	148,9	20,6	95,0	5,8	0,7
17.09.2026 11:20:08	456,4	86,8	18,1	5,3	0,8	81,5	322,8	168,4	18,1	118,9	4,0	0,6
17.09.2026 11:20:14	341,4	84,0	27,7	8,2	0,9	75,8	245,7	137,7	25,3	105,1	6,2	0,7
17.09.2026 11:20:20	795,1	71,4	21,5	7,4	1,0	64,0	435,9	143,7	18,9	89,3	5,6	0,8
17.09.2026 11:20:26	622,1	64,1	16,8	5,3	1,1	58,9	390,1	157,0	15,8	83,6	4,0	0,9
17.09.2026 11:20:32	590,3	79,0	14,2	4,2	0,8	74,8	384,3	174,2	14,4	108,6	3,2	0,6
17.09.2026 11:20:38	451,1	75,3	22,3	7,3	0,9	68,0	301,5	143,6	20,6	96,4	5,5	0,7
17.09.2026 11:20:44	350,2	74,0	19,9	6,4	1,0	67,5	253,8	139,6	18,9	97,1	4,9	0,8
17.09.2026 11:20:50	550,9	95,4	27,1	9,0	1,0	86,4	343,3	154,7	24,3	122,2	6,8	0,7
17.09.2026 11:20:56	994,9	92,9	32,5	12,3	1,3	80,6	576,3	200,1	27,8	113,0	9,2	1,0
17.09.2026 11:21:02	193,2	75,0	24,0	8,6	1,0	66,4	158,0	107,4	21,7	94,6	6,4	0,8
17.09.2026 11:21:08	1343,3	105,0	31,4	10,8	0,9	94,2	672,9	191,0	28,4	133,8	8,1	0,7
17.09.2026 11:21:14	1286,0	67,3	24,4	8,0	1,1	59,3	492,9	107,1	21,2	81,0	6,0	0,9
17.09.2026 11:21:20	1291,8	75,9	28,5	10,9	1,0	65,0	639,4	152,5	23,6	90,5	8,2	0,8
17.09.2026 11:21:26	328,2	86,4	24,9	7,5	1,2	78,9	244,6	143,5	22,7	110,6	5,6	0,9
17.09.2026 11:21:32	876,0	78,5	25,1	8,6	1,1	69,9	484,1	160,5	22,3	97,8	6,5	0,8
17.09.2026 11:21:38	500,5	88,5	27,5	11,1	1,5	77,4	326,2	154,9	25,6	114,0	8,4	1,1
17.09.2026 11:21:44	1034,7	88,0	25,4	8,8	1,3	79,3	605,6	216,4	23,7	113,5	6,6	1,0
17.09.2026 11:21:50	717,7	125,0	26,8	6,9	1,1	118,1	459,1	212,0	26,2	168,0	5,2	0,9
17.09.2026 11:21:56	528,0	94,1	23,6	8,0	1,3	86,1	339,4	156,3	21,8	123,1	6,0	1,0
17.09.2026 11:22:02	1405,8	101,1	38,4	15,6	1,2	85,6	766,7	244,3	34,0	124,3	11,7	0,9
17.09.2026 11:22:08	559,1	99,4	23,4	7,7	1,3	91,8	342,3	157,0	22,8	133,3	5,8	1,0
17.09.2026 11:22:14	521,1	117,2	32,5	11,9	1,6	105,3	372,2	201,0	30,6	153,7	9,0	1,2
17.09.2026 11:22:20	1093,4	97,1	35,4	11,3	1,3	85,8	557,4	165,1	31,2	117,8	8,5	1,0
17.09.2026 11:22:26	466,8	88,6	32,2	13,4	1,5	75,2	305,1	149,3	27,5	107,5	10,1	1,1
17.09.2026 11:22:32	727,0	145,3	39,4	13,3	1,5	132,0	492,5	250,9	34,7	186,4	10,0	1,1
17.09.2026 11:22:38	1914,5	104,0	30,5	10,5	1,7	93,5	828,7	198,7	27,7	133,2	7,9	1,3
17.09.2026 11:22:44	422,1	80,8	26,4	9,9	1,0	70,9	290,8	148,8	22,9	100,0	7,4	0,8
17.09.2026 11:22:50	1340,5	124,2	42,0	13,9	1,5	110,3	732,4	243,8	36,8	153,0	10,5	1,2
17.09.2026 11:22:56	1289,9	109,6	28,3	11,6	1,6	98,0	662,3	198,2	25,5	143,0	8,7	1,2
17.09.2026 11:23:02	341,7	129,1	36,2	13,3	1,4	115,8	275,3	185,0	31,9	165,7	10,0	1,1
17.09.2026 11:23:08	572,3	112,2	23,4	7,8	1,6	104,4	410,7	221,1	21,6	150,6	5,9	1,2
17.09.2026 11:23:14	702,1	78,5	24,9	8,7	1,9	69,8	412,4	154,2	22,0	97,5	6,6	1,5
17.09.2026 11:23:20	497,4	97,7	34,2	13,2	1,8	84,5	324,2	157,5	29,4	119,7	9,9	1,4
17.09.2026 11:23:26	394,8	112,1	41,1	15,0	1,7	97,1	272,6	154,0	35,0	134,7	11,2	1,3
17.09.2026 11:23:32	558,7	96,6	30,4	11,9	1,8	84,7	371,3	177,5	26,4	121,5	8,9	1,4
17.09.2026 11:23:38	1428,2	139,8	42,9	15,8	2,0	124,1	810,7	281,7	37,7	176,6	11,8	1,5
17.09.2026 11:23:44	582,5	120,3	41,9	14,2	1,5	106,1	394,6	197,7	38,7	150,6	10,7	1,2
17.09.2026 11:23:50	720,1	83,8	37,2	12,8	1,4	71,0	400,1	145,4	33,6	98,1	9,6	1,1
17.09.2026 11:23:56	513,9	124,8	42,4	17,0	2,2	107,8	356,4	190,4	36,6	154,1	12,7	1,7
17.09.2026 11:24:02	883,1	120,2	33,3	11,8	1,9	108,5	562,6	245,4	30,6	155,9	8,8	1,4
17.09.2026 11:24:08	627,9	102,3	34,7	11,5	1,9	90,7	416,6	197,6	31,4	126,7	8,7	1,5
17.09.2026 11:24:14	565,0	85,1	43,5	18,1	1,6	67,0	344,6	145,0	36,6	93,6	13,6	1,2
17.09.2026 11:24:20	540,6	106,9	40,0	15,2	2,3	91,8	367,7	186,6	34,9	129,7	11,4	1,7
17.09.2026 11:24:26	668,2	106,1	27,0	8,5	1,7	97,6	407,1	181,5	25,1	138,0	6,4	1,3
17.09.2026 11:24:32	470,5	83,7	39,1	12,3	2,1	71,4	308,8	148,0	33,4	91,6	9,3	1,6
17.09.2026 11:24:38	602,9	99,6	32,1	11,3	1,8	88,3	405,6	196,4	29,3	125,3	8,5	1,4
17.09.2026 11:24:44	912,5	109,3	27,5	11,4	2,4	97,8	492,9	182,2	25,9	144,9	8,6	1,8
17.09.2026 11:24:50	684,0	105,1	26,9	8,5	2,0	96,6	439,3	197,9	25,4	137,4	6,4	1,5
17.09.2026 11:24:56	703,6	143,3	40,8	15,5	2,1	127,8	460,9	228,1	36,2	184,0	11,6	1,6
17.09.2026 11:25:02	886,6	108,6	33,9	13,6	2,4	95,0	544,5	224,3	29,2	135,8	10,2	1,8
17.09.2026 11:25:08	612,9	106,4	40,3	15,3	2,2	91,0	388,3	174,7	36,2	130,3	11,5	1,7
17.09.2026 11:25:14	814,9	118,3	34,8	11,6	2,1	106,7	502,9	213,0	31,3	149,6	8,8	1,6
17.09.2026 11:25:20	419,5	131,7	38,4	14,7	2,4	117,0	321,8	199,0	35,1	170,3	11,1	1,9
17.09.2026 11:25:26	718,2	97,5	39,1	13,9	1,7	83,6	886,6	151,8	32,1	112,6	10,4	1,3
17.09.2026 11:25:32	1163,3	115,2	25,1	8,8	2,3	106,4	698,6	262,9	24,5	154,7	6,7	1,8
17.09.2026 11:25:38	702,1	107,5	40,0	16,6	2,2	90,9	403,2	163,2	34,8	130,7	12,4	1,7
17.09.2026 11:25:44	200,8	69,9	31,1	10,7	1,8	59,3	155,2	100,5	28,3	81,8	8,1	1,4
17.09.2026 11:25:50	423,3	107,4	48,0	19,4	2,0	88,0	293,6	160,6	40,3	123,6	14,6	1,5
17.09.2026 11:25:56	452,6	125,8	34,4	12,2	2,0	113,5	339,0	201,0	32,7	165,3	9,2	1,6
17.09.2026 11:26:02	699,1	104,1	29,5	13,4	2,5	90,7	427,8	188,4	28,0	136,1	10,1	1,9
17.09.2026 11:26:08	969,5	115,2	35,8	13,2	1,7	101,9	509,6	179,4	31,2	144,7	9,9	1,3
17.09.2026 11:26:14	328,2	91,2	32,9	11,8	2,1	79,4	239,7	139,2	29,6	111,6	8,9	1,6
17.09.2026 11:26:20	573,4	102,0	31,4	11,8	2,4	90,3	350,1	161,6	29,3	131,1	8,9	1,8
17.09.2026 11:26:26	735,4	87,3	34,9	13,7	2,4	73,6	391,5	130,2	29,9	103,4	10,3	1,8
17.09.2026 11:26:32	597,8	104,0	30,3	12,3	2,3	91,7	385,2	178,3	27,7	133,6	9,3	1,7
17.09.2026 11:26:38	274,9	100,8	33,9	13,1	2,7	87,7	218,3	144,8	30,0	124,3	9,9	2,1
17.09.2026 11:26:44	1162,3	117,8	35,6	14,2	2,1	103,6	625,9	217,6	33,2	151,7	10,7	1,6
17.09.2026 11:26:50	849,3	112,0	43,4	18,4	2,4	93,6	519,7	211,3	37,2	134,9	13,8	1,8
17.09.2026 11:26:56	1961,4	106,5	35,6	13,6	2,2	93,0	816,2	181,6	32,3	133,6	10,2	1,6
17.09.2026 11:27:02	666,0	103,7	30,1	11,9	2,2	91,7	440,0	204,4	27,2	132,7	9,0	1,7
17.09.2026 11:27:08	369,6	86,4	30,0	10,0	2,0	76,4	249,3	131,5	27,6	107,1	7,6	1,5
17.09.2026 11:27:14	481,6	94,0	54,7	25,0	3,1	69,0	275,2	121,3	45,8	99,7	18,8	2,4
17.09.2026 11:27:20	720,7	122,6	40,5	14,9	2,2	107,7	1441,8	223,1	36,4	153,6	11,2	1,7
17.09.2026 11:27:26	286,9	53,7	22,6	8,6	2,0	45,1	179,5	83,1	20,2	62,9	6,5	1,5
17.09.2026 11:27:32	1282,4	78,7	32,8	13,5	1,8	65,2	599,2	133,2	27,5	91,9	10,2	1,4
17.09.2026 11:27:38	1365,6	99,9	33,8	12,7	2,2	87,1	558,0	152,6	29,4	123,3	9,6	1,7
17.09.2026 11:27:44	599,6	101,8	40,7	14,1	2,0	87,7	365,4	158,7	35,3	120,0	10,6	1,5
17.09.2026 11:27:50	421,7	75,2	22,0	9,9	2,3	65,3	242,9	104,9	20,6	97,2	7,5	1,8
17.09.2026 11:27:56	892,1	54,3	27,5	12,8	1,9	41,6	459,6	122,2	22,3	59,6	9,6	1,5
17.09.2026 11:28:02	285,5	55,2	19,4	6,7	1,4	48,6	202,3	107,6	17,5	68,8	5,0	1,1
17.09.2026 11:28:08	273,2	57,3	32,4	12,3	1,5	45,0	165,0	76,0	26,2	58,4	9,2	1,2
17.09.2026 11:28:14	527,8	41,5	18,7	8,8	1,7	32,7	260,3	66,8	14,8	46,3	6,6	1,3
17.09.2026 11:28:20	159,6	47,4	18,0	7,8	1,7	39,6	114,5	66,1	15,6	57,2	5,9	1,4
17.09.2026 11:28:26	104,4	43,8	15,3	7,5	1,7	36,3	84,0	58,5	12,8	53,4	5,7	1,3
17.09.2026 11:28:32	82,9	36,0	9,3	3,8	1,7	32,2	70,7	50,1	8,9	47,4	2,9	1,4
17.09.2026 11:28:38	105,7	33,1	14,2	6,5	1,7	26,6	79,3	49,2	12,1	38,9	5,0	1,3
17.09.2026 11:28:44	94,2	14,9	10,3	5,7	1,7	9,2	56,6	22,8	8,5	14,7	4,3	1,3
17.09.2026 11:28:50	340,9	28,5	12,8	4,9	1,6	23,6	165,3	43,4	11,0	32,5	3,8	1,3
17.09.2026 11:28:56	127,4	24,1	11,1	4,6	1,3	19,5	81,9	38,2	9,3	27,3	3,5	1,0
17.09.2026 11:29:02	410,6	28,8	7,4	4,3	1,8	24,6	223,6	66,7	6,7	38,2	3,3	1,4
17.09.2026 11:29:08	135,6	36,2	15,1	7,3	1,9	28,9	92,5	49,9	12,7	42,8	5,5	1,5
17.09.2026 11:29:14	83,8	23,2	7,5	4,2	1,7	19,0	62,0	36,8	6,4	29,2	3,2	1,3
17.09.2026 11:29:20	137,3	29,4	14,6	6,0	1,9	23,4	95,8	51,8	12,6	32,9	4,6	1,5
17.09.2026 11:29:26	37,8	24,6	8,9	4,4	2,1	20,2	36,1	29,8	8,2	30,9	3,4	1,7
17.09.2026 11:29:32	62,6	14,5	7,2	3,2	1,9	11,3	43,6	24,0	6,2	16,0	2,5	1,6
17.09.2026 11:29:38	55,6	13,4	8,9	4,6	2,0	8,8	37,9	20,6	7,2	12,8	3,6	1,6
17.09.2026 11:29:44	199,2	29,4	6,9	4,2	1,9	25,3	132,4	61,4	6,6	40,0	3,2	1,5
17.09.2026 11:29:50	46,6	22,3	8,4	4,3	2,2	17,9	40,9	30,6	8,2	28,1	3,4	1,8
17.09.2026 11:29:56	12,7	12,2	7,9	5,3	2,5	6,9	12,8	12,3	6,7	12,8	4,1	2,0
17.09.2026 11:30:02	68,9	31,6	7,7	4,3	2,4	27,3	60,0	43,7	7,3	42,1	3,3	1,9
17.09.2026 11:30:08	12,8	12,4	8,4	5,1	2,6	7,2	12,2	11,7	6,8	12,2	4,0	2,1
17.09.2026 11:30:14	48,2	22,4	7,6	3,9	2,2	18,5	41,1	29,9	7,0	28,2	3,0	1,8
17.09.2026 11:30:20	306,4	22,1	10,1	5,8	2,5	16,3	140,5	29,8	8,5	25,4	4,5	2,0
17.09.2026 11:30:26	16,3	14,5	7,7	4,9	2,2	9,6	16,7	15,5	6,8	16,6	3,8	1,8
17.09.2026 11:30:32	307,7	24,5	10,9	5,8	2,5	18,7	143,7	33,3	9,6	28,7	4,5	2,0
17.09.2026 11:30:38	133,3	23,8	9,0	5,1	2,4	18,7	91,6	46,7	7,5	28,6	4,0	1,9
17.09.2026 11:30:44	156,0	8,2	6,3	4,2	2,6	4,0	76,0	15,5	5,1	7,3	3,3	2,1
17.09.2026 11:30:50	22,9	16,6	9,6	5,7	2,8	10,9	19,7	16,8	7,7	17,1	4,4	2,3
