<Header>
User name: 
Location: probe cabin
# of Location: 2
Model: 11-D
Serial No.: 11D20167
Firmware revision: 12.50E
Software revision: 1179-V2-10 (23-01-2023)
Unit: Mass, dM [ug/m3]
C-factor: 1,00
location factor: 1,00
Comment: participant test
online data
<Data>
[d&t31.12.2035 11:50:55]	0,253 um	0,298 um	0,352 um	0,414 um	0,488 um	0,576 um	0,679 um	0,800 um	0,943 um	1,112 um	1,310 um	1,545 um	1,821 um	2,146 um	2,530 um	2,982 um	3,515 um	4,144 um	4,884 um	5,757 um	6,787 um	8,000 um	9,430 um	11,12 um	13,10 um	15,45 um	18,21 um	21,46 um	25,30 um	29,82 um	35,15 um
17.09.2026 10:47:38	0,44	0,23	0,15	0,14	0,12	0,16	0,25	0,26	0,43	1,09	1,43	3,15	7,21	16,30	37,56	51,26	68,67	87,38	98,04	143,24	145,76	133,92	229,02	296,82	230,29	209,67	137,29	224,84	0,00	0,00	0,00
17.09.2026 10:47:44	0,46	0,24	0,15	0,12	0,07	0,30	0,32	0,26	0,48	1,03	1,92	2,52	7,89	10,68	30,20	31,36	57,80	96,28	140,43	173,63	159,98	145,56	209,93	312,44	358,23	125,80	137,29	0,00	0,00	0,00	0,00
17.09.2026 10:47:50	0,39	0,24	0,17	0,10	0,09	0,15	0,23	0,17	0,33	0,72	1,79	2,31	5,15	15,18	27,62	41,61	70,64	101,14	131,16	171,46	213,31	139,74	314,90	296,82	204,70	125,80	205,93	224,84	0,00	0,00	0,00
17.09.2026 10:47:56	0,43	0,25	0,17	0,12	0,15	0,11	0,23	0,29	0,19	0,78	1,92	3,35	7,96	15,74	38,49	58,80	77,56	97,90	111,29	119,37	234,64	163,03	305,35	328,06	332,64	125,80	411,87	112,42	0,00	0,00	0,00
17.09.2026 10:48:02	0,45	0,22	0,15	0,11	0,10	0,17	0,18	0,29	0,49	0,70	1,66	3,15	5,83	9,56	24,67	42,22	66,20	94,66	133,81	145,41	199,09	139,74	229,02	203,09	179,12	41,93	137,29	112,42	0,00	0,00	0,00
17.09.2026 10:48:08	0,41	0,22	0,14	0,14	0,09	0,16	0,11	0,12	0,62	0,62	1,02	2,52	4,81	12,93	31,49	37,69	67,68	93,85	95,39	128,05	195,53	174,68	305,35	281,20	358,23	0,00	137,29	0,00	0,00	0,00	0,00
17.09.2026 10:48:14	0,42	0,28	0,17	0,12	0,16	0,10	0,32	0,12	0,52	0,56	1,54	3,98	6,86	11,24	27,62	36,79	78,55	95,47	116,59	160,60	231,08	163,03	305,35	296,82	179,12	83,87	68,64	112,42	0,00	0,00	0,00
17.09.2026 10:48:20	0,45	0,22	0,17	0,09	0,13	0,13	0,27	0,29	0,49	0,86	1,28	3,15	6,18	14,05	24,31	32,27	63,73	95,47	135,13	151,92	177,76	122,27	295,81	343,69	153,53	83,87	0,00	0,00	0,00	301,55	0,00
17.09.2026 10:48:26	0,42	0,24	0,17	0,14	0,10	0,14	0,21	0,23	0,38	0,64	2,05	3,35	5,15	14,05	31,49	44,03	57,30	77,67	116,59	128,05	223,97	163,03	305,35	328,06	153,53	83,87	137,29	112,42	0,00	0,00	0,00
17.09.2026 10:48:32	0,45	0,25	0,15	0,10	0,05	0,18	0,23	0,26	0,33	1,09	1,28	2,94	4,46	7,42	31,86	57,90	25,19	54,21	68,89	93,32	117,32	98,98	181,30	218,71	307,06	209,67	68,64	0,00	184,14	0,00	0,00
17.09.2026 10:48:38	0,42	0,21	0,14	0,09	0,08	0,07	0,14	0,12	0,38	0,39	0,79	0,84	4,46	8,99	10,86	14,17	46,93	63,92	96,71	134,56	177,76	168,85	229,02	156,22	179,12	167,73	68,64	0,00	0,00	0,00	0,00
17.09.2026 10:48:44	0,43	0,24	0,14	0,13	0,07	0,16	0,16	0,09	0,33	0,55	1,28	3,15	3,78	8,99	25,78	41,31	62,25	75,24	99,36	106,35	199,09	145,56	171,76	234,33	255,88	83,87	0,00	0,00	0,00	0,00	0,00
17.09.2026 10:48:50	0,45	0,20	0,13	0,13	0,09	0,12	0,38	0,26	0,57	0,47	1,02	1,68	6,52	13,04	19,89	27,44	63,23	93,85	103,34	121,54	213,31	180,50	219,47	109,35	127,94	83,87	0,00	0,00	0,00	0,00	0,00
17.09.2026 10:48:56	0,40	0,22	0,18	0,12	0,09	0,20	0,20	0,36	0,24	0,86	0,90	4,40	5,15	15,74	25,41	31,36	63,23	77,67	112,61	132,39	156,43	139,74	209,93	249,95	204,70	83,87	205,93	0,00	0,00	0,00	0,00
17.09.2026 10:49:02	0,44	0,25	0,16	0,10	0,07	0,08	0,23	0,26	0,43	1,02	1,02	3,15	5,49	10,68	25,41	36,19	53,85	93,85	107,31	147,58	181,31	151,39	209,93	203,09	179,12	293,53	137,29	112,42	0,00	0,00	0,00
17.09.2026 10:49:08	0,42	0,23	0,17	0,10	0,08	0,17	0,30	0,26	0,38	0,62	1,94	2,52	7,21	12,37	37,01	60,31	56,81	81,72	99,36	121,54	223,97	157,21	219,47	296,82	179,12	251,60	68,64	224,84	0,00	0,00	0,00
17.09.2026 10:49:14	0,38	0,19	0,14	0,13	0,14	0,15	0,25	0,29	0,29	0,39	1,41	2,73	6,59	14,61	11,05	18,70	58,79	68,77	99,36	104,18	170,65	122,27	171,76	203,09	153,53	293,53	205,93	0,00	0,00	0,00	0,00
17.09.2026 10:49:20	0,40	0,24	0,19	0,07	0,13	0,22	0,21	0,20	0,43	0,70	1,92	3,56	5,15	15,29	22,46	37,39	46,93	72,01	87,44	104,18	142,21	110,63	209,93	218,71	307,06	167,73	0,00	0,00	0,00	0,00	0,00
17.09.2026 10:49:26	0,42	0,22	0,15	0,08	0,09	0,10	0,20	0,29	0,43	0,23	1,28	2,73	6,86	10,79	28,91	37,69	46,93	63,11	87,44	123,71	124,43	139,74	200,39	296,82	127,94	251,60	68,64	0,00	184,14	0,00	0,00
17.09.2026 10:49:32	0,44	0,21	0,15	0,12	0,07	0,13	0,30	0,29	0,19	0,62	0,64	2,94	3,43	13,04	20,07	28,35	45,94	72,01	91,41	115,03	120,88	116,45	209,93	171,84	102,35	41,93	68,64	0,00	0,00	0,00	0,00
17.09.2026 10:49:38	0,42	0,19	0,14	0,12	0,07	0,17	0,25	0,23	0,52	0,47	1,69	3,15	2,75	10,12	5,34	15,98	45,94	76,05	95,39	97,66	110,21	151,39	238,56	265,58	230,29	0,00	0,00	112,42	0,00	0,00	0,00
17.09.2026 10:49:44	0,43	0,19	0,15	0,13	0,09	0,10	0,18	0,26	0,29	0,94	1,54	2,73	3,43	11,35	22,10	30,15	40,51	83,34	94,06	102,01	167,09	151,39	133,59	312,44	153,53	167,73	0,00	0,00	0,00	0,00	0,00
17.09.2026 10:49:50	0,43	0,21	0,12	0,13	0,08	0,16	0,21	0,44	0,29	0,47	1,54	1,68	6,93	8,99	7,73	16,89	45,94	74,44	107,31	143,24	181,31	104,81	190,85	124,98	230,29	83,87	137,29	0,00	0,00	0,00	0,00
17.09.2026 10:49:56	0,41	0,21	0,18	0,10	0,07	0,15	0,20	0,26	0,24	0,94	0,90	1,68	5,49	10,79	27,25	36,79	46,93	68,77	91,41	119,37	120,88	116,45	248,10	156,22	102,35	83,87	205,93	224,84	0,00	0,00	0,00
17.09.2026 10:50:02	0,41	0,20	0,14	0,09	0,16	0,20	0,11	0,29	0,29	0,78	0,90	1,68	3,09	7,98	20,26	40,41	48,41	64,73	87,44	102,01	131,54	98,98	152,68	390,55	230,29	0,00	0,00	112,42	0,00	0,00	0,00
17.09.2026 10:50:08	0,44	0,19	0,12	0,11	0,11	0,20	0,25	0,06	0,33	0,55	1,02	2,94	5,22	8,99	8,47	29,85	41,50	77,67	94,06	102,01	142,21	157,21	209,93	187,47	153,53	125,80	137,29	0,00	0,00	0,00	0,00
17.09.2026 10:50:14	0,42	0,19	0,17	0,10	0,08	0,12	0,09	0,35	0,29	0,86	1,15	2,94	4,12	12,37	33,70	46,14	42,48	59,06	104,66	106,35	117,32	145,56	219,47	203,09	204,70	167,73	0,00	224,84	0,00	0,00	0,00
17.09.2026 10:50:20	0,40	0,19	0,17	0,10	0,06	0,12	0,07	0,29	0,24	0,39	1,02	2,14	2,75	8,43	19,52	24,73	36,56	59,87	80,82	115,03	127,99	104,81	162,22	218,71	307,06	83,87	68,64	0,00	0,00	0,00	0,00
17.09.2026 10:50:26	0,39	0,21	0,12	0,13	0,10	0,13	0,23	0,26	0,19	0,47	1,15	3,61	5,15	6,75	4,60	12,67	61,26	68,77	103,34	132,39	170,65	145,56	162,22	249,95	102,35	209,67	0,00	0,00	0,00	0,00	0,00
17.09.2026 10:50:32	0,43	0,21	0,14	0,10	0,12	0,12	0,21	0,38	0,14	0,55	1,15	2,52	4,53	6,75	17,86	30,46	39,52	63,92	107,31	119,37	167,09	98,98	286,27	281,20	230,29	209,67	68,64	0,00	0,00	0,00	0,00
17.09.2026 10:50:38	0,41	0,22	0,15	0,11	0,14	0,17	0,21	0,15	0,52	0,55	1,15	2,10	4,53	11,24	17,86	22,62	36,56	54,21	88,76	123,71	145,76	180,50	181,30	140,60	102,35	125,80	68,64	0,00	0,00	0,00	0,00
17.09.2026 10:50:44	0,43	0,20	0,16	0,10	0,07	0,16	0,09	0,20	0,43	0,47	0,90	0,84	5,90	10,12	13,26	25,03	43,97	66,34	92,74	121,54	142,21	180,50	219,47	218,71	102,35	293,53	137,29	112,42	0,00	301,55	0,00
17.09.2026 10:50:50	0,41	0,18	0,17	0,09	0,10	0,17	0,11	0,23	0,33	0,47	1,54	1,05	5,56	7,87	18,60	33,47	38,53	63,11	84,79	121,54	156,43	139,74	286,27	124,98	230,29	41,93	68,64	0,00	0,00	0,00	0,00
17.09.2026 10:50:56	0,40	0,22	0,11	0,11	0,11	0,16	0,20	0,38	0,14	0,23	0,77	2,35	2,40	7,31	19,33	35,58	34,58	56,64	70,22	102,01	131,54	58,23	152,68	249,95	230,29	125,80	68,64	0,00	0,00	0,00	0,00
17.09.2026 10:51:02	0,44	0,22	0,13	0,08	0,12	0,17	0,23	0,32	0,14	0,31	1,15	1,30	3,43	7,87	16,76	27,44	38,53	67,96	95,39	99,84	156,43	133,92	219,47	343,69	153,53	83,87	68,64	224,84	0,00	0,00	0,00
17.09.2026 10:51:08	0,41	0,22	0,13	0,10	0,06	0,12	0,18	0,35	0,29	0,55	1,28	1,26	5,22	8,99	16,02	26,54	39,52	68,77	80,82	106,35	138,65	128,10	190,85	203,09	127,94	167,73	137,29	0,00	0,00	0,00	0,00
17.09.2026 10:51:14	0,43	0,25	0,14	0,11	0,11	0,09	0,11	0,15	0,14	0,62	0,79	1,05	1,37	12,93	12,52	21,71	47,42	57,44	86,11	112,86	120,88	98,98	209,93	203,09	230,29	125,80	205,93	0,00	0,00	0,00	0,00
17.09.2026 10:51:20	0,45	0,20	0,12	0,12	0,08	0,14	0,18	0,24	0,33	0,23	1,02	2,10	3,43	10,68	5,52	21,71	42,98	44,50	91,41	73,79	99,54	93,16	114,51	140,60	127,94	83,87	68,64	0,00	0,00	0,00	0,00
17.09.2026 10:51:26	0,39	0,22	0,15	0,11	0,11	0,12	0,16	0,20	0,33	0,55	0,54	1,26	5,15	6,75	23,75	26,84	34,09	61,49	66,24	86,81	103,10	64,05	152,68	109,35	76,76	125,80	205,93	0,00	0,00	0,00	0,00
17.09.2026 10:51:32	0,43	0,20	0,13	0,09	0,08	0,20	0,16	0,20	0,33	0,62	0,38	1,72	6,18	9,56	11,97	23,82	45,45	59,87	79,49	151,92	110,21	104,81	133,59	62,49	102,35	83,87	0,00	112,42	184,14	0,00	0,00
17.09.2026 10:51:38	0,42	0,20	0,18	0,12	0,07	0,20	0,14	0,12	0,29	1,25	1,15	2,10	3,50	13,49	21,54	38,60	36,56	58,25	79,49	91,15	106,65	128,10	190,85	203,09	51,18	209,67	0,00	0,00	0,00	0,00	0,00
17.09.2026 10:51:44	0,40	0,18	0,11	0,08	0,07	0,16	0,09	0,29	0,33	0,55	0,90	1,89	5,83	6,75	0,00	0,00	41,00	67,15	71,54	78,13	117,32	133,92	219,47	62,49	51,18	41,93	137,29	112,42	0,00	0,00	0,00
17.09.2026 10:51:50	0,43	0,21	0,15	0,10	0,10	0,04	0,14	0,23	0,33	0,47	0,92	1,68	6,52	8,99	18,41	24,43	41,99	47,74	59,62	97,66	99,54	64,05	104,97	109,35	51,18	125,80	137,29	0,00	184,14	0,00	0,00
17.09.2026 10:51:56	0,41	0,19	0,12	0,11	0,07	0,13	0,07	0,03	0,19	0,70	1,15	2,10	2,75	5,62	12,89	22,62	29,15	51,78	55,64	69,45	99,54	87,34	114,51	62,49	76,76	41,93	0,00	0,00	0,00	0,00	0,00
17.09.2026 10:52:02	0,42	0,20	0,16	0,13	0,07	0,13	0,09	0,00	0,29	0,55	0,51	1,89	3,78	6,18	12,34	22,01	31,62	46,12	51,67	91,15	67,55	110,63	143,13	78,11	25,59	125,80	68,64	0,00	0,00	0,00	0,00
17.09.2026 10:52:08	0,40	0,23	0,13	0,12	0,07	0,13	0,23	0,20	0,19	1,09	1,30	2,10	3,78	10,12	18,23	31,06	35,57	48,54	62,27	93,32	103,10	69,87	162,22	140,60	25,59	209,67	68,64	112,42	184,14	0,00	0,00
17.09.2026 10:52:14	0,41	0,20	0,14	0,06	0,09	0,13	0,25	0,20	0,19	0,47	0,77	3,98	3,43	7,31	6,63	12,06	32,11	46,93	80,82	91,15	113,76	75,69	152,68	124,98	76,76	0,00	0,00	112,42	0,00	0,00	0,00
17.09.2026 10:52:20	0,39	0,22	0,13	0,14	0,09	0,07	0,18	0,21	0,14	0,55	1,02	1,05	4,12	7,87	11,97	19,60	35,57	45,31	80,82	84,64	95,99	69,87	200,39	171,84	179,12	125,80	68,64	0,00	0,00	0,00	0,00
17.09.2026 10:52:26	0,37	0,19	0,13	0,11	0,08	0,13	0,27	0,00	0,38	0,72	0,38	2,10	4,46	9,56	14,55	22,01	33,59	58,25	68,89	73,79	92,43	75,69	162,22	124,98	76,76	167,73	0,00	112,42	0,00	0,00	0,00
17.09.2026 10:52:32	0,40	0,24	0,14	0,13	0,07	0,21	0,16	0,32	0,10	0,47	1,66	1,89	2,75	5,62	18,05	19,90	41,00	57,44	54,32	82,47	85,32	75,69	181,30	140,60	281,47	83,87	0,00	0,00	0,00	0,00	0,00
17.09.2026 10:52:38	0,37	0,22	0,14	0,12	0,09	0,11	0,20	0,32	0,38	0,39	0,51	1,47	4,12	5,06	9,21	17,79	37,54	49,35	66,24	91,15	92,43	145,56	124,05	140,60	127,94	125,80	68,64	0,00	0,00	0,00	0,00
17.09.2026 10:52:44	0,39	0,21	0,14	0,10	0,13	0,04	0,21	0,17	0,24	0,47	0,90	2,31	1,37	6,75	9,21	17,19	34,58	44,50	54,32	69,45	71,10	46,58	114,51	140,60	76,76	41,93	68,64	112,42	0,00	0,00	0,00
17.09.2026 10:52:50	0,41	0,20	0,14	0,13	0,07	0,14	0,21	0,20	0,30	0,94	1,02	3,15	1,72	7,31	10,31	14,47	34,09	57,44	59,62	82,47	117,32	81,52	171,76	171,84	179,12	41,93	137,29	112,42	184,14	0,00	0,00
17.09.2026 10:52:56	0,40	0,18	0,13	0,07	0,09	0,20	0,32	0,15	0,10	0,47	0,38	2,52	3,78	3,93	3,87	17,79	31,12	48,54	87,44	75,96	106,65	110,63	124,05	78,11	102,35	125,80	0,00	112,42	184,14	0,00	0,00
17.09.2026 10:53:02	0,37	0,20	0,13	0,12	0,10	0,04	0,07	0,20	0,38	0,25	0,77	2,73	4,81	8,99	11,97	23,22	39,52	49,35	68,89	86,81	113,76	87,34	124,05	218,71	153,53	41,93	205,93	0,00	184,14	0,00	0,00
17.09.2026 10:53:08	0,38	0,22	0,10	0,10	0,07	0,18	0,16	0,17	0,19	0,95	0,38	2,52	2,75	8,99	16,20	26,54	36,06	49,35	68,89	78,13	117,32	93,16	133,59	187,47	127,94	167,73	205,93	0,00	0,00	0,00	0,00
17.09.2026 10:53:14	0,36	0,22	0,14	0,09	0,05	0,12	0,12	0,17	0,33	0,47	0,64	1,26	3,78	6,18	9,21	12,67	35,07	49,35	60,94	67,28	113,76	87,34	152,68	203,09	127,94	41,93	68,64	112,42	0,00	0,00	0,00
17.09.2026 10:53:20	0,39	0,22	0,15	0,12	0,12	0,18	0,16	0,17	0,25	0,55	1,02	1,89	4,46	8,99	15,28	20,51	39,52	44,50	63,59	93,32	63,99	69,87	104,97	140,60	51,18	167,73	137,29	0,00	0,00	0,00	0,00
17.09.2026 10:53:26	0,37	0,18	0,12	0,08	0,07	0,09	0,16	0,15	0,24	0,47	1,15	2,73	3,43	6,18	13,81	14,47	31,12	50,97	66,24	78,13	63,99	87,34	181,30	171,84	102,35	125,80	0,00	0,00	0,00	0,00	0,00
17.09.2026 10:53:32	0,37	0,20	0,15	0,06	0,09	0,10	0,11	0,15	0,19	0,23	0,77	1,68	3,09	6,18	11,05	19,90	28,16	39,65	47,69	58,60	81,77	52,40	124,05	187,47	76,76	83,87	205,93	0,00	0,00	0,00	0,00
17.09.2026 10:53:38	0,38	0,22	0,09	0,09	0,07	0,11	0,11	0,15	0,24	0,39	0,38	0,84	3,09	5,62	11,05	18,39	36,06	50,16	63,59	78,13	71,10	75,69	171,76	140,60	127,94	0,00	0,00	0,00	0,00	0,00	0,00
17.09.2026 10:53:44	0,37	0,20	0,13	0,07	0,10	0,10	0,05	0,12	0,19	0,47	0,77	1,47	3,78	5,06	7,00	18,39	33,10	42,88	60,94	82,47	117,32	52,40	47,71	93,73	153,53	41,93	137,29	0,00	0,00	0,00	0,00
17.09.2026 10:53:50	0,41	0,20	0,10	0,08	0,11	0,10	0,20	0,21	0,33	0,08	1,15	1,05	2,40	8,99	18,41	26,54	29,15	47,74	56,97	78,13	103,10	58,23	133,59	62,49	51,18	125,80	137,29	112,42	0,00	0,00	0,00
17.09.2026 10:53:56	0,40	0,19	0,15	0,13	0,09	0,10	0,11	0,15	0,29	0,47	0,38	1,68	3,78	6,75	13,26	22,62	25,19	46,93	52,99	69,45	103,10	58,23	114,51	46,87	76,76	83,87	137,29	0,00	184,14	0,00	0,00
17.09.2026 10:54:02	0,44	0,20	0,14	0,12	0,08	0,08	0,05	0,15	0,33	0,16	0,64	1,47	5,15	5,06	10,86	24,73	34,09	58,25	55,64	60,77	113,76	58,23	76,34	62,49	76,76	41,93	0,00	0,00	0,00	0,00	0,00
17.09.2026 10:54:08	0,37	0,20	0,15	0,13	0,11	0,20	0,11	0,20	0,10	0,78	1,02	1,05	2,40	7,31	13,07	25,63	35,07	33,17	46,37	86,81	60,44	58,23	95,42	93,73	76,76	167,73	137,29	0,00	0,00	0,00	0,00
17.09.2026 10:54:14	0,36	0,18	0,14	0,08	0,10	0,10	0,25	0,17	0,14	0,62	1,15	1,47	2,75	3,37	3,13	10,25	30,63	54,21	52,99	75,96	92,43	58,23	104,97	109,35	76,76	41,93	68,64	112,42	0,00	0,00	0,00
17.09.2026 10:54:20	0,40	0,20	0,10	0,10	0,04	0,17	0,16	0,15	0,19	0,39	0,38	1,47	2,40	6,18	18,78	20,81	28,65	40,45	58,29	56,43	95,99	69,87	95,42	93,73	102,35	41,93	68,64	0,00	0,00	0,00	0,00
17.09.2026 10:54:26	0,36	0,18	0,15	0,14	0,10	0,10	0,09	0,15	0,33	0,47	0,64	1,26	2,40	3,93	21,54	29,55	26,68	31,55	50,34	84,64	71,10	58,23	114,51	78,11	51,18	0,00	68,64	0,00	0,00	0,00	0,00
17.09.2026 10:54:32	0,37	0,16	0,11	0,09	0,08	0,10	0,16	0,09	0,29	0,31	1,02	1,26	4,81	5,62	16,76	24,12	26,68	45,31	46,37	47,75	88,88	58,23	124,05	93,73	25,59	41,93	0,00	0,00	184,14	0,00	0,00
17.09.2026 10:54:38	0,41	0,19	0,16	0,07	0,05	0,05	0,09	0,15	0,05	0,23	0,51	0,84	3,43	6,75	7,92	3,32	28,16	42,88	52,99	49,92	46,22	64,05	95,42	93,73	25,59	0,00	137,29	0,00	0,00	0,00	0,00
17.09.2026 10:54:44	0,38	0,21	0,11	0,08	0,07	0,11	0,12	0,12	0,43	0,62	0,64	2,94	3,09	6,18	7,73	11,76	27,17	41,26	49,02	49,92	53,33	52,40	104,97	62,49	51,18	41,93	68,64	0,00	0,00	0,00	0,00
17.09.2026 10:54:50	0,41	0,19	0,11	0,08	0,09	0,11	0,20	0,12	0,52	0,39	1,15	1,47	3,09	5,62	16,20	21,11	36,06	40,45	51,67	67,28	71,10	52,40	57,25	140,60	76,76	41,93	0,00	112,42	0,00	0,00	0,00
17.09.2026 10:54:56	0,38	0,19	0,12	0,13	0,05	0,05	0,11	0,09	0,43	0,08	0,77	2,73	3,09	5,62	17,68	9,95	26,68	31,55	56,97	71,62	120,88	87,34	114,51	124,98	76,76	167,73	68,64	0,00	0,00	0,00	0,00
17.09.2026 10:55:02	0,38	0,19	0,13	0,11	0,07	0,16	0,11	0,17	0,33	0,39	0,51	1,68	1,72	3,37	7,73	12,06	27,66	43,69	72,87	65,11	88,88	69,87	38,17	140,60	51,18	251,60	0,00	0,00	0,00	0,00	0,00
17.09.2026 10:55:08	0,36	0,19	0,13	0,11	0,15	0,14	0,12	0,15	0,43	0,08	0,90	1,47	3,78	5,62	6,81	16,59	30,63	43,69	50,34	71,62	103,10	93,16	124,05	62,49	51,18	83,87	0,00	0,00	0,00	0,00	0,00
17.09.2026 10:55:14	0,37	0,16	0,14	0,11	0,09	0,11	0,18	0,12	0,14	0,39	0,51	1,05	4,81	5,06	9,94	12,36	31,12	42,07	43,72	47,75	60,44	69,87	124,05	62,49	51,18	83,87	0,00	0,00	0,00	0,00	0,00
17.09.2026 10:55:20	0,40	0,18	0,14	0,07	0,07	0,10	0,16	0,12	0,14	0,39	0,64	2,10	3,43	4,50	5,16	15,98	25,69	33,17	46,37	58,60	74,66	87,34	76,34	156,22	127,94	167,73	68,64	0,00	0,00	0,00	0,00
17.09.2026 10:55:26	0,42	0,17	0,12	0,08	0,06	0,12	0,12	0,09	0,14	0,47	0,90	0,63	5,49	6,75	8,10	23,52	23,71	50,97	52,99	62,94	67,55	58,23	124,05	109,35	76,76	0,00	68,64	0,00	0,00	0,00	0,00
17.09.2026 10:55:32	0,37	0,17	0,16	0,10	0,08	0,10	0,09	0,12	0,14	0,47	0,51	2,10	3,43	8,99	17,12	27,44	32,11	43,69	55,64	69,45	110,21	34,94	85,88	124,98	51,18	41,93	68,64	0,00	0,00	0,00	0,00
17.09.2026 10:55:38	0,37	0,22	0,11	0,08	0,07	0,11	0,20	0,26	0,19	0,23	0,77	1,47	4,12	5,06	13,07	20,20	26,68	33,98	47,69	86,81	53,33	40,76	104,97	93,73	127,94	41,93	0,00	0,00	0,00	0,00	0,00
17.09.2026 10:55:44	0,38	0,21	0,15	0,11	0,08	0,05	0,14	0,20	0,14	0,55	1,15	1,47	3,78	6,18	11,23	16,59	31,12	37,22	52,99	56,43	95,99	93,16	95,42	46,87	25,59	83,87	0,00	0,00	0,00	0,00	0,00
17.09.2026 10:55:50	0,39	0,17	0,11	0,08	0,08	0,14	0,28	0,15	0,33	0,55	0,64	1,68	4,81	5,62	5,52	10,55	35,07	30,75	52,99	58,60	88,88	104,81	85,88	31,24	25,59	167,73	0,00	0,00	0,00	0,00	0,00
17.09.2026 10:55:56	0,37	0,17	0,11	0,06	0,07	0,15	0,25	0,17	0,19	0,47	0,38	2,31	1,72	7,31	12,71	24,73	27,17	39,65	47,69	60,77	67,55	46,58	124,05	78,11	102,35	41,93	0,00	112,42	0,00	0,00	0,00
17.09.2026 10:56:02	0,40	0,20	0,12	0,07	0,07	0,10	0,23	0,26	0,24	0,23	0,26	1,47	3,43	5,62	10,13	13,57	30,13	38,03	47,69	69,45	81,77	75,69	47,71	78,11	25,59	41,93	68,64	0,00	0,00	0,00	0,00
17.09.2026 10:56:08	0,38	0,16	0,14	0,11	0,11	0,19	0,18	0,17	0,33	0,47	0,90	1,68	2,06	5,06	7,73	16,59	32,60	38,03	55,64	52,09	67,55	52,40	114,51	156,22	51,18	0,00	137,29	0,00	0,00	0,00	0,00
17.09.2026 10:56:14	0,36	0,23	0,13	0,10	0,06	0,11	0,14	0,17	0,14	0,47	0,64	2,31	4,46	8,43	10,68	22,92	28,65	36,41	47,69	65,11	71,10	29,11	114,51	109,35	76,76	0,00	0,00	0,00	0,00	0,00	0,00
17.09.2026 10:56:20	0,37	0,18	0,12	0,08	0,11	0,11	0,20	0,09	0,19	0,70	0,64	0,42	2,40	8,43	12,52	18,39	24,70	32,36	45,04	60,77	56,88	29,11	104,97	46,87	102,35	83,87	137,29	112,42	0,00	0,00	0,00
17.09.2026 10:56:26	0,34	0,20	0,10	0,07	0,05	0,23	0,11	0,20	0,10	0,55	0,64	1,68	3,09	6,18	7,55	13,87	22,23	40,45	39,75	41,24	63,99	40,76	66,80	46,87	25,59	83,87	0,00	112,42	0,00	0,00	0,00
17.09.2026 10:56:32	0,38	0,18	0,11	0,11	0,11	0,15	0,21	0,17	0,33	0,70	1,28	1,68	4,81	3,93	8,65	17,79	27,66	42,88	55,64	52,09	39,11	46,58	76,34	78,11	25,59	41,93	0,00	0,00	0,00	0,00	0,00
17.09.2026 10:56:38	0,39	0,20	0,15	0,09	0,11	0,08	0,12	0,35	0,14	0,39	0,13	1,47	2,40	3,93	18,05	14,78	31,12	45,31	51,67	60,77	74,66	46,58	143,13	78,11	102,35	167,73	0,00	0,00	0,00	0,00	0,00
17.09.2026 10:56:44	0,40	0,20	0,11	0,11	0,11	0,08	0,11	0,20	0,24	0,23	0,51	2,10	5,49	3,93	12,34	23,22	32,60	36,41	51,67	65,11	71,10	64,05	143,13	109,35	153,53	83,87	0,00	0,00	0,00	0,00	0,00
17.09.2026 10:56:50	0,39	0,16	0,09	0,10	0,09	0,09	0,14	0,23	0,19	0,55	0,64	1,68	3,09	7,87	12,71	15,08	31,62	41,26	46,37	41,24	92,43	81,52	57,25	78,11	102,35	41,93	68,64	0,00	0,00	0,00	0,00
17.09.2026 10:56:56	0,39	0,17	0,16	0,09	0,10	0,13	0,04	0,17	0,19	0,39	0,51	1,26	3,43	6,18	13,26	15,08	22,72	46,12	31,80	82,47	74,66	69,87	95,42	46,87	51,18	0,00	0,00	0,00	0,00	0,00	0,00
17.09.2026 10:57:02	0,39	0,22	0,11	0,13	0,05	0,12	0,14	0,12	0,33	0,55	0,51	1,68	2,75	5,06	22,65	24,12	30,63	36,41	46,37	78,13	49,77	64,05	104,97	62,49	51,18	41,93	68,64	0,00	0,00	0,00	0,00
17.09.2026 10:57:08	0,41	0,17	0,15	0,10	0,05	0,11	0,12	0,15	0,19	0,39	0,64	1,05	3,43	3,37	14,18	18,09	25,19	46,93	58,29	45,58	92,43	64,05	114,51	109,35	25,59	83,87	0,00	0,00	0,00	0,00	0,00
17.09.2026 10:57:14	0,40	0,22	0,12	0,12	0,09	0,07	0,12	0,15	0,14	0,39	0,77	1,68	3,43	5,62	8,65	15,08	32,60	32,36	60,94	56,43	95,99	52,40	133,59	124,98	153,53	41,93	0,00	0,00	0,00	0,00	0,00
17.09.2026 10:57:20	0,37	0,17	0,12	0,09	0,05	0,09	0,21	0,23	0,38	0,31	1,02	2,10	3,09	3,37	8,47	13,27	32,11	33,17	62,27	58,60	63,99	75,69	114,51	46,87	51,18	83,87	0,00	0,00	0,00	0,00	0,00
17.09.2026 10:57:26	0,37	0,17	0,14	0,10	0,10	0,10	0,05	0,12	0,14	0,16	1,15	2,10	2,40	5,06	14,92	12,97	32,11	35,60	47,69	75,96	53,33	69,87	104,97	140,60	51,18	83,87	0,00	0,00	0,00	0,00	0,00
17.09.2026 10:57:32	0,37	0,20	0,12	0,10	0,09	0,08	0,13	0,35	0,29	0,47	0,77	1,68	5,15	8,43	11,05	17,19	33,59	42,07	55,64	47,75	32,00	64,05	104,97	31,24	25,59	0,00	0,00	0,00	0,00	0,00	0,00
17.09.2026 10:57:38	0,38	0,21	0,11	0,07	0,13	0,13	0,09	0,12	0,14	0,23	0,64	0,84	2,06	6,75	17,49	15,08	23,22	39,65	46,37	47,75	49,77	34,94	104,97	62,49	25,59	41,93	0,00	0,00	0,00	0,00	0,00
17.09.2026 10:57:44	0,36	0,16	0,12	0,09	0,11	0,09	0,12	0,06	0,29	0,70	0,77	0,84	3,09	4,50	8,47	20,51	27,17	24,27	43,72	56,43	53,33	52,40	76,34	109,35	51,18	41,93	0,00	0,00	0,00	0,00	0,00
17.09.2026 10:57:50	0,36	0,18	0,11	0,07	0,09	0,12	0,07	0,12	0,19	1,09	0,64	1,47	4,12	3,93	12,34	18,39	36,06	25,08	60,94	45,58	56,88	46,58	85,88	78,11	51,18	41,93	0,00	0,00	0,00	0,00	0,00
17.09.2026 10:57:56	0,38	0,19	0,11	0,11	0,08	0,15	0,07	0,09	0,24	0,55	0,51	2,31	2,75	4,50	13,63	14,47	28,16	42,88	47,69	60,77	53,33	58,23	66,80	78,11	51,18	0,00	0,00	0,00	0,00	0,00	0,00
17.09.2026 10:58:02	0,36	0,17	0,13	0,11	0,09	0,08	0,09	0,03	0,10	0,39	0,90	1,26	3,43	6,75	9,76	20,51	22,23	37,22	46,37	56,43	103,10	58,23	76,34	109,35	51,18	41,93	0,00	0,00	0,00	0,00	0,00
17.09.2026 10:58:08	0,36	0,18	0,13	0,09	0,11	0,09	0,20	0,12	0,14	0,23	0,90	2,10	2,40	5,62	2,76	14,78	31,12	48,54	38,42	62,94	56,88	75,69	76,34	46,87	51,18	125,80	0,00	0,00	0,00	0,00	0,00
17.09.2026 10:58:14	0,39	0,18	0,13	0,09	0,11	0,14	0,11	0,17	0,29	0,00	1,02	1,05	1,37	5,06	13,07	19,90	23,71	35,60	45,04	54,26	63,99	81,52	47,71	109,35	127,94	125,80	0,00	0,00	0,00	0,00	0,00
17.09.2026 10:58:20	0,36	0,18	0,14	0,08	0,07	0,12	0,16	0,17	0,14	0,62	0,77	1,68	4,46	5,06	9,58	22,31	32,11	38,84	37,10	58,60	56,88	23,29	47,71	78,11	25,59	0,00	0,00	0,00	0,00	0,00	0,00
17.09.2026 10:58:26	0,39	0,21	0,11	0,06	0,06	0,08	0,12	0,29	0,19	0,23	0,77	1,05	2,06	6,75	11,05	21,71	27,17	33,98	50,34	71,62	39,11	34,94	114,51	46,87	0,00	41,93	68,64	112,42	0,00	0,00	0,00
17.09.2026 10:58:32	0,35	0,16	0,10	0,09	0,07	0,14	0,12	0,12	0,19	0,47	0,77	1,47	4,12	6,18	9,58	16,89	25,19	32,36	46,37	65,11	46,22	46,58	76,34	62,49	25,59	41,93	68,64	0,00	0,00	0,00	0,00
17.09.2026 10:58:38	0,35	0,18	0,11	0,10	0,10	0,16	0,14	0,06	0,48	0,23	0,51	2,10	2,40	5,62	17,31	21,41	19,27	44,50	41,07	49,92	39,11	34,94	76,34	62,49	51,18	41,93	0,00	0,00	0,00	0,00	0,00
17.09.2026 10:58:44	0,34	0,20	0,11	0,09	0,11	0,07	0,20	0,23	0,10	0,31	0,38	1,05	5,49	6,75	21,54	17,19	24,21	38,84	47,69	69,45	74,66	40,76	114,51	78,11	102,35	83,87	0,00	0,00	0,00	0,00	0,00
17.09.2026 10:58:50	0,38	0,18	0,10	0,09	0,07	0,12	0,20	0,12	0,24	0,23	0,64	1,26	4,81	4,50	8,29	17,79	22,72	37,22	39,75	45,58	74,66	58,23	95,42	156,22	0,00	41,93	68,64	0,00	0,00	0,00	0,00
17.09.2026 10:58:56	0,37	0,18	0,12	0,10	0,08	0,05	0,18	0,12	0,05	0,16	1,15	1,68	2,06	8,99	7,37	19,60	23,22	39,65	54,32	49,92	67,55	23,29	85,88	78,11	25,59	41,93	68,64	0,00	0,00	0,00	0,00
17.09.2026 10:59:02	0,38	0,20	0,17	0,08	0,05	0,10	0,16	0,20	0,24	0,23	0,90	1,89	5,83	8,43	7,37	19,60	27,66	28,32	49,02	56,43	53,33	75,69	124,05	31,24	51,18	0,00	68,64	0,00	0,00	0,00	0,00
17.09.2026 10:59:08	0,35	0,16	0,13	0,08	0,05	0,08	0,18	0,23	0,33	0,31	1,02	2,52	3,43	7,87	13,07	13,87	27,66	37,22	38,42	47,75	110,21	34,94	76,34	46,87	51,18	0,00	0,00	0,00	0,00	0,00	0,00
17.09.2026 10:59:14	0,34	0,20	0,13	0,09	0,08	0,12	0,05	0,09	0,19	0,16	1,15	1,26	2,40	3,93	6,08	13,87	26,68	46,93	41,07	58,60	71,10	40,76	85,88	31,24	0,00	83,87	68,64	0,00	0,00	0,00	0,00
17.09.2026 10:59:20	0,39	0,18	0,10	0,06	0,07	0,09	0,16	0,09	0,43	0,55	0,77	2,52	3,78	5,62	14,55	13,87	29,15	39,65	49,02	54,26	56,88	64,05	57,25	62,49	76,76	0,00	0,00	0,00	0,00	0,00	0,00
17.09.2026 10:59:26	0,36	0,21	0,10	0,09	0,14	0,15	0,09	0,12	0,19	0,55	1,02	1,68	4,12	9,56	11,60	15,68	21,74	33,98	34,45	58,60	63,99	40,76	76,34	78,11	51,18	41,93	0,00	0,00	0,00	0,00	0,00
17.09.2026 10:59:32	0,34	0,20	0,11	0,10	0,09	0,11	0,14	0,09	0,33	0,23	0,38	1,89	4,12	2,81	3,87	18,39	32,11	30,75	56,97	34,73	81,77	58,23	28,63	46,87	25,59	41,93	0,00	0,00	0,00	0,00	0,00
17.09.2026 10:59:38	0,36	0,17	0,11	0,10	0,06	0,14	0,07	0,26	0,24	0,16	1,02	1,68	3,09	3,37	8,84	17,19	16,30	38,84	47,69	39,07	67,55	34,94	76,34	62,49	25,59	83,87	0,00	0,00	0,00	0,00	0,00
17.09.2026 10:59:44	0,39	0,20	0,11	0,13	0,05	0,08	0,07	0,06	0,19	0,31	0,64	1,47	2,06	3,93	14,92	22,62	20,75	49,35	51,67	47,75	53,33	64,05	85,88	62,49	25,59	0,00	0,00	0,00	0,00	0,00	0,00
17.09.2026 10:59:50	0,39	0,18	0,12	0,10	0,10	0,13	0,14	0,33	0,24	0,55	1,02	1,26	5,15	5,62	20,81	31,96	23,71	25,89	56,97	47,75	53,33	46,58	85,88	31,24	25,59	41,93	0,00	0,00	0,00	0,00	0,00
17.09.2026 10:59:56	0,36	0,18	0,11	0,06	0,06	0,16	0,11	0,12	0,24	0,31	0,51	1,05	4,12	3,37	9,39	8,14	29,64	26,70	50,34	69,45	53,33	11,65	66,80	46,87	25,59	41,93	0,00	0,00	0,00	0,00	0,00
17.09.2026 11:00:02	0,35	0,18	0,11	0,09	0,12	0,12	0,11	0,20	0,24	0,31	1,02	0,42	1,03	7,31	8,84	10,86	22,72	39,65	39,75	60,77	39,11	34,94	38,17	46,87	102,35	0,00	0,00	0,00	0,00	0,00	0,00
17.09.2026 11:00:08	0,32	0,19	0,11	0,08	0,12	0,07	0,11	0,09	0,14	0,39	0,26	1,89	3,09	6,75	11,60	14,47	26,68	30,75	42,40	49,92	39,11	58,23	104,97	62,49	25,59	0,00	0,00	0,00	0,00	0,00	0,00
17.09.2026 11:00:14	0,25	0,11	0,08	0,05	0,07	0,10	0,11	0,17	0,19	0,16	0,77	1,26	0,69	6,18	4,97	5,13	17,78	23,46	42,40	47,75	67,55	29,11	57,25	31,24	51,18	125,80	0,00	0,00	0,00	0,00	0,00
17.09.2026 11:00:20	0,29	0,16	0,08	0,06	0,08	0,10	0,16	0,09	0,14	0,16	0,38	1,47	2,75	2,81	2,39	8,44	27,66	35,60	41,07	34,73	60,44	46,58	66,80	15,62	76,76	0,00	68,64	0,00	0,00	0,00	0,00
17.09.2026 11:00:26	0,34	0,16	0,14	0,09	0,09	0,11	0,11	0,17	0,05	0,16	1,15	2,10	2,40	7,87	19,15	18,70	22,23	32,36	23,85	47,75	17,78	17,47	47,71	46,87	25,59	0,00	137,29	0,00	0,00	0,00	0,00
17.09.2026 11:00:32	0,26	0,13	0,08	0,08	0,09	0,07	0,09	0,09	0,14	0,47	0,77	0,63	2,40	3,93	3,87	4,82	16,80	23,46	23,85	36,90	63,99	29,11	38,17	78,11	76,76	0,00	0,00	0,00	0,00	0,00	0,00
17.09.2026 11:00:38	0,26	0,14	0,09	0,07	0,07	0,12	0,12	0,15	0,10	0,62	0,90	1,05	2,06	4,50	0,00	3,32	20,25	21,85	29,15	32,55	42,66	52,40	47,71	46,87	0,00	0,00	0,00	0,00	0,00	0,00	0,00
17.09.2026 11:00:44	0,20	0,09	0,05	0,06	0,04	0,07	0,07	0,06	0,10	0,16	0,38	0,84	2,40	5,62	2,58	8,44	16,80	20,23	11,92	26,04	28,44	11,65	38,17	31,24	51,18	0,00	0,00	0,00	0,00	0,00	0,00
17.09.2026 11:00:50	0,25	0,14	0,07	0,05	0,07	0,03	0,12	0,12	0,10	0,31	0,13	1,89	2,06	0,56	5,16	9,35	8,89	22,65	25,17	32,55	21,33	40,76	47,71	31,24	0,00	0,00	0,00	112,42	0,00	0,00	0,00
17.09.2026 11:00:56	0,17	0,09	0,08	0,03	0,03	0,05	0,07	0,15	0,14	0,08	0,51	0,42	2,06	3,37	0,00	2,41	10,87	22,65	29,15	13,02	35,55	23,29	38,17	31,24	51,18	41,93	68,64	0,00	0,00	0,00	0,00
17.09.2026 11:01:02	0,18	0,07	0,05	0,02	0,03	0,05	0,07	0,09	0,19	0,08	0,38	1,05	2,40	2,25	9,76	13,87	7,90	17,80	15,90	21,70	32,00	11,65	47,71	31,24	0,00	83,87	68,64	0,00	0,00	0,00	0,00
17.09.2026 11:01:08	0,18	0,09	0,06	0,04	0,05	0,02	0,16	0,12	0,00	0,23	0,38	0,21	2,06	2,25	10,50	13,57	9,39	19,42	13,25	28,21	17,78	5,82	47,71	0,00	25,59	0,00	0,00	0,00	0,00	0,00	0,00
17.09.2026 11:01:14	0,17	0,10	0,08	0,03	0,01	0,05	0,07	0,00	0,05	0,16	0,51	0,00	0,34	3,93	4,79	6,63	10,37	15,37	14,57	23,87	21,33	5,82	9,54	31,24	0,00	0,00	0,00	0,00	0,00	0,00	0,00
17.09.2026 11:01:20	0,14	0,08	0,05	0,04	0,04	0,04	0,04	0,03	0,05	0,08	0,13	0,42	1,72	1,69	6,81	9,95	4,94	7,28	18,55	13,02	17,78	17,47	19,08	15,62	0,00	0,00	0,00	0,00	0,00	0,00	0,00
17.09.2026 11:01:26	0,13	0,07	0,03	0,02	0,01	0,02	0,00	0,06	0,33	0,16	0,38	0,63	0,69	2,81	0,00	0,00	0,99	11,33	27,82	19,53	10,67	11,65	28,63	0,00	25,59	0,00	0,00	0,00	0,00	0,00	0,00
17.09.2026 11:01:32	0,12	0,07	0,04	0,02	0,03	0,03	0,04	0,06	0,05	0,08	0,51	0,42	0,34	1,69	10,31	10,86	4,45	12,95	17,22	10,85	10,67	23,29	19,08	0,00	25,59	0,00	0,00	0,00	0,00	0,00	0,00
17.09.2026 11:01:38	0,11	0,05	0,03	0,02	0,03	0,02	0,04	0,03	0,10	0,00	0,13	0,84	0,69	1,69	3,31	7,54	6,92	9,71	11,92	21,70	10,67	5,82	28,63	0,00	0,00	0,00	0,00	0,00	0,00	0,00	0,00
17.09.2026 11:01:44	0,09	0,06	0,02	0,02	0,04	0,00	0,04	0,03	0,10	0,00	0,26	0,42	0,00	2,25	1,84	0,00	6,92	9,71	9,27	13,02	0,00	17,47	19,08	0,00	25,59	0,00	0,00	0,00	0,00	0,00	0,00
17.09.2026 11:01:50	0,08	0,06	0,02	0,02	0,02	0,01	0,05	0,06	0,00	0,08	0,64	0,00	1,37	0,56	2,76	3,32	4,45	9,71	9,27	15,19	10,67	17,47	19,08	15,62	0,00	0,00	0,00	0,00	0,00	0,00	0,00
17.09.2026 11:01:56	0,09	0,04	0,02	0,03	0,03	0,04	0,00	0,00	0,05	0,16	0,13	0,21	0,34	2,81	2,03	4,52	5,93	5,66	9,27	13,02	10,67	5,82	19,08	15,62	0,00	0,00	0,00	0,00	0,00	0,00	0,00
17.09.2026 11:02:02	0,08	0,05	0,03	0,02	0,01	0,03	0,02	0,03	0,00	0,08	0,00	0,21	0,69	2,81	6,44	7,54	5,93	4,85	6,62	6,51	3,56	0,00	28,63	0,00	0,00	0,00	0,00	0,00	0,00	0,00	0,00
17.09.2026 11:02:08	0,06	0,02	0,03	0,01	0,02	0,05	0,02	0,00	0,05	0,31	0,00	0,63	0,69	0,56	3,87	6,33	5,93	6,47	3,97	15,19	7,11	0,00	9,54	0,00	0,00	0,00	0,00	0,00	0,00	0,00	0,00
17.09.2026 11:02:14	0,08	0,05	0,02	0,02	0,03	0,01	0,04	0,03	0,00	0,08	0,00	0,00	0,00	1,12	4,79	8,14	2,47	5,66	6,62	15,19	21,33	5,82	0,00	15,62	0,00	0,00	0,00	0,00	0,00	0,00	0,00
17.09.2026 11:02:20	0,06	0,04	0,02	0,00	0,03	0,01	0,04	0,03	0,05	0,08	0,13	0,00	0,34	1,69	2,21	1,21	3,95	6,47	7,95	13,02	14,22	5,82	0,00	0,00	0,00	0,00	0,00	0,00	0,00	301,55	0,00
17.09.2026 11:02:26	0,07	0,02	0,01	0,02	0,01	0,00	0,02	0,03	0,05	0,08	0,13	0,00	0,69	1,69	2,39	6,03	1,48	3,24	3,97	2,17	7,11	11,65	9,54	0,00	0,00	41,93	0,00	0,00	0,00	0,00	0,00
17.09.2026 11:02:32	0,05	0,03	0,02	0,02	0,01	0,01	0,02	0,00	0,05	0,00	0,00	0,42	0,34	2,81	2,03	1,21	2,47	6,47	6,62	8,68	0,00	5,82	0,00	31,24	0,00	0,00	0,00	0,00	0,00	0,00	0,00
17.09.2026 11:02:38	0,07	0,03	0,01	0,01	0,01	0,01	0,04	0,06	0,05	0,08	0,13	0,42	0,00	1,12	1,47	0,90	3,95	4,05	2,65	2,17	14,22	5,82	9,54	31,24	0,00	0,00	0,00	0,00	0,00	0,00	0,00
17.09.2026 11:02:44	0,05	0,02	0,01	0,02	0,02	0,00	0,02	0,00	0,10	0,16	0,00	0,00	0,34	0,00	0,00	2,11	3,46	2,43	3,97	4,34	17,78	11,65	0,00	0,00	0,00	0,00	0,00	112,42	0,00	0,00	0,00
17.09.2026 11:02:50	0,04	0,03	0,01	0,01	0,01	0,01	0,04	0,00	0,05	0,08	0,13	0,00	0,00	0,00	1,47	0,90	3,95	4,05	5,30	2,17	3,56	0,00	0,00	0,00	0,00	0,00	0,00	0,00	0,00	0,00	0,00
17.09.2026 11:02:56	0,05	0,02	0,01	0,02	0,01	0,00	0,00	0,03	0,00	0,00	0,00	0,00	0,34	1,12	0,00	0,60	2,47	1,62	7,95	4,34	10,67	0,00	0,00	0,00	0,00	0,00	0,00	0,00	0,00	0,00	0,00
17.09.2026 11:03:02	0,04	0,02	0,01	0,00	0,01	0,02	0,00	0,00	0,00	0,00	0,00	0,00	0,00	0,00	0,00	0,00	0,99	3,24	5,30	8,68	0,00	0,00	9,54	0,00	0,00	0,00	0,00	0,00	0,00	0,00	0,00
17.09.2026 11:03:08	0,03	0,02	0,01	0,00	0,00	0,01	0,05	0,00	0,05	0,08	0,13	0,00	0,69	0,00	0,37	0,90	1,48	1,62	2,65	2,17	0,00	0,00	9,54	15,62	0,00	0,00	0,00	0,00	0,00	0,00	0,00
17.09.2026 11:03:14	0,03	0,02	0,00	0,01	0,01	0,02	0,02	0,00	0,05	0,00	0,00	0,42	0,69	0,00	3,87	5,73	1,48	0,00	1,32	2,17	0,00	0,00	0,00	0,00	0,00	0,00	0,00	0,00	0,00	0,00	0,00
17.09.2026 11:03:20	0,02	0,03	0,01	0,00	0,01	0,00	0,00	0,00	0,00	0,00	0,26	0,00	0,34	0,56	2,39	0,60	1,98	5,66	2,65	4,34	0,00	0,00	0,00	0,00	0,00	0,00	0,00	0,00	0,00	0,00	0,00
17.09.2026 11:03:26	0,03	0,01	0,01	0,01	0,00	0,00	0,04	0,00	0,00	0,00	0,00	0,00	0,34	0,00	2,76	6,03	0,49	0,81	1,32	2,17	3,56	0,00	0,00	0,00	0,00	0,00	0,00	0,00	0,00	0,00	0,00
17.09.2026 11:03:32	0,03	0,01	0,00	0,01	0,01	0,01	0,02	0,00	0,00	0,00	0,13	0,21	0,00	0,00	1,66	0,00	0,99	1,62	5,30	4,34	0,00	5,82	0,00	0,00	0,00	0,00	0,00	0,00	0,00	0,00	0,00
17.09.2026 11:03:38	0,02	0,02	0,01	0,00	0,01	0,00	0,02	0,00	0,00	0,00	0,00	0,00	0,34	0,00	0,37	1,81	1,98	4,05	1,32	0,00	3,56	0,00	9,54	0,00	0,00	0,00	0,00	0,00	0,00	0,00	0,00
17.09.2026 11:03:44	0,02	0,01	0,00	0,01	0,00	0,00	0,02	0,00	0,05	0,00	0,00	0,00	0,00	0,00	0,00	0,00	2,47	0,81	1,32	0,00	10,67	0,00	0,00	0,00	0,00	0,00	0,00	0,00	0,00	0,00	0,00
17.09.2026 11:03:50	0,03	0,00	0,01	0,00	0,00	0,01	0,00	0,00	0,05	0,00	0,00	0,00	0,00	0,00	0,00	0,00	0,00	0,81	0,00	6,51	3,56	0,00	0,00	0,00	0,00	0,00	0,00	0,00	0,00	0,00	0,00
17.09.2026 11:03:56	0,02	0,01	0,00	0,01	0,01	0,01	0,02	0,00	0,00	0,08	0,00	0,00	0,00	0,00	0,00	0,00	0,00	1,62	3,97	0,00	0,00	0,00	0,00	0,00	0,00	0,00	0,00	0,00	0,00	0,00	0,00
17.09.2026 11:04:02	0,02	0,01	0,01	0,00	0,00	0,00	0,00	0,00	0,00	0,00	0,00	0,21	0,00	0,56	2,39	2,41	0,99	0,00	1,32	2,17	0,00	0,00	0,00	0,00	0,00	0,00	0,00	0,00	0,00	0,00	0,00
17.09.2026 11:04:08	0,02	0,01	0,01	0,00	0,00	0,00	0,00	0,00	0,00	0,00	0,00	0,00	0,00	0,00	0,00	0,00	0,49	1,62	0,00	2,17	0,00	5,82	0,00	0,00	0,00	0,00	0,00	0,00	0,00	0,00	0,00
17.09.2026 11:04:14	0,02	0,01	0,00	0,00	0,01	0,00	0,00	0,00	0,00	0,00	0,00	0,21	0,00	0,56	0,00	0,00	0,00	1,62	0,00	0,00	3,56	5,82	9,54	0,00	0,00	0,00	0,00	0,00	0,00	0,00	0,00
17.09.2026 11:04:20	0,02	0,01	0,00	0,00	0,00	0,00	0,00	0,00	0,00	0,00	0,26	0,00	0,00	0,00	0,00	0,30	0,00	2,43	1,32	0,00	0,00	0,00	0,00	0,00	0,00	0,00	0,00	0,00	0,00	0,00	0,00
17.09.2026 11:04:26	0,01	0,01	0,00	0,00	0,00	0,00	0,00	0,00	0,00	0,00	0,00	0,21	0,00	0,00	1,10	0,00	0,49	0,81	0,00	0,00	3,56	0,00	9,54	0,00	0,00	0,00	0,00	0,00	0,00	0,00	0,00
17.09.2026 11:04:32	0,02	0,01	0,00	0,00	0,00	0,01	0,00	0,00	0,00	0,00	0,00	0,00	0,00	0,00	0,00	0,00	0,49	1,62	1,32	2,17	0,00	0,00	0,00	0,00	0,00	0,00	0,00	0,00	0,00	0,00	0,00
17.09.2026 11:04:38	0,01	0,00	0,00	0,00	0,01	0,00	0,00	0,03	0,00	0,00	0,13	0,21	0,69	0,00	1,29	1,81	0,49	0,00	1,32	0,00	0,00	0,00	0,00	0,00	0,00	0,00	0,00	0,00	0,00	0,00	0,00
17.09.2026 11:04:44	0,01	0,00	0,00	0,01	0,00	0,00	0,00	0,00	0,00	0,00	0,00	0,21	0,00	0,00	0,18	0,00	1,48	0,81	0,00	0,00	0,00	0,00	0,00	0,00	0,00	0,00	0,00	0,00	0,00	0,00	0,00
17.09.2026 11:04:50	0,01	0,00	0,00	0,01	0,00	0,00	0,00	0,00	0,00	0,00	0,00	0,00	0,00	0,00	0,74	0,00	0,00	0,00	0,00	0,00	0,00	0,00	9,54	0,00	0,00	0,00	0,00	0,00	0,00	0,00	0,00
17.09.2026 11:04:56	0,01	0,00	0,00	0,00	0,00	0,00	0,02	0,00	0,00	0,00	0,00	0,21	0,00	0,00	0,00	0,00	0,00	0,00	0,00	0,00	0,00	0,00	0,00	0,00	0,00	0,00	0,00	0,00	0,00	0,00	0,00
17.09.2026 11:05:02	0,01	0,01	0,00	0,00	0,00	0,00	0,00	0,00	0,00	0,00	0,00	0,00	0,00	0,00	0,00	0,90	0,99	0,00	0,00	0,00	0,00	0,00	0,00	0,00	0,00	0,00	0,00	0,00	0,00	0,00	0,00
17.09.2026 11:05:08	0,00	0,00	0,00	0,00	0,01	0,01	0,00	0,00	0,00	0,00	0,13	0,00	0,00	0,00	0,00	0,30	0,49	0,81	1,32	2,17	0,00	0,00	0,00	0,00	0,00	0,00	0,00	0,00	0,00	0,00	0,00
17.09.2026 11:05:14	0,00	0,00	0,00	0,00	0,00	0,01	0,00	0,00	0,00	0,00	0,00	0,00	0,00	0,00	1,10	0,60	0,00	0,81	0,00	2,17	0,00	0,00	0,00	0,00	0,00	0,00	0,00	0,00	0,00	0,00	0,00
17.09.2026 11:05:20	0,00	0,00	0,00	0,01	0,00	0,00	0,00	0,00	0,00	0,00	0,00	0,00	0,00	0,56	1,29	0,30	0,00	0,81	1,32	0,00	0,00	0,00	0,00	0,00	0,00	0,00	0,00	0,00	0,00	0,00	0,00
17.09.2026 11:05:26	0,01	0,00	0,00	0,00	0,00	0,00	0,00	0,00	0,00	0,00	0,00	0,00	0,00	0,00	0,00	0,90	0,99	0,00	0,00	0,00	0,00	0,00	0,00	0,00	0,00	0,00	0,00	0,00	0,00	0,00	0,00
17.09.2026 11:05:32	0,00	0,01	0,01	0,00	0,00	0,00	0,00	0,00	0,00	0,00	0,00	0,00	0,00	0,00	0,37	0,60	0,00	0,00	1,32	0,00	0,00	0,00	0,00	0,00	0,00	0,00	0,00	0,00	0,00	0,00	0,00
17.09.2026 11:05:38	0,00	0,00	0,00	0,00	0,01	0,00	0,00	0,00	0,00	0,00	0,00	0,00	0,00	0,00	0,00	0,00	0,00	0,00	0,00	0,00	0,00	0,00	0,00	0,00	0,00	0,00	0,00	0,00	0,00	0,00	0,00
17.09.2026 11:05:44	0,00	0,00	0,00	0,01	0,00	0,00	0,00	0,00	0,00	0,00	0,00	0,00	0,00	0,00	0,00	0,00	0,00	0,00	0,00	0,00	0,00	0,00	0,00	0,00	0,00	0,00	0,00	0,00	0,00	0,00	0,00
17.09.2026 11:05:50	0,01	0,00	0,00	0,00	0,00	0,00	0,00	0,00	0,00	0,00	0,00	0,00	0,00	0,00	0,00	0,00	0,00	0,00	0,00	0,00	0,00	0,00	0,00	0,00	0,00	0,00	0,00	0,00	0,00	0,00	0,00
17.09.2026 11:05:56	0,00	0,00	0,00	0,00	0,00	0,00	0,00	0,00	0,00	0,00	0,00	0,21	0,00	0,00	0,00	0,00	0,00	0,00	0,00	0,00	0,00	0,00	0,00	0,00	0,00	0,00	0,00	0,00	0,00	0,00	0,00
17.09.2026 11:06:02	0,00	0,00	0,00	0,00	0,00	0,00	0,00	0,00	0,00	0,00	0,00	0,00	0,00	0,00	0,00	0,00	0,00	0,00	0,00	0,00	0,00	0,00	0,00	0,00	0,00	0,00	0,00	0,00	0,00	0,00	0,00
17.09.2026 11:06:08	0,00	0,00	0,00	0,00	0,00	0,00	0,00	0,00	0,00	0,00	0,00	0,00	0,00	0,00	0,00	0,00	0,00	0,00	0,00	0,00	0,00	0,00	0,00	0,00	0,00	0,00	0,00	0,00	0,00	0,00	0,00
17.09.2026 11:06:14	0,00	0,00	0,00	0,00	0,01	0,00	0,00	0,00	0,00	0,00	0,00	0,21	0,00	0,00	0,00	0,00	0,00	0,00	0,00	0,00	0,00	0,00	0,00	0,00	0,00	0,00	0,00	0,00	0,00	0,00	0,00
17.09.2026 11:06:20	0,00	0,00	0,00	0,00	0,00	0,00	0,00	0,00	0,00	0,00	0,00	0,00	0,00	0,00	0,00	0,00	0,00	0,00	0,00	0,00	0,00	0,00	0,00	0,00	0,00	0,00	0,00	0,00	0,00	0,00	0,00
17.09.2026 11:06:26	0,00	0,00	0,00	0,00	0,00	0,00	0,00	0,00	0,00	0,00	0,00	0,21	0,00	0,56	0,37	0,60	0,00	0,81	0,00	0,00	0,00	0,00	0,00	0,00	0,00	0,00	0,00	0,00	0,00	0,00	0,00
17.09.2026 11:06:32	0,00	0,00	0,00	0,00	0,00	0,00	0,00	0,00	0,00	0,00	0,00	0,00	0,00	0,00	0,00	0,00	0,00	0,00	0,00	0,00	0,00	0,00	0,00	0,00	0,00	0,00	0,00	0,00	0,00	0,00	0,00
17.09.2026 11:06:38	0,00	0,00	0,00	0,00	0,00	0,00	0,00	0,00	0,00	0,00	0,00	0,21	0,00	0,00	0,00	0,00	0,00	0,00	0,00	0,00	0,00	0,00	0,00	0,00	0,00	0,00	0,00	0,00	0,00	0,00	0,00
17.09.2026 11:06:44	0,00	0,00	0,00	0,00	0,00	0,00	0,00	0,00	0,00	0,00	0,00	0,00	0,00	0,00	0,00	0,00	0,00	0,00	0,00	0,00	0,00	0,00	0,00	0,00	0,00	0,00	0,00	0,00	0,00	0,00	0,00
17.09.2026 11:06:50	0,00	0,00	0,00	0,00	0,00	0,00	0,00	0,00	0,00	0,00	0,00	0,00	0,00	0,00	0,00	0,00	0,00	0,00	0,00	0,00	0,00	0,00	0,00	0,00	0,00	0,00	0,00	0,00	0,00	0,00	0,00
17.09.2026 11:06:56	0,00	0,00	0,00	0,00	0,00	0,00	0,00	0,00	0,00	0,00	0,00	0,00	0,00	0,00	0,00	0,00	0,00	0,00	0,00	0,00	0,00	0,00	0,00	0,00	0,00	0,00	0,00	0,00	0,00	0,00	0,00
17.09.2026 11:07:02	0,00	0,00	0,00	0,00	0,00	0,00	0,00	0,00	0,00	0,00	0,00	0,00	0,34	0,00	0,00	0,00	0,00	0,00	0,00	0,00	0,00	0,00	0,00	0,00	0,00	0,00	0,00	0,00	0,00	0,00	0,00
17.09.2026 11:07:08	0,00	0,00	0,00	0,00	0,00	0,00	0,00	0,00	0,00	0,00	0,00	0,00	0,00	0,00	0,00	0,00	0,00	0,00	0,00	0,00	0,00	0,00	0,00	0,00	0,00	0,00	0,00	0,00	0,00	0,00	0,00
17.09.2026 11:07:14	0,00	0,00	0,00	0,00	0,00	0,01	0,00	0,00	0,00	0,00	0,00	0,00	0,00	0,00	0,00	0,00	0,00	0,00	0,00	0,00	0,00	0,00	0,00	0,00	0,00	0,00	0,00	0,00	0,00	0,00	0,00
17.09.2026 11:07:20	0,00	0,00	0,00	0,00	0,00	0,00	0,00	0,00	0,00	0,00	0,00	0,00	0,00	0,00	0,00	0,00	0,00	0,00	0,00	0,00	0,00	0,00	0,00	0,00	0,00	0,00	0,00	0,00	0,00	0,00	0,00
17.09.2026 11:07:26	0,00	0,00	0,00	0,00	0,00	0,00	0,00	0,00	0,00	0,00	0,00	0,00	0,00	0,00	0,00	0,00	0,00	0,00	0,00	0,00	0,00	0,00	0,00	0,00	0,00	0,00	0,00	0,00	0,00	0,00	0,00
17.09.2026 11:07:32	0,00	0,00	0,00	0,00	0,00	0,00	0,00	0,00	0,00	0,00	0,00	0,00	0,00	0,00	0,55	0,60	0,00	0,00	0,00	0,00	0,00	0,00	0,00	0,00	0,00	0,00	0,00	0,00	0,00	0,00	0,00
17.09.2026 11:07:38	0,00	0,00	0,00	0,00	0,00	0,00	0,00	0,00	0,00	0,00	0,00	0,00	0,00	0,00	0,00	0,00	0,00	0,00	0,00	0,00	0,00	0,00	0,00	0,00	0,00	0,00	0,00	0,00	0,00	0,00	0,00
17.09.2026 11:07:44	0,00	0,00	0,00	0,00	0,00	0,00	0,00	0,00	0,00	0,00	0,00	0,00	0,00	0,00	0,00	0,00	0,00	0,00	0,00	0,00	0,00	0,00	0,00	0,00	0,00	0,00	0,00	0,00	0,00	0,00	0,00
17.09.2026 11:07:50	0,00	0,00	0,00	0,00	0,00	0,00	0,00	0,00	0,00	0,00	0,00	0,00	0,00	0,00	0,55	0,60	0,00	0,00	0,00	0,00	0,00	0,00	0,00	0,00	0,00	0,00	0,00	0,00	0,00	0,00	0,00
17.09.2026 11:07:56	0,00	0,00	0,00	0,00	0,00	0,00	0,00	0,00	0,00	0,00	0,00	0,00	0,00	0,00	0,00	0,00	0,00	0,00	0,00	0,00	0,00	0,00	0,00	0,00	0,00	0,00	0,00	0,00	0,00	0,00	0,00
17.09.2026 11:08:02	0,00	0,00	0,00	0,00	0,00	0,00	0,00	0,00	0,00	0,00	0,00	0,00	0,00	0,00	0,55	0,60	0,00	0,00	0,00	0,00	0,00	0,00	0,00	0,00	0,00	0,00	0,00	0,00	0,00	0,00	0,00
17.09.2026 11:08:08	0,00	0,00	0,00	0,00	0,00	0,00	0,00	0,00	0,00	0,00	0,00	0,00	0,00	0,00	0,00	0,00	0,00	0,00	0,00	0,00	0,00	0,00	0,00	0,00	0,00	0,00	0,00	0,00	0,00	0,00	0,00
17.09.2026 11:08:14	0,00	0,00	0,00	0,00	0,00	0,00	0,00	0,00	0,00	0,00	0,00	0,00	0,00	0,00	0,92	1,51	0,00	0,00	0,00	0,00	0,00	0,00	0,00	0,00	0,00	0,00	0,00	0,00	0,00	0,00	0,00
17.09.2026 11:08:20	0,00	0,00	0,00	0,00	0,00	0,00	0,00	0,00	0,00	0,00	0,00	0,00	0,00	0,00	0,00	0,00	0,00	0,00	0,00	0,00	0,00	0,00	0,00	0,00	0,00	0,00	0,00	0,00	0,00	0,00	0,00
17.09.2026 11:08:26	0,00	0,00	0,00	0,00	0,00	0,00	0,00	0,00	0,00	0,00	0,00	0,00	0,00	0,00	0,00	0,00	0,00	0,00	0,00	0,00	0,00	0,00	0,00	0,00	0,00	0,00	0,00	0,00	0,00	0,00	0,00
17.09.2026 11:08:32	0,00	0,00	0,00	0,00	0,00	0,00	0,00	0,00	0,00	0,00	0,00	0,00	0,00	0,00	0,00	0,00	0,00	0,00	0,00	0,00	0,00	0,00	0,00	0,00	0,00	0,00	0,00	0,00	0,00	0,00	0,00
17.09.2026 11:08:38	0,00	0,00	0,00	0,00	0,00	0,00	0,00	0,00	0,00	0,00	0,00	0,00	0,00	0,00	0,00	0,00	0,00	0,00	0,00	0,00	0,00	0,00	0,00	0,00	0,00	0,00	0,00	0,00	0,00	0,00	0,00
17.09.2026 11:08:44	0,00	0,00	0,00	0,00	0,00	0,00	0,00	0,00	0,00	0,00	0,00	0,00	0,00	0,00	0,00	0,00	0,00	0,00	0,00	0,00	0,00	0,00	0,00	0,00	0,00	0,00	0,00	0,00	0,00	0,00	0,00
17.09.2026 11:08:50	0,00	0,00	0,00	0,00	0,00	0,00	0,00	0,00	0,00	0,00	0,00	0,00	0,00	0,00	0,00	0,00	0,00	0,00	0,00	0,00	0,00	0,00	0,00	0,00	0,00	0,00	0,00	0,00	0,00	0,00	0,00
17.09.2026 11:08:56	0,00	0,00	0,00	0,00	0,00	0,00	0,00	0,00	0,00	0,00	0,00	0,00	0,00	0,00	0,00	0,00	0,00	0,00	0,00	0,00	0,00	0,00	0,00	0,00	0,00	0,00	0,00	0,00	0,00	0,00	0,00
17.09.2026 11:09:02	0,00	0,00	0,00	0,00	0,01	0,00	0,00	0,00	0,00	0,00	0,00	0,00	0,00	0,00	0,00	0,00	0,00	0,00	0,00	0,00	0,00	0,00	0,00	0,00	0,00	0,00	0,00	0,00	0,00	0,00	0,00
17.09.2026 11:09:08	0,00	0,00	0,00	0,00	0,00	0,00	0,00	0,00	0,00	0,00	0,00	0,00	0,00	0,00	0,00	0,00	0,00	0,00	0,00	0,00	0,00	0,00	0,00	0,00	0,00	0,00	0,00	0,00	0,00	0,00	0,00
17.09.2026 11:09:14	0,00	0,00	0,00	0,00	0,00	0,00	0,00	0,00	0,00	0,00	0,00	0,00	0,00	0,00	0,00	0,00	0,00	0,00	0,00	0,00	0,00	0,00	0,00	0,00	0,00	0,00	0,00	0,00	0,00	0,00	0,00
17.09.2026 11:09:20	0,00	0,00	0,00	0,00	0,00	0,00	0,00	0,00	0,00	0,00	0,00	0,00	0,00	0,00	0,00	0,00	0,00	0,00	0,00	0,00	0,00	0,00	0,00	0,00	0,00	0,00	0,00	0,00	0,00	0,00	0,00
17.09.2026 11:09:26	0,00	0,00	0,00	0,00	0,00	0,00	0,00	0,00	0,00	0,00	0,00	0,00	0,00	0,00	0,00	0,00	0,00	0,00	0,00	0,00	0,00	0,00	0,00	0,00	0,00	0,00	0,00	0,00	0,00	0,00	0,00
17.09.2026 11:09:32	0,00	0,00	0,00	0,00	0,00	0,00	0,00	0,00	0,00	0,00	0,00	0,00	0,00	0,00	0,00	0,00	0,00	0,00	0,00	0,00	0,00	0,00	0,00	0,00	0,00	0,00	0,00	0,00	0,00	0,00	0,00
17.09.2026 11:09:38	0,00	0,00	0,00	0,00	0,00	0,00	0,00	0,00	0,00	0,00	0,00	0,00	0,00	0,00	0,00	0,00	0,00	0,00	0,00	0,00	0,00	0,00	0,00	0,00	0,00	0,00	0,00	0,00	0,00	0,00	0,00
17.09.2026 11:09:44	0,00	0,00	0,00	0,00	0,00	0,00	0,00	0,00	0,00	0,00	0,00	0,00	0,00	0,00	0,00	0,00	0,00	0,00	0,00	0,00	0,00	0,00	0,00	0,00	0,00	0,00	0,00	0,00	0,00	0,00	0,00
17.09.2026 11:09:50	0,00	0,00	0,00	0,00	0,00	0,00	0,00	0,00	0,00	0,00	0,00	0,00	0,00	0,00	0,00	0,00	0,00	0,00	0,00	0,00	0,00	0,00	0,00	0,00	0,00	0,00	0,00	0,00	0,00	0,00	0,00
17.09.2026 11:09:56	0,00	0,00	0,00	0,00	0,00	0,00	0,00	0,00	0,00	0,00	0,00	0,00	0,00	0,00	0,00	0,00	0,00	0,00	0,00	0,00	0,00	0,00	0,00	0,00	0,00	0,00	0,00	0,00	0,00	0,00	0,00
17.09.2026 11:10:02	0,00	0,00	0,00	0,00	0,00	0,00	0,00	0,00	0,00	0,00	0,00	0,00	0,00	0,00	0,00	0,00	0,00	0,00	0,00	0,00	0,00	0,00	0,00	0,00	0,00	0,00	0,00	0,00	0,00	0,00	0,00
17.09.2026 11:10:08	0,00	0,00	0,00	0,00	0,00	0,00	0,00	0,00	0,00	0,00	0,00	0,00	0,00	0,00	0,00	0,00	0,00	0,00	0,00	0,00	0,00	0,00	0,00	0,00	0,00	0,00	0,00	0,00	0,00	0,00	0,00
17.09.2026 11:10:14	0,00	0,00	0,00	0,00	0,00	0,00	0,00	0,00	0,00	0,00	0,00	0,00	0,00	0,00	0,00	0,00	0,00	0,00	0,00	0,00	0,00	0,00	0,00	0,00	0,00	0,00	0,00	0,00	0,00	0,00	0,00
17.09.2026 11:10:20	0,00	0,00	0,00	0,00	0,00	0,00	0,00	0,00	0,00	0,00	0,00	0,00	0,00	0,00	0,00	0,00	0,00	0,00	0,00	0,00	0,00	0,00	0,00	0,00	0,00	0,00	0,00	0,00	0,00	0,00	0,00
17.09.2026 11:10:26	0,00	0,00	0,00	0,00	0,00	0,00	0,00	0,00	0,00	0,00	0,00	0,00	0,00	0,00	0,00	0,00	0,00	0,00	0,00	0,00	0,00	0,00	0,00	0,00	0,00	0,00	0,00	0,00	0,00	0,00	0,00
17.09.2026 11:10:32	0,00	0,00	0,00	0,00	0,00	0,00	0,00	0,00	0,00	0,00	0,00	0,00	0,00	0,00	0,00	0,00	0,00	0,00	0,00	0,00	0,00	0,00	0,00	0,00	0,00	0,00	0,00	0,00	0,00	0,00	0,00
17.09.2026 11:10:38	0,00	0,00	0,00	0,00	0,00	0,00	0,00	0,00	0,00	0,00	0,00	0,00	0,00	0,00	0,00	0,00	0,00	0,00	0,00	0,00	0,00	0,00	0,00	0,00	0,00	0,00	0,00	0,00	0,00	0,00	0,00
17.09.2026 11:10:44	0,00	0,00	0,00	0,00	0,00	0,00	0,00	0,00	0,00	0,00	0,00	0,00	0,00	0,00	0,00	0,00	0,00	0,00	0,00	0,00	0,00	0,00	0,00	0,00	0,00	0,00	0,00	0,00	0,00	0,00	0,00
17.09.2026 11:10:50	0,00	0,00	0,00	0,00	0,00	0,00	0,00	0,00	0,00	0,00	0,00	0,00	0,00	0,00	0,00	0,00	0,00	0,00	0,00	0,00	0,00	0,00	0,00	0,00	0,00	0,00	0,00	0,00	0,00	0,00	0,00
17.09.2026 11:10:56	0,00	0,00	0,00	0,00	0,00	0,00	0,00	0,00	0,00	0,00	0,00	0,00	0,00	0,00	0,00	0,00	0,00	0,00	0,00	0,00	0,00	0,00	0,00	0,00	0,00	0,00	0,00	0,00	0,00	0,00	0,00
17.09.2026 11:11:02	0,00	0,00	0,00	0,00	0,00	0,00	0,00	0,00	0,00	0,00	0,00	0,00	0,00	0,00	0,00	0,00	0,00	0,00	0,00	0,00	0,00	0,00	0,00	0,00	0,00	0,00	0,00	0,00	0,00	0,00	0,00
17.09.2026 11:11:08	0,00	0,00	0,00	0,00	0,00	0,00	0,00	0,00	0,00	0,00	0,00	0,00	0,00	0,00	0,00	0,00	0,00	0,00	0,00	0,00	0,00	0,00	0,00	0,00	0,00	0,00	0,00	0,00	0,00	0,00	0,00
17.09.2026 11:11:14	0,00	0,00	0,00	0,00	0,00	0,00	0,00	0,00	0,00	0,00	0,00	0,00	0,00	0,00	0,00	0,00	0,00	0,00	0,00	0,00	0,00	0,00	0,00	0,00	0,00	0,00	0,00	0,00	0,00	0,00	0,00
17.09.2026 11:11:20	0,00	0,00	0,00	0,00	0,00	0,00	0,00	0,00	0,00	0,00	0,00	0,00	0,00	0,00	0,00	0,00	0,00	0,00	0,00	0,00	0,00	0,00	0,00	0,00	0,00	0,00	0,00	0,00	0,00	0,00	0,00
17.09.2026 11:11:26	0,00	0,00	0,00	0,00	0,00	0,00	0,00	0,00	0,00	0,00	0,00	0,00	0,00	0,00	0,00	0,00	0,00	0,00	0,00	0,00	0,00	0,00	0,00	0,00	0,00	0,00	0,00	0,00	0,00	0,00	0,00
17.09.2026 11:11:32	0,00	0,00	0,00	0,00	0,00	0,00	0,00	0,00	0,00	0,00	0,00	0,00	0,00	0,00	0,00	0,00	0,00	0,00	0,00	0,00	0,00	0,00	0,00	0,00	0,00	0,00	0,00	0,00	0,00	0,00	0,00
17.09.2026 11:11:38	0,00	0,00	0,00	0,00	0,00	0,00	0,00	0,00	0,00	0,00	0,00	0,00	0,00	0,00	0,00	0,00	0,00	0,00	0,00	0,00	0,00	0,00	0,00	0,00	0,00	0,00	0,00	0,00	0,00	0,00	0,00
17.09.2026 11:11:44	0,00	0,00	0,00	0,00	0,00	0,00	0,00	0,00	0,00	0,00	0,00	0,00	0,00	0,00	0,00	0,00	0,00	0,00	0,00	0,00	0,00	0,00	0,00	0,00	0,00	0,00	0,00	0,00	0,00	0,00	0,00
17.09.2026 11:11:50	0,00	0,00	0,00	0,00	0,00	0,00	0,00	0,00	0,00	0,00	0,00	0,00	0,00	0,00	0,00	0,00	0,00	0,00	0,00	0,00	0,00	0,00	0,00	0,00	0,00	0,00	0,00	0,00	0,00	0,00	0,00
17.09.2026 11:11:56	0,00	0,00	0,00	0,00	0,00	0,00	0,00	0,00	0,00	0,00	0,00	0,00	0,00	0,00	0,00	0,00	0,00	0,00	0,00	0,00	0,00	0,00	0,00	0,00	0,00	0,00	0,00	0,00	0,00	0,00	0,00
17.09.2026 11:12:02	0,00	0,00	0,00	0,00	0,00	0,00	0,00	0,00	0,00	0,00	0,00	0,00	0,00	0,00	0,00	0,00	0,00	0,00	0,00	0,00	0,00	0,00	0,00	0,00	0,00	0,00	0,00	0,00	0,00	0,00	0,00
17.09.2026 11:12:08	0,00	0,00	0,00	0,00	0,00	0,00	0,00	0,00	0,00	0,00	0,00	0,00	0,00	0,00	0,00	0,00	0,00	0,00	0,00	0,00	0,00	0,00	0,00	0,00	0,00	0,00	0,00	0,00	0,00	0,00	0,00
17.09.2026 11:12:14	0,00	0,00	0,00	0,00	0,00	0,00	0,02	0,00	0,00	0,00	0,00	0,00	0,00	0,00	0,00	0,00	0,00	0,00	0,00	0,00	0,00	0,00	0,00	0,00	0,00	0,00	0,00	0,00	0,00	0,00	0,00
17.09.2026 11:12:20	0,00	0,00	0,00	0,00	0,00	0,00	0,00	0,00	0,00	0,00	0,00	0,00	0,00	0,00	0,00	0,00	0,00	0,00	0,00	0,00	0,00	0,00	0,00	0,00	0,00	0,00	0,00	0,00	0,00	0,00	0,00
17.09.2026 11:12:26	0,00	0,00	0,00	0,00	0,00	0,00	0,00	0,00	0,00	0,00	0,00	0,00	0,00	0,00	0,00	0,00	0,00	0,00	0,00	0,00	0,00	0,00	0,00	0,00	0,00	0,00	0,00	0,00	0,00	0,00	0,00
17.09.2026 11:12:32	0,00	0,00	0,00	0,00	0,00	0,00	0,00	0,00	0,00	0,00	0,00	0,00	0,00	0,00	0,00	0,00	0,00	0,00	0,00	0,00	0,00	0,00	0,00	0,00	0,00	0,00	0,00	0,00	0,00	0,00	0,00
17.09.2026 11:12:38	0,00	0,00	0,00	0,00	0,00	0,00	0,00	0,00	0,00	0,00	0,00	0,00	0,00	0,00	0,00	0,00	0,00	0,00	0,00	0,00	0,00	0,00	0,00	0,00	0,00	0,00	0,00	0,00	0,00	0,00	0,00
17.09.2026 11:12:44	0,00	0,00	0,00	0,00	0,00	0,00	0,00	0,00	0,00	0,00	0,00	0,00	0,00	0,00	0,00	0,00	0,00	0,00	0,00	0,00	0,00	0,00	0,00	0,00	0,00	0,00	0,00	0,00	0,00	0,00	0,00
17.09.2026 11:12:50	0,00	0,00	0,00	0,00	0,00	0,00	0,00	0,00	0,00	0,00	0,00	0,00	0,00	0,00	0,00	0,00	0,00	0,00	0,00	0,00	0,00	0,00	0,00	0,00	0,00	0,00	0,00	0,00	0,00	0,00	0,00
17.09.2026 11:12:56	0,00	0,00	0,00	0,00	0,00	0,00	0,00	0,00	0,00	0,00	0,00	0,00	0,00	0,00	0,00	0,00	0,00	0,00	0,00	0,00	0,00	0,00	0,00	0,00	0,00	0,00	0,00	0,00	0,00	0,00	0,00
17.09.2026 11:13:02	0,00	0,00	0,00	0,00	0,00	0,00	0,00	0,00	0,00	0,00	0,00	0,00	0,00	0,00	0,00	0,00	0,00	0,00	0,00	0,00	0,00	0,00	0,00	0,00	0,00	0,00	0,00	0,00	0,00	0,00	0,00
17.09.2026 11:13:08	0,00	0,00	0,00	0,00	0,00	0,00	0,00	0,00	0,00	0,00	0,00	0,00	0,00	0,00	0,00	0,00	0,00	0,00	0,00	0,00	0,00	0,00	0,00	0,00	0,00	0,00	0,00	0,00	0,00	0,00	0,00
17.09.2026 11:13:14	0,00	0,00	0,00	0,00	0,00	0,00	0,00	0,00	0,00	0,00	0,00	0,00	0,00	0,00	0,00	0,00	0,00	0,00	0,00	0,00	0,00	0,00	0,00	0,00	0,00	0,00	0,00	0,00	0,00	0,00	0,00
17.09.2026 11:13:20	0,00	0,00	0,00	0,00	0,00	0,00	0,00	0,00	0,00	0,00	0,00	0,00	0,00	0,00	0,00	0,00	0,00	0,00	0,00	0,00	0,00	0,00	0,00	0,00	0,00	0,00	0,00	0,00	0,00	0,00	0,00
17.09.2026 11:13:26	0,00	0,00	0,00	0,00	0,00	0,00	0,00	0,00	0,00	0,00	0,00	0,00	0,00	0,00	0,00	0,00	0,00	0,00	0,00	0,00	0,00	0,00	0,00	0,00	0,00	0,00	0,00	0,00	0,00	0,00	0,00
17.09.2026 11:13:32	0,00	0,00	0,00	0,00	0,00	0,00	0,00	0,00	0,00	0,00	0,00	0,00	0,00	0,00	0,00	0,00	0,00	0,00	0,00	0,00	0,00	0,00	0,00	0,00	0,00	0,00	0,00	0,00	0,00	0,00	0,00
17.09.2026 11:13:38	0,00	0,00	0,00	0,00	0,00	0,00	0,00	0,00	0,00	0,00	0,00	0,00	0,00	0,00	0,00	0,00	0,00	0,00	0,00	0,00	0,00	0,00	0,00	0,00	0,00	0,00	0,00	0,00	0,00	0,00	0,00
17.09.2026 11:13:44	0,00	0,00	0,00	0,00	0,00	0,00	0,00	0,00	0,00	0,00	0,00	0,00	0,00	0,00	0,00	0,00	0,00	0,00	0,00	0,00	0,00	0,00	0,00	0,00	0,00	0,00	0,00	0,00	0,00	0,00	0,00
17.09.2026 11:13:50	0,00	0,00	0,00	0,00	0,00	0,00	0,00	0,00	0,00	0,00	0,00	0,00	0,00	0,00	0,00	0,00	0,00	0,00	0,00	0,00	0,00	0,00	0,00	0,00	0,00	0,00	0,00	0,00	0,00	0,00	0,00
17.09.2026 11:13:56	0,00	0,00	0,00	0,00	0,00	0,00	0,00	0,00	0,00	0,00	0,00	0,00	0,00	0,00	0,00	0,00	0,00	0,00	0,00	0,00	0,00	0,00	0,00	0,00	0,00	0,00	0,00	0,00	0,00	0,00	0,00
17.09.2026 11:14:02	0,00	0,00	0,00	0,00	0,00	0,00	0,00	0,00	0,00	0,00	0,00	0,00	0,00	0,00	0,00	0,00	0,00	0,00	0,00	0,00	0,00	0,00	0,00	0,00	0,00	0,00	0,00	0,00	0,00	0,00	0,00
17.09.2026 11:14:08	0,00	0,00	0,00	0,00	0,01	0,00	0,00	0,00	0,00	0,00	0,00	0,00	0,00	0,00	0,00	0,00	0,00	0,00	0,00	0,00	0,00	0,00	0,00	0,00	0,00	0,00	0,00	0,00	0,00	0,00	0,00
17.09.2026 11:14:14	0,00	0,00	0,00	0,00	0,00	0,00	0,00	0,00	0,00	0,00	0,00	0,00	0,00	0,00	0,00	0,00	0,00	0,00	0,00	0,00	0,00	0,00	0,00	0,00	0,00	0,00	0,00	0,00	0,00	0,00	0,00
17.09.2026 11:14:20	0,00	0,00	0,00	0,00	0,00	0,00	0,00	0,00	0,00	0,00	0,00	0,00	0,00	0,00	0,00	0,00	0,00	0,00	0,00	0,00	0,00	0,00	0,00	0,00	0,00	0,00	0,00	0,00	0,00	0,00	0,00
17.09.2026 11:14:26	0,00	0,00	0,00	0,00	0,00	0,00	0,00	0,00	0,00	0,00	0,00	0,00	0,00	0,00	0,00	0,00	0,00	0,00	0,00	0,00	0,00	0,00	0,00	0,00	0,00	0,00	0,00	0,00	0,00	0,00	0,00
17.09.2026 11:14:32	0,00	0,00	0,00	0,00	0,00	0,01	0,00	0,00	0,00	0,00	0,00	0,00	0,00	0,00	0,00	0,00	0,00	0,00	0,00	0,00	0,00	0,00	0,00	0,00	0,00	0,00	0,00	0,00	0,00	0,00	0,00
17.09.2026 11:14:38	0,00	0,00	0,00	0,00	0,00	0,00	0,00	0,00	0,00	0,00	0,00	0,00	0,00	0,00	0,00	0,00	0,00	0,00	0,00	0,00	0,00	0,00	0,00	0,00	0,00	0,00	0,00	0,00	0,00	0,00	0,00
17.09.2026 11:14:44	0,00	0,00	0,00	0,00	0,00	0,00	0,00	0,00	0,00	0,00	0,00	0,00	0,00	0,00	0,00	0,00	0,00	0,00	0,00	0,00	0,00	0,00	0,00	0,00	0,00	0,00	0,00	0,00	0,00	0,00	0,00
17.09.2026 11:14:50	0,00	0,00	0,00	0,00	0,00	0,00	0,00	0,00	0,00	0,00	0,00	0,00	0,00	0,00	0,00	0,00	0,00	0,00	0,00	0,00	0,00	0,00	0,00	0,00	0,00	0,00	0,00	0,00	0,00	0,00	0,00
17.09.2026 11:14:56	0,00	0,00	0,00	0,00	0,00	0,00	0,00	0,00	0,00	0,00	0,00	0,00	0,00	0,00	0,00	0,00	0,00	0,00	0,00	0,00	0,00	0,00	0,00	0,00	0,00	0,00	0,00	0,00	0,00	0,00	0,00
17.09.2026 11:15:02	0,00	0,00	0,00	0,00	0,00	0,00	0,00	0,00	0,00	0,00	0,00	0,00	0,00	0,00	0,37	0,60	0,00	0,00	0,00	0,00	0,00	0,00	0,00	15,62	0,00	0,00	0,00	0,00	0,00	0,00	0,00
17.09.2026 11:15:08	0,00	0,00	0,00	0,00	0,00	0,00	0,00	0,00	0,00	0,00	0,00	0,00	0,00	0,00	0,00	0,00	0,00	0,00	0,00	0,00	0,00	0,00	0,00	0,00	0,00	0,00	0,00	0,00	0,00	0,00	0,00
17.09.2026 11:15:14	0,00	0,00	0,01	0,00	0,00	0,00	0,00	0,00	0,00	0,00	0,00	0,00	0,00	0,00	0,18	0,00	0,00	0,81	0,00	0,00	0,00	17,47	0,00	0,00	0,00	0,00	0,00	0,00	0,00	0,00	0,00
17.09.2026 11:15:20	0,00	0,00	0,00	0,00	0,01	0,00	0,00	0,03	0,00	0,00	0,00	0,00	0,00	0,00	0,00	0,00	0,00	0,00	0,00	0,00	0,00	0,00	0,00	0,00	0,00	0,00	0,00	0,00	0,00	0,00	0,00
17.09.2026 11:15:26	0,00	0,00	0,00	0,00	0,00	0,00	0,00	0,00	0,05	0,16	0,13	0,00	0,00	0,00	0,18	0,00	0,49	0,00	0,00	0,00	3,56	0,00	19,08	0,00	0,00	0,00	0,00	0,00	0,00	0,00	0,00
17.09.2026 11:15:32	0,00	0,00	0,00	0,00	0,01	0,01	0,02	0,03	0,00	0,08	0,00	0,21	0,00	0,00	0,37	1,21	0,49	0,00	0,00	0,00	0,00	5,82	9,54	0,00	25,59	0,00	0,00	0,00	0,00	0,00	0,00
17.09.2026 11:15:38	0,00	0,00	0,00	0,01	0,01	0,01	0,00	0,00	0,05	0,00	0,00	0,00	0,00	0,00	0,00	0,00	1,48	0,00	1,32	2,17	3,56	5,82	9,54	0,00	25,59	41,93	0,00	0,00	0,00	0,00	0,00
17.09.2026 11:15:44	0,00	0,00	0,00	0,00	0,00	0,00	0,00	0,00	0,00	0,00	0,00	0,00	0,00	0,00	1,47	0,90	0,99	0,00	0,00	0,00	3,56	0,00	0,00	0,00	0,00	0,00	0,00	112,42	0,00	0,00	0,00
17.09.2026 11:15:50	0,00	0,00	0,00	0,00	0,01	0,01	0,00	0,00	0,00	0,00	0,13	0,00	0,34	0,56	0,00	0,00	0,49	0,00	1,32	2,17	0,00	0,00	9,54	15,62	0,00	0,00	0,00	0,00	0,00	0,00	0,00
17.09.2026 11:15:56	0,00	0,00	0,00	0,00	0,01	0,02	0,00	0,00	0,00	0,00	0,00	0,00	0,00	0,00	0,00	0,30	0,49	0,00	0,00	0,00	0,00	0,00	0,00	0,00	51,18	0,00	68,64	0,00	0,00	0,00	0,00
17.09.2026 11:16:02	0,00	0,00	0,00	0,00	0,01	0,01	0,02	0,00	0,05	0,08	0,13	0,00	0,00	0,00	0,92	0,00	0,00	0,00	1,32	0,00	0,00	0,00	9,54	31,24	0,00	0,00	0,00	0,00	184,14	0,00	0,00
17.09.2026 11:16:08	0,00	0,00	0,00	0,00	0,01	0,01	0,04	0,00	0,00	0,08	0,00	0,00	0,00	0,00	0,00	0,00	0,00	0,81	0,00	2,17	7,11	0,00	0,00	0,00	25,59	0,00	0,00	0,00	0,00	0,00	0,00
17.09.2026 11:16:14	0,00	0,00	0,00	0,01	0,00	0,00	0,00	0,00	0,10	0,08	0,00	0,00	0,00	0,00	0,37	1,21	0,49	0,81	0,00	0,00	3,56	0,00	0,00	15,62	0,00	0,00	0,00	0,00	0,00	0,00	0,00
17.09.2026 11:16:20	0,00	0,00	0,00	0,00	0,01	0,00	0,00	0,00	0,00	0,00	0,13	0,00	0,00	0,00	0,74	1,21	0,49	0,00	0,00	2,17	0,00	0,00	0,00	0,00	0,00	0,00	0,00	0,00	0,00	0,00	0,00
17.09.2026 11:16:26	0,00	0,00	0,00	0,00	0,01	0,00	0,00	0,00	0,00	0,00	0,00	0,00	0,34	0,56	0,37	0,60	0,49	0,00	0,00	0,00	0,00	0,00	0,00	0,00	0,00	0,00	0,00	0,00	0,00	0,00	0,00
17.09.2026 11:16:32	0,00	0,00	0,00	0,01	0,01	0,02	0,00	0,00	0,00	0,00	0,00	0,00	0,00	0,56	1,84	0,00	0,00	0,00	2,65	0,00	3,56	5,82	9,54	0,00	0,00	0,00	0,00	0,00	0,00	0,00	0,00
17.09.2026 11:16:38	0,00	0,00	0,00	0,00	0,00	0,00	0,00	0,03	0,00	0,08	0,00	0,00	0,00	0,00	1,84	1,21	0,00	0,00	0,00	0,00	0,00	0,00	0,00	15,62	0,00	0,00	0,00	0,00	0,00	0,00	0,00
17.09.2026 11:16:44	0,00	0,00	0,00	0,00	0,00	0,00	0,00	0,03	0,00	0,00	0,00	0,00	0,00	0,00	0,74	1,21	0,00	0,00	0,00	0,00	0,00	5,82	9,54	0,00	0,00	0,00	0,00	0,00	0,00	0,00	0,00
17.09.2026 11:16:50	0,00	0,00	0,00	0,00	0,01	0,00	0,00	0,00	0,00	0,00	0,13	0,00	0,00	0,00	1,84	1,21	0,49	0,00	0,00	0,00	0,00	0,00	19,08	15,62	51,18	0,00	0,00	0,00	0,00	0,00	0,00
17.09.2026 11:16:56	0,00	0,00	0,00	0,00	0,00	0,00	0,02	0,03	0,00	0,00	0,00	0,00	0,00	0,56	0,00	0,00	0,00	0,00	0,00	0,00	0,00	0,00	0,00	0,00	0,00	0,00	0,00	0,00	0,00	0,00	0,00
17.09.2026 11:17:02	0,00	0,00	0,00	0,00	0,04	0,01	0,00	0,00	0,00	0,00	0,00	0,00	0,00	0,00	0,55	0,30	0,00	0,81	0,00	0,00	7,11	0,00	9,54	15,62	0,00	0,00	0,00	0,00	0,00	301,55	0,00
17.09.2026 11:17:08	0,00	0,00	0,01	0,02	0,00	0,04	0,00	0,12	0,00	0,16	0,13	0,00	0,34	0,00	1,29	1,81	2,47	1,62	2,65	0,00	3,56	0,00	28,63	93,73	25,59	41,93	68,64	0,00	0,00	0,00	0,00
17.09.2026 11:17:14	0,00	0,00	0,01	0,02	0,06	0,08	0,05	0,00	0,05	0,08	0,38	0,42	0,00	1,69	1,47	3,62	2,47	2,43	2,65	2,17	0,00	5,82	9,54	31,24	25,59	83,87	137,29	0,00	0,00	0,00	0,00
17.09.2026 11:17:20	0,00	0,00	0,01	0,00	0,01	0,00	0,02	0,00	0,10	0,00	0,26	0,42	0,34	0,00	2,95	3,32	1,98	0,00	2,65	8,68	3,56	0,00	9,54	46,87	76,76	41,93	205,93	112,42	0,00	0,00	0,00
17.09.2026 11:17:26	0,00	0,00	0,01	0,02	0,02	0,04	0,00	0,00	0,05	0,00	0,13	0,42	0,34	0,56	2,39	1,81	3,46	2,43	2,65	4,34	10,67	23,29	38,17	15,62	0,00	0,00	0,00	0,00	0,00	0,00	0,00
17.09.2026 11:17:32	0,00	0,00	0,00	0,02	0,04	0,02	0,02	0,06	0,10	0,00	0,00	0,21	0,69	0,00	0,92	1,21	0,99	2,43	1,32	6,51	0,00	11,65	28,63	31,24	51,18	83,87	0,00	112,42	0,00	0,00	0,00
17.09.2026 11:17:38	0,00	0,00	0,01	0,00	0,01	0,03	0,05	0,00	0,10	0,16	0,13	0,42	0,00	0,56	3,50	2,11	1,98	1,62	5,30	2,17	3,56	0,00	19,08	15,62	102,35	0,00	0,00	0,00	0,00	0,00	0,00
17.09.2026 11:17:44	0,00	0,00	0,00	0,01	0,03	0,01	0,05	0,03	0,10	0,23	0,00	0,42	0,00	0,00	1,10	2,71	0,49	2,43	2,65	0,00	10,67	29,11	19,08	31,24	51,18	0,00	0,00	0,00	0,00	0,00	0,00
17.09.2026 11:17:50	0,00	0,00	0,01	0,02	0,05	0,03	0,04	0,03	0,00	0,16	0,00	0,63	1,03	1,12	0,74	2,71	0,99	0,81	5,30	4,34	3,56	23,29	19,08	31,24	76,76	0,00	68,64	0,00	0,00	0,00	0,00
17.09.2026 11:17:56	0,00	0,00	0,01	0,02	0,03	0,04	0,12	0,09	0,10	0,00	0,00	0,21	0,00	1,12	2,58	0,00	0,49	4,05	2,65	2,17	3,56	11,65	9,54	31,24	0,00	41,93	0,00	0,00	0,00	0,00	0,00
17.09.2026 11:18:02	0,01	0,00	0,00	0,01	0,03	0,01	0,02	0,06	0,29	0,23	0,00	0,42	0,34	1,69	2,03	3,02	1,98	1,62	1,32	4,34	7,11	11,65	57,25	124,98	25,59	41,93	0,00	0,00	0,00	0,00	0,00
17.09.2026 11:18:08	0,00	0,00	0,01	0,01	0,05	0,04	0,02	0,03	0,00	0,08	0,13	0,21	0,69	0,56	0,74	1,51	2,96	0,81	9,27	4,34	21,33	5,82	38,17	46,87	0,00	0,00	68,64	0,00	0,00	0,00	0,00
17.09.2026 11:18:14	0,00	0,00	0,01	0,02	0,04	0,05	0,05	0,09	0,10	0,08	0,00	0,00	0,34	1,69	2,03	0,90	1,98	3,24	1,32	2,17	3,56	5,82	28,63	31,24	102,35	0,00	0,00	0,00	0,00	0,00	0,00
17.09.2026 11:18:20	0,00	0,00	0,01	0,02	0,04	0,04	0,12	0,06	0,05	0,16	0,00	0,21	0,34	0,00	0,37	0,00	0,99	3,24	2,65	6,51	0,00	17,47	28,63	31,24	25,59	83,87	0,00	112,42	0,00	0,00	0,00
17.09.2026 11:18:26	0,00	0,00	0,01	0,01	0,03	0,10	0,12	0,06	0,10	0,16	0,38	0,21	0,34	0,56	1,10	0,60	1,48	4,05	3,97	4,34	14,22	23,29	47,71	46,87	76,76	0,00	0,00	0,00	0,00	0,00	0,00
17.09.2026 11:18:32	0,00	0,00	0,00	0,03	0,03	0,07	0,16	0,09	0,14	0,31	0,26	0,00	0,34	2,25	1,47	2,11	1,48	3,24	3,97	4,34	7,11	11,65	47,71	62,49	76,76	0,00	0,00	112,42	184,14	0,00	0,00
17.09.2026 11:18:38	0,00	0,00	0,01	0,01	0,08	0,08	0,02	0,06	0,19	0,08	0,13	0,00	0,69	1,69	2,03	4,52	3,46	2,43	3,97	10,85	3,56	11,65	57,25	15,62	0,00	41,93	0,00	0,00	0,00	0,00	0,00
17.09.2026 11:18:44	0,00	0,00	0,00	0,01	0,05	0,07	0,09	0,06	0,00	0,08	0,26	0,63	0,34	0,56	0,00	0,00	0,00	1,62	3,97	6,51	7,11	23,29	38,17	0,00	153,53	0,00	0,00	0,00	184,14	0,00	0,00
17.09.2026 11:18:50	0,00	0,00	0,01	0,04	0,06	0,04	0,07	0,12	0,14	0,23	0,26	1,05	0,34	0,00	0,55	0,00	1,48	8,09	3,97	4,34	10,67	5,82	28,63	46,87	25,59	41,93	68,64	0,00	184,14	0,00	0,00
17.09.2026 11:18:56	0,00	0,00	0,01	0,02	0,04	0,12	0,05	0,15	0,19	0,08	0,26	0,42	1,03	2,25	3,87	3,32	2,47	7,28	2,65	4,34	14,22	5,82	19,08	15,62	51,18	83,87	137,29	112,42	0,00	0,00	0,00
17.09.2026 11:19:02	0,00	0,00	0,00	0,02	0,04	0,08	0,11	0,06	0,10	0,08	0,38	0,42	1,72	0,00	0,18	1,51	3,46	5,66	5,30	2,17	7,11	23,29	19,08	109,35	51,18	83,87	0,00	0,00	0,00	301,55	0,00
17.09.2026 11:19:08	0,00	0,01	0,00	0,00	0,08	0,04	0,09	0,06	0,14	0,31	0,13	0,42	1,37	0,56	4,42	6,63	0,99	2,43	6,62	2,17	7,11	17,47	38,17	31,24	0,00	41,93	0,00	0,00	184,14	0,00	0,00
17.09.2026 11:19:14	0,00	0,00	0,01	0,02	0,03	0,03	0,09	0,00	0,10	0,16	0,38	0,63	1,03	0,56	0,00	0,00	2,47	6,47	5,30	6,51	10,67	5,82	66,80	93,73	76,76	0,00	0,00	0,00	0,00	0,00	0,00
17.09.2026 11:19:20	0,00	0,00	0,01	0,01	0,03	0,10	0,14	0,17	0,29	0,00	0,26	0,21	0,69	2,25	4,60	2,11	3,46	4,85	6,62	6,51	3,56	11,65	19,08	31,24	76,76	83,87	0,00	0,00	0,00	0,00	0,00
17.09.2026 11:19:26	0,00	0,01	0,01	0,02	0,06	0,01	0,09	0,09	0,14	0,16	0,51	0,84	1,37	1,12	0,74	1,81	5,93	5,66	6,62	8,68	17,78	5,82	47,71	46,87	51,18	41,93	0,00	0,00	0,00	0,00	0,00
17.09.2026 11:19:32	0,00	0,00	0,00	0,04	0,06	0,08	0,09	0,15	0,19	0,39	0,77	0,00	0,69	1,69	2,76	5,13	3,95	1,62	3,97	0,00	3,56	11,65	28,63	62,49	51,18	83,87	68,64	0,00	0,00	0,00	0,00
17.09.2026 11:19:38	0,00	0,01	0,01	0,04	0,07	0,04	0,07	0,15	0,14	0,16	0,26	0,63	0,69	0,00	1,84	0,90	2,96	4,85	5,30	8,68	14,22	5,82	57,25	0,00	76,76	125,80	0,00	0,00	0,00	0,00	0,00
17.09.2026 11:19:44	0,00	0,01	0,00	0,03	0,09	0,07	0,18	0,06	0,14	0,47	0,26	0,42	0,00	1,69	6,08	5,73	1,98	4,05	9,27	10,85	10,67	40,76	57,25	93,73	25,59	125,80	68,64	0,00	0,00	0,00	0,00
17.09.2026 11:19:50	0,00	0,01	0,02	0,03	0,03	0,08	0,09	0,17	0,10	0,23	0,64	0,84	2,75	0,56	2,76	5,43	4,94	3,24	2,65	4,34	3,56	17,47	47,71	46,87	127,94	83,87	0,00	0,00	0,00	0,00	0,00
17.09.2026 11:19:56	0,00	0,01	0,01	0,03	0,03	0,07	0,09	0,03	0,05	0,08	0,13	0,42	0,69	1,69	1,29	1,81	6,42	4,85	2,65	4,34	10,67	17,47	28,63	93,73	127,94	41,93	205,93	0,00	0,00	0,00	0,00
17.09.2026 11:20:02	0,01	0,01	0,01	0,03	0,05	0,12	0,14	0,03	0,14	0,16	0,77	0,42	0,34	1,69	2,03	3,32	3,95	3,24	3,97	2,17	24,89	17,47	9,54	62,49	76,76	41,93	0,00	224,84	184,14	0,00	0,00
17.09.2026 11:20:08	0,00	0,01	0,00	0,03	0,08	0,08	0,05	0,06	0,19	0,16	0,38	0,21	0,69	1,12	0,74	2,11	4,45	0,00	3,97	15,19	3,56	29,11	38,17	78,11	102,35	41,93	0,00	0,00	0,00	0,00	0,00
17.09.2026 11:20:14	0,01	0,01	0,02	0,02	0,06	0,04	0,05	0,20	0,19	0,23	0,51	0,21	0,34	2,25	1,66	4,82	2,96	6,47	5,30	17,36	7,11	11,65	28,63	62,49	51,18	41,93	0,00	0,00	0,00	0,00	0,00
17.09.2026 11:20:20	0,00	0,00	0,03	0,01	0,12	0,15	0,07	0,06	0,05	0,39	0,51	0,63	1,37	2,25	0,00	0,00	4,94	6,47	1,32	6,51	10,67	11,65	47,71	15,62	102,35	41,93	68,64	112,42	0,00	0,00	0,00
17.09.2026 11:20:26	0,00	0,00	0,01	0,02	0,09	0,03	0,25	0,15	0,19	0,23	0,38	0,21	1,37	0,56	0,18	0,00	4,94	3,24	3,97	6,51	14,22	5,82	9,54	93,73	76,76	167,73	0,00	0,00	0,00	0,00	0,00
17.09.2026 11:20:32	0,01	0,01	0,01	0,04	0,09	0,10	0,11	0,03	0,10	0,23	0,26	0,21	1,03	1,12	0,00	0,00	0,00	5,66	6,62	2,17	10,67	11,65	38,17	109,35	127,94	0,00	68,64	0,00	0,00	0,00	0,00
17.09.2026 11:20:38	0,00	0,01	0,02	0,03	0,11	0,09	0,09	0,20	0,00	0,08	0,38	0,42	1,03	2,25	0,92	2,11	3,95	4,05	5,30	6,51	10,67	23,29	38,17	15,62	102,35	83,87	0,00	0,00	0,00	0,00	0,00
17.09.2026 11:20:44	0,00	0,00	0,02	0,04	0,07	0,12	0,11	0,12	0,10	0,31	0,51	0,21	0,69	0,56	3,13	0,60	3,95	2,43	7,95	6,51	3,56	23,29	19,08	78,11	102,35	0,00	0,00	0,00	0,00	0,00	0,00
17.09.2026 11:20:50	0,00	0,01	0,01	0,04	0,05	0,15	0,11	0,12	0,19	0,31	0,00	0,42	2,06	0,56	3,68	3,02	3,46	5,66	3,97	10,85	10,67	5,82	66,80	62,49	25,59	0,00	137,29	0,00	0,00	0,00	0,00
17.09.2026 11:20:56	0,00	0,01	0,02	0,02	0,08	0,13	0,14	0,12	0,29	0,31	0,64	0,84	0,34	4,50	3,50	2,71	4,45	7,28	3,97	4,34	10,67	23,29	38,17	46,87	76,76	209,67	137,29	0,00	0,00	0,00	0,00
17.09.2026 11:21:02	0,00	0,01	0,01	0,02	0,05	0,12	0,07	0,09	0,19	0,23	0,51	1,05	0,69	2,25	1,66	2,11	3,95	4,05	3,97	8,68	21,33	5,82	28,63	46,87	25,59	0,00	0,00	0,00	0,00	0,00	0,00
17.09.2026 11:21:08	0,00	0,01	0,03	0,03	0,05	0,10	0,05	0,09	0,10	0,16	0,77	0,84	0,69	3,37	2,58	4,22	2,96	6,47	10,60	2,17	14,22	17,47	38,17	109,35	51,18	41,93	68,64	112,42	184,14	0,00	0,00
17.09.2026 11:21:14	0,00	0,00	0,01	0,03	0,09	0,12	0,11	0,20	0,19	0,31	0,26	0,42	0,69	1,69	2,21	2,41	3,95	6,47	5,30	0,00	17,78	11,65	28,63	15,62	51,18	41,93	0,00	0,00	0,00	301,55	0,00
17.09.2026 11:21:20	0,01	0,01	0,01	0,03	0,07	0,11	0,14	0,06	0,19	0,16	0,38	0,84	0,69	2,25	4,79	3,92	4,94	4,05	3,97	2,17	0,00	11,65	38,17	62,49	25,59	41,93	205,93	224,84	0,00	0,00	0,00
17.09.2026 11:21:26	0,00	0,01	0,03	0,04	0,09	0,12	0,14	0,09	0,24	0,23	0,77	0,00	0,69	0,56	2,58	3,62	3,95	4,85	3,97	10,85	7,11	23,29	47,71	31,24	102,35	0,00	0,00	0,00	0,00	0,00	0,00
17.09.2026 11:21:32	0,01	0,00	0,02	0,03	0,06	0,11	0,12	0,12	0,10	0,16	0,77	1,05	0,69	2,25	1,66	0,60	4,94	6,47	2,65	10,85	10,67	17,47	19,08	62,49	76,76	83,87	68,64	112,42	0,00	0,00	0,00
17.09.2026 11:21:38	0,00	0,01	0,01	0,03	0,09	0,16	0,20	0,17	0,38	0,16	0,38	1,47	1,72	1,69	3,31	2,41	3,95	1,62	10,60	8,68	7,11	17,47	19,08	109,35	25,59	41,93	68,64	0,00	0,00	0,00	0,00
17.09.2026 11:21:44	0,01	0,01	0,02	0,04	0,05	0,15	0,20	0,09	0,14	0,47	0,38	1,05	1,37	1,12	2,21	0,90	4,45	4,85	9,27	2,17	17,78	11,65	47,71	46,87	204,70	41,93	205,93	0,00	0,00	0,00	0,00
17.09.2026 11:21:50	0,01	0,00	0,01	0,04	0,10	0,11	0,14	0,23	0,10	0,16	0,38	0,42	1,72	0,56	0,55	1,51	5,43	6,47	5,30	19,53	7,11	17,47	114,51	46,87	51,18	41,93	137,29	0,00	0,00	0,00	0,00
17.09.2026 11:21:56	0,01	0,02	0,02	0,04	0,12	0,09	0,14	0,09	0,19	0,31	0,77	0,63	1,72	1,12	1,29	0,00	3,95	6,47	5,30	2,17	21,33	17,47	66,80	31,24	25,59	83,87	68,64	0,00	0,00	0,00	0,00
17.09.2026 11:22:02	0,00	0,00	0,02	0,04	0,14	0,10	0,04	0,20	0,19	0,31	0,64	0,42	0,69	6,18	5,34	6,63	2,96	2,43	7,95	10,85	21,33	11,65	19,08	78,11	255,88	41,93	68,64	224,84	0,00	0,00	0,00
17.09.2026 11:22:08	0,01	0,01	0,00	0,02	0,10	0,21	0,21	0,12	0,00	0,23	0,90	0,63	1,72	1,12	0,00	1,51	5,43	2,43	6,62	8,68	21,33	23,29	57,25	46,87	51,18	0,00	0,00	112,42	0,00	0,00	0,00
17.09.2026 11:22:14	0,01	0,01	0,02	0,04	0,13	0,14	0,25	0,23	0,29	0,23	0,26	0,84	2,06	1,69	4,79	2,41	4,94	2,43	10,60	4,34	32,00	34,94	9,54	124,98	51,18	83,87	0,00	0,00	0,00	0,00	0,00
17.09.2026 11:22:20	0,01	0,01	0,01	0,08	0,13	0,11	0,11	0,23	0,24	0,08	0,38	0,84	0,34	2,25	4,05	5,73	4,94	7,28	6,62	4,34	32,00	17,47	19,08	46,87	25,59	125,80	68,64	0,00	184,14	0,00	0,00
17.09.2026 11:22:26	0,01	0,01	0,02	0,06	0,15	0,16	0,12	0,12	0,10	0,23	1,28	0,84	2,40	2,25	2,95	6,03	1,98	5,66	2,65	13,02	3,56	5,82	47,71	62,49	76,76	0,00	68,64	0,00	0,00	0,00	0,00
17.09.2026 11:22:32	0,01	0,01	0,02	0,04	0,15	0,15	0,12	0,17	0,14	0,39	0,77	1,05	1,37	0,56	6,81	4,22	4,94	8,90	5,30	10,85	10,67	23,29	47,71	203,09	51,18	41,93	68,64	0,00	0,00	0,00	0,00
17.09.2026 11:22:38	0,01	0,01	0,02	0,06	0,07	0,28	0,25	0,23	0,19	0,31	0,38	1,05	0,69	2,25	2,39	3,02	6,42	4,05	6,62	6,51	17,78	23,29	47,71	62,49	51,18	83,87	205,93	0,00	0,00	301,55	0,00
17.09.2026 11:22:44	0,00	0,01	0,01	0,02	0,11	0,10	0,09	0,15	0,10	0,31	0,38	0,42	2,06	3,37	1,10	1,21	4,45	6,47	2,65	6,51	14,22	11,65	28,63	62,49	102,35	41,93	0,00	0,00	0,00	0,00	0,00
17.09.2026 11:22:50	0,01	0,01	0,03	0,08	0,13	0,13	0,20	0,20	0,24	0,23	0,64	0,63	1,72	3,93	1,66	6,63	7,41	8,09	6,62	15,19	10,67	11,65	57,25	93,73	127,94	83,87	68,64	224,84	0,00	0,00	0,00
17.09.2026 11:22:56	0,01	0,00	0,03	0,06	0,10	0,14	0,21	0,12	0,29	0,47	0,51	1,26	1,72	3,93	1,10	0,60	3,95	5,66	1,32	13,02	10,67	17,47	85,88	46,87	76,76	0,00	205,93	0,00	184,14	0,00	0,00
17.09.2026 11:23:02	0,01	0,02	0,02	0,05	0,13	0,17	0,20	0,12	0,24	0,16	0,38	0,63	1,72	3,37	4,60	4,52	2,96	7,28	6,62	6,51	7,11	23,29	85,88	93,73	25,59	0,00	0,00	0,00	0,00	0,00	0,00
17.09.2026 11:23:08	0,01	0,01	0,03	0,04	0,09	0,25	0,16	0,15	0,14	0,47	1,02	0,63	1,03	1,12	0,00	1,81	5,43	4,05	5,30	2,17	14,22	11,65	66,80	140,60	153,53	0,00	0,00	0,00	0,00	0,00	0,00
17.09.2026 11:23:14	0,00	0,01	0,02	0,06	0,16	0,20	0,28	0,29	0,14	0,62	0,38	1,26	1,03	1,12	0,55	0,90	5,93	6,47	6,62	4,34	7,11	5,82	28,63	93,73	25,59	83,87	137,29	0,00	0,00	0,00	0,00
17.09.2026 11:23:20	0,01	0,01	0,04	0,08	0,09	0,20	0,12	0,29	0,24	0,62	0,90	0,42	0,34	2,25	6,26	5,13	3,95	4,85	3,97	6,51	17,78	11,65	28,63	93,73	25,59	41,93	68,64	0,00	0,00	0,00	0,00
17.09.2026 11:23:26	0,01	0,02	0,03	0,05	0,11	0,12	0,16	0,26	0,38	0,39	0,64	0,63	2,06	2,25	5,34	5,73	5,93	8,09	6,62	6,51	7,11	29,11	28,63	93,73	0,00	0,00	68,64	0,00	0,00	0,00	0,00
17.09.2026 11:23:32	0,01	0,01	0,03	0,07	0,14	0,23	0,18	0,32	0,19	0,47	0,38	0,84	0,69	2,81	4,05	3,32	5,43	3,24	3,97	6,51	14,22	5,82	47,71	93,73	51,18	125,80	0,00	0,00	0,00	0,00	0,00
17.09.2026 11:23:38	0,01	0,01	0,02	0,04	0,13	0,15	0,27	0,29	0,43	0,08	0,77	1,68	2,06	0,56	7,18	5,73	4,94	7,28	9,27	4,34	10,67	29,11	85,88	78,11	102,35	209,67	137,29	112,42	0,00	0,00	0,00
17.09.2026 11:23:44	0,01	0,01	0,00	0,05	0,14	0,20	0,21	0,17	0,24	0,23	0,51	0,42	1,37	3,37	5,52	5,43	4,94	5,66	13,25	13,02	28,44	17,47	38,17	62,49	25,59	167,73	0,00	0,00	0,00	0,00	0,00
17.09.2026 11:23:50	0,01	0,02	0,02	0,05	0,16	0,15	0,20	0,06	0,10	0,47	0,77	0,63	0,69	3,37	4,42	3,92	4,45	7,28	15,90	10,85	3,56	5,82	38,17	15,62	102,35	0,00	68,64	112,42	0,00	0,00	0,00
17.09.2026 11:23:56	0,01	0,02	0,03	0,06	0,13	0,21	0,23	0,23	0,24	0,70	0,90	2,52	2,06	1,12	5,89	4,82	6,92	5,66	3,97	10,85	17,78	17,47	76,34	46,87	25,59	125,80	0,00	0,00	0,00	0,00	0,00
17.09.2026 11:24:02	0,00	0,01	0,03	0,06	0,15	0,15	0,36	0,20	0,43	0,23	0,13	1,05	2,40	1,12	2,95	4,22	3,95	5,66	7,95	10,85	14,22	17,47	57,25	109,35	127,94	125,80	68,64	0,00	0,00	0,00	0,00
17.09.2026 11:24:08	0,01	0,01	0,03	0,08	0,15	0,22	0,21	0,26	0,29	0,39	0,51	1,05	1,72	3,37	0,00	0,30	11,36	5,66	11,92	8,68	14,22	0,00	28,63	124,98	76,76	125,80	0,00	0,00	0,00	0,00	0,00
17.09.2026 11:24:14	0,01	0,01	0,03	0,07	0,17	0,16	0,16	0,23	0,19	0,23	0,51	0,63	1,72	6,18	6,81	5,43	3,46	7,28	9,27	8,68	0,00	23,29	9,54	31,24	76,76	83,87	68,64	0,00	0,00	0,00	0,00
17.09.2026 11:24:20	0,01	0,02	0,03	0,07	0,17	0,24	0,34	0,29	0,38	0,39	0,77	0,84	1,37	2,81	5,89	2,71	8,40	4,85	10,60	6,51	7,11	17,47	47,71	62,49	102,35	83,87	0,00	0,00	0,00	0,00	0,00
17.09.2026 11:24:26	0,01	0,01	0,03	0,07	0,16	0,12	0,23	0,17	0,19	0,47	0,77	0,63	2,06	0,00	1,84	0,00	3,46	9,71	9,27	4,34	10,67	5,82	95,42	46,87	102,35	0,00	0,00	112,42	0,00	0,00	0,00
17.09.2026 11:24:32	0,01	0,02	0,03	0,06	0,07	0,17	0,27	0,15	0,48	0,47	1,02	1,47	2,06	1,12	0,74	2,41	6,42	16,18	7,95	10,85	14,22	0,00	9,54	46,87	102,35	83,87	0,00	0,00	0,00	0,00	0,00
17.09.2026 11:24:38	0,02	0,02	0,04	0,06	0,12	0,25	0,14	0,09	0,24	0,70	0,64	1,26	2,40	2,25	0,00	0,30	8,89	5,66	7,95	13,02	14,22	5,82	57,25	46,87	153,53	83,87	0,00	0,00	0,00	0,00	0,00
17.09.2026 11:24:44	0,01	0,02	0,03	0,07	0,15	0,26	0,23	0,23	0,48	0,78	0,64	1,47	2,06	1,69	1,47	0,00	4,94	3,24	7,95	10,85	7,11	17,47	76,34	78,11	51,18	41,93	0,00	0,00	184,14	0,00	0,00
17.09.2026 11:24:50	0,01	0,01	0,02	0,09	0,15	0,24	0,16	0,26	0,24	0,70	0,64	0,63	0,69	2,25	0,00	0,00	6,42	6,47	5,30	17,36	0,00	29,11	66,80	46,87	102,35	83,87	68,64	0,00	0,00	0,00	0,00
17.09.2026 11:24:56	0,01	0,01	0,02	0,07	0,10	0,22	0,32	0,26	0,29	0,55	0,77	0,42	0,69	3,93	7,00	4,22	3,95	6,47	9,27	2,17	21,33	11,65	104,97	93,73	51,18	0,00	137,29	0,00	0,00	0,00	0,00
17.09.2026 11:25:02	0,02	0,01	0,04	0,09	0,17	0,21	0,30	0,20	0,33	0,70	0,77	1,47	1,72	2,25	2,39	3,32	5,43	6,47	5,30	2,17	17,78	0,00	66,80	93,73	153,53	41,93	137,29	0,00	0,00	0,00	0,00
17.09.2026 11:25:08	0,01	0,02	0,04	0,11	0,21	0,25	0,34	0,17	0,19	0,62	0,77	0,84	2,06	1,69	5,71	6,33	3,95	4,85	9,27	13,02	24,89	17,47	28,63	46,87	25,59	125,80	68,64	0,00	0,00	0,00	0,00
17.09.2026 11:25:14	0,01	0,02	0,05	0,06	0,16	0,26	0,23	0,17	0,33	0,47	0,51	1,68	2,40	1,12	0,55	2,11	5,93	10,52	7,95	8,68	10,67	29,11	38,17	109,35	51,18	83,87	137,29	0,00	0,00	0,00	0,00
17.09.2026 11:25:20	0,02	0,02	0,03	0,11	0,12	0,13	0,34	0,20	0,43	0,94	1,15	0,63	1,37	3,37	2,76	4,82	6,92	2,43	7,95	13,02	21,33	29,11	47,71	109,35	25,59	41,93	0,00	0,00	0,00	0,00	0,00
17.09.2026 11:25:26	0,01	0,04	0,03	0,07	0,15	0,29	0,23	0,17	0,33	0,23	0,26	0,21	1,37	3,37	4,42	6,33	5,43	9,71	2,65	2,17	14,22	17,47	28,63	62,49	51,18	0,00	68,64	112,42	0,00	0,00	494,05
17.09.2026 11:25:32	0,02	0,02	0,05	0,10	0,15	0,27	0,18	0,49	0,29	0,55	0,51	0,84	1,72	1,69	0,00	0,00	0,99	8,90	10,60	6,51	7,11	5,82	114,51	62,49	127,94	209,67	137,29	0,00	0,00	0,00	0,00
17.09.2026 11:25:38	0,01	0,01	0,04	0,13	0,15	0,23	0,23	0,32	0,24	0,31	0,90	1,68	2,75	3,37	2,95	5,73	3,95	6,47	6,62	8,68	17,78	23,29	38,17	46,87	51,18	0,00	68,64	112,42	0,00	0,00	0,00
17.09.2026 11:25:44	0,02	0,01	0,02	0,10	0,15	0,22	0,14	0,26	0,29	0,23	0,51	0,84	1,72	1,12	3,68	0,00	7,41	5,66	14,57	8,68	0,00	17,47	9,54	31,24	51,18	0,00	0,00	0,00	0,00	0,00	0,00
17.09.2026 11:25:50	0,01	0,02	0,04	0,06	0,13	0,18	0,30	0,17	0,29	0,39	0,90	1,26	1,37	3,37	8,10	10,55	4,45	4,85	9,27	4,34	17,78	0,00	38,17	78,11	25,59	83,87	0,00	0,00	0,00	0,00	0,00
17.09.2026 11:25:56	0,01	0,03	0,04	0,06	0,17	0,22	0,20	0,29	0,43	0,23	0,64	1,26	1,03	3,37	2,03	2,11	7,41	2,43	10,60	17,36	10,67	17,47	95,42	46,87	76,76	41,93	0,00	0,00	0,00	0,00	0,00
17.09.2026 11:26:02	0,01	0,01	0,05	0,07	0,13	0,24	0,25	0,29	0,48	0,78	0,64	1,89	2,75	3,93	0,00	0,00	0,00	7,28	7,95	15,19	17,78	17,47	47,71	62,49	127,94	0,00	0,00	112,42	0,00	0,00	0,00
17.09.2026 11:26:08	0,01	0,03	0,03	0,09	0,16	0,24	0,20	0,12	0,24	0,08	1,02	0,63	1,72	2,25	4,60	3,32	6,42	5,66	7,95	6,51	0,00	23,29	57,25	109,35	25,59	0,00	68,64	0,00	184,14	0,00	0,00
17.09.2026 11:26:14	0,02	0,02	0,04	0,09	0,20	0,21	0,25	0,23	0,24	0,31	1,02	0,84	2,06	1,69	1,84	2,71	4,45	8,09	7,95	10,85	14,22	23,29	19,08	46,87	51,18	41,93	0,00	0,00	0,00	0,00	0,00
17.09.2026 11:26:20	0,02	0,03	0,05	0,06	0,19	0,21	0,27	0,32	0,24	0,70	1,02	1,26	1,03	2,81	0,00	3,32	6,92	2,43	10,60	13,02	14,22	5,82	38,17	109,35	25,59	0,00	0,00	112,42	0,00	0,00	0,00
17.09.2026 11:26:26	0,02	0,02	0,04	0,09	0,17	0,26	0,23	0,32	0,48	0,39	0,77	1,47	1,03	2,81	1,84	6,33	3,95	6,47	6,62	2,17	24,89	5,82	28,63	46,87	0,00	0,00	137,29	112,42	0,00	0,00	0,00
17.09.2026 11:26:32	0,01	0,03	0,03	0,07	0,20	0,21	0,32	0,38	0,33	0,23	0,38	1,68	3,43	1,69	0,92	0,30	5,43	5,66	6,62	13,02	3,56	23,29	66,80	46,87	51,18	83,87	68,64	0,00	0,00	0,00	0,00
17.09.2026 11:26:38	0,01	0,02	0,05	0,08	0,17	0,25	0,27	0,32	0,57	0,62	1,28	1,05	2,40	2,25	0,92	0,00	5,93	9,71	10,60	2,17	14,22	17,47	28,63	93,73	25,59	0,00	0,00	0,00	0,00	0,00	0,00
17.09.2026 11:26:44	0,02	0,02	0,03	0,07	0,18	0,18	0,16	0,38	0,19	0,62	0,51	1,47	2,75	4,50	0,74	1,51	3,95	6,47	11,92	17,36	3,56	11,65	66,80	93,73	102,35	41,93	68,64	0,00	184,14	0,00	0,00
17.09.2026 11:26:50	0,01	0,03	0,04	0,08	0,23	0,25	0,36	0,23	0,24	0,47	0,77	1,47	1,72	3,93	6,26	7,54	3,46	4,85	3,97	19,53	7,11	5,82	38,17	109,35	25,59	209,67	68,64	0,00	0,00	0,00	0,00
17.09.2026 11:26:56	0,02	0,02	0,06	0,10	0,14	0,26	0,21	0,23	0,29	0,31	0,51	2,52	0,69	3,37	2,58	2,11	5,93	5,66	5,30	19,53	10,67	34,94	28,63	46,87	76,76	41,93	0,00	224,84	0,00	301,55	0,00
17.09.2026 11:27:02	0,01	0,02	0,05	0,07	0,17	0,23	0,32	0,26	0,38	0,39	0,51	0,63	2,75	2,81	1,66	0,00	4,94	6,47	5,30	6,51	17,78	17,47	76,34	15,62	153,53	125,80	0,00	0,00	0,00	0,00	0,00
17.09.2026 11:27:08	0,01	0,02	0,05	0,08	0,17	0,25	0,27	0,29	0,24	0,08	0,77	1,05	1,03	1,12	2,39	2,71	2,96	8,09	9,27	13,02	14,22	5,82	28,63	62,49	25,59	0,00	68,64	0,00	0,00	0,00	0,00
17.09.2026 11:27:14	0,02	0,03	0,06	0,10	0,22	0,36	0,27	0,32	0,57	0,78	1,15	1,89	1,72	4,50	11,60	9,35	3,46	4,05	9,27	13,02	17,78	5,82	9,54	15,62	51,18	0,00	0,00	112,42	0,00	0,00	0,00
17.09.2026 11:27:20	0,02	0,03	0,03	0,05	0,17	0,20	0,16	0,26	0,52	0,47	0,77	1,26	1,03	2,81	4,79	5,13	3,95	7,28	10,60	8,68	17,78	23,29	47,71	78,11	127,94	41,93	68,64	0,00	0,00	0,00	988,09
17.09.2026 11:27:26	0,01	0,02	0,05	0,04	0,10	0,23	0,32	0,15	0,43	0,39	0,26	1,26	1,72	0,56	1,10	1,21	1,98	7,28	6,62	6,51	14,22	0,00	9,54	31,24	25,59	0,00	68,64	0,00	0,00	0,00	0,00
17.09.2026 11:27:32	0,03	0,02	0,03	0,06	0,15	0,14	0,12	0,23	0,24	0,47	0,64	1,05	2,06	1,69	3,87	5,73	3,95	4,85	6,62	0,00	7,11	11,65	47,71	15,62	51,18	0,00	137,29	112,42	184,14	0,00	0,00
17.09.2026 11:27:38	0,02	0,03	0,04	0,09	0,17	0,15	0,28	0,32	0,29	0,31	1,02	0,63	1,72	1,12	4,97	2,41	5,43	6,47	7,95	2,17	14,22	5,82	76,34	31,24	51,18	41,93	0,00	0,00	0,00	301,55	0,00
17.09.2026 11:27:44	0,02	0,03	0,04	0,09	0,18	0,15	0,21	0,20	0,24	0,47	0,51	1,68	1,37	1,12	5,34	3,92	6,42	9,71	9,27	8,68	17,78	5,82	19,08	93,73	0,00	41,93	137,29	0,00	0,00	0,00	0,00
17.09.2026 11:27:50	0,03	0,03	0,05	0,05	0,20	0,18	0,16	0,41	0,38	0,55	0,77	0,42	2,75	2,25	0,00	0,00	0,00	6,47	6,62	6,51	17,78	5,82	47,71	31,24	0,00	0,00	0,00	112,42	0,00	0,00	0,00
17.09.2026 11:27:56	0,05	0,02	0,04	0,05	0,07	0,14	0,14	0,15	0,38	0,47	1,02	0,21	1,37	1,12	6,08	6,03	1,48	2,43	3,97	0,00	3,56	5,82	9,54	46,87	76,76	41,93	137,29	112,42	0,00	0,00	0,00
17.09.2026 11:28:02	0,03	0,02	0,04	0,06	0,14	0,15	0,11	0,23	0,14	0,31	0,00	0,63	0,00	1,12	1,10	5,73	1,98	1,62	2,65	10,85	10,67	5,82	9,54	46,87	102,35	0,00	0,00	0,00	0,00	0,00	0,00
17.09.2026 11:28:08	0,03	0,03	0,04	0,07	0,11	0,15	0,14	0,09	0,10	0,39	0,77	0,84	1,03	1,12	4,60	6,33	5,43	5,66	2,65	6,51	3,56	5,82	9,54	15,62	25,59	0,00	68,64	0,00	0,00	0,00	0,00
17.09.2026 11:28:14	0,09	0,04	0,03	0,04	0,07	0,10	0,12	0,15	0,14	0,39	0,00	0,84	1,37	1,69	1,10	4,52	0,49	4,05	0,00	0,00	3,56	5,82	28,63	0,00	25,59	0,00	68,64	112,42	0,00	0,00	0,00
17.09.2026 11:28:20	0,11	0,06	0,05	0,08	0,05	0,21	0,05	0,06	0,05	0,08	0,51	0,42	1,72	1,69	1,29	0,00	3,46	3,24	1,32	6,51	10,67	5,82	19,08	15,62	0,00	41,93	0,00	0,00	0,00	0,00	0,00
17.09.2026 11:28:26	0,12	0,06	0,03	0,03	0,09	0,08	0,09	0,06	0,10	0,16	0,13	1,05	1,37	0,56	1,84	2,41	0,00	3,24	2,65	0,00	0,00	0,00	38,17	31,24	0,00	0,00	0,00	0,00	0,00	0,00	0,00
17.09.2026 11:28:32	0,12	0,06	0,06	0,04	0,05	0,09	0,05	0,15	0,14	0,23	0,38	0,42	0,00	0,56	0,00	0,00	0,99	2,43	3,97	2,17	0,00	17,47	9,54	31,24	0,00	0,00	0,00	0,00	0,00	0,00	0,00
17.09.2026 11:28:38	0,12	0,06	0,04	0,05	0,09	0,07	0,07	0,12	0,05	0,31	0,13	0,00	1,37	0,00	2,76	2,71	0,49	1,62	2,65	2,17	3,56	0,00	19,08	15,62	25,59	0,00	0,00	0,00	0,00	0,00	0,00
17.09.2026 11:28:44	0,13	0,06	0,06	0,06	0,07	0,07	0,09	0,06	0,05	0,23	0,26	0,00	0,69	1,12	2,03	0,60	1,48	0,00	1,32	2,17	3,56	0,00	0,00	0,00	0,00	41,93	0,00	0,00	0,00	0,00	0,00
17.09.2026 11:28:50	0,13	0,07	0,06	0,07	0,10	0,09	0,11	0,09	0,05	0,08	0,13	0,42	0,00	1,12	1,29	0,00	3,46	2,43	1,32	6,51	3,56	0,00	0,00	31,24	0,00	0,00	0,00	112,42	0,00	0,00	0,00
17.09.2026 11:28:56	0,12	0,07	0,06	0,04	0,05	0,05	0,09	0,06	0,05	0,00	0,13	0,00	0,69	1,12	0,00	2,41	2,47	0,81	2,65	0,00	3,56	0,00	9,54	15,62	0,00	41,93	0,00	0,00	0,00	0,00	0,00
17.09.2026 11:29:02	0,14	0,09	0,06	0,03	0,07	0,09	0,05	0,17	0,00	0,23	0,38	0,42	0,34	0,56	0,37	0,30	0,99	0,00	0,00	2,17	7,11	5,82	9,54	31,24	25,59	0,00	137,29	0,00	0,00	0,00	0,00
17.09.2026 11:29:08	0,14	0,07	0,05	0,04	0,03	0,11	0,18	0,12	0,05	0,16	0,38	0,21	1,03	0,56	3,50	1,21	0,49	2,43	2,65	2,17	0,00	5,82	28,63	0,00	0,00	41,93	0,00	0,00	0,00	0,00	0,00
17.09.2026 11:29:14	0,15	0,09	0,05	0,04	0,07	0,09	0,12	0,06	0,10	0,08	0,00	0,42	0,34	0,56	1,29	0,30	0,49	0,81	0,00	2,17	0,00	0,00	28,63	0,00	25,59	0,00	0,00	0,00	0,00	0,00	0,00
17.09.2026 11:29:20	0,18	0,09	0,09	0,06	0,03	0,07	0,05	0,09	0,05	0,08	0,00	0,21	1,03	0,56	1,10	2,71	1,48	2,43	3,97	4,34	0,00	0,00	9,54	15,62	51,18	0,00	0,00	0,00	0,00	0,00	0,00
17.09.2026 11:29:26	0,17	0,08	0,07	0,08	0,05	0,08	0,11	0,06	0,10	0,31	0,26	0,42	0,34	0,00	0,74	0,00	1,48	0,81	3,97	0,00	7,11	0,00	19,08	0,00	0,00	0,00	0,00	0,00	0,00	0,00	0,00
17.09.2026 11:29:32	0,18	0,09	0,06	0,05	0,06	0,07	0,09	0,06	0,05	0,23	0,00	0,21	0,34	0,00	0,00	0,00	1,98	1,62	2,65	0,00	0,00	0,00	9,54	0,00	25,59	0,00	0,00	0,00	0,00	0,00	0,00
17.09.2026 11:29:38	0,20	0,11	0,08	0,05	0,07	0,08	0,05	0,00	0,05	0,16	0,26	0,21	0,34	1,12	0,00	0,90	0,49	2,43	1,32	0,00	3,56	0,00	0,00	0,00	25,59	0,00	0,00	0,00	0,00	0,00	0,00
17.09.2026 11:29:44	0,19	0,11	0,07	0,03	0,09	0,04	0,04	0,00	0,10	0,00	0,38	0,00	0,69	0,56	0,92	0,00	0,00	0,00	1,32	2,17	7,11	0,00	19,08	31,24	25,59	41,93	0,00	0,00	0,00	0,00	0,00
17.09.2026 11:29:50	0,22	0,10	0,07	0,05	0,07	0,05	0,04	0,17	0,00	0,00	0,00	0,63	0,69	0,56	0,00	0,00	0,00	1,62	3,97	6,51	0,00	0,00	9,54	15,62	0,00	0,00	0,00	0,00	0,00	0,00	0,00
17.09.2026 11:29:56	0,25	0,14	0,08	0,06	0,04	0,04	0,05	0,06	0,10	0,16	0,64	0,21	1,03	0,56	0,00	0,00	0,49	0,81	1,32	2,17	3,56	0,00	0,00	0,00	0,00	0,00	0,00	0,00	0,00	0,00	0,00
17.09.2026 11:30:02	0,24	0,12	0,08	0,04	0,05	0,07	0,05	0,03	0,24	0,08	0,26	0,00	0,69	0,56	0,00	0,00	0,00	1,62	1,32	2,17	7,11	0,00	28,63	15,62	0,00	0,00	0,00	0,00	0,00	0,00	0,00
17.09.2026 11:30:08	0,26	0,14	0,09	0,06	0,05	0,04	0,14	0,09	0,10	0,08	0,26	0,00	0,69	0,00	1,66	0,30	1,48	0,00	0,00	2,17	3,56	0,00	0,00	0,00	0,00	0,00	0,00	0,00	0,00	0,00	0,00
17.09.2026 11:30:14	0,22	0,12	0,07	0,05	0,06	0,08	0,09	0,00	0,19	0,00	0,26	0,42	0,00	0,56	0,00	0,00	1,48	0,81	2,65	2,17	0,00	5,82	9,54	15,62	0,00	0,00	0,00	0,00	0,00	0,00	0,00
17.09.2026 11:30:20	0,24	0,13	0,06	0,09	0,07	0,02	0,05	0,09	0,24	0,08	0,26	0,21	1,03	0,56	1,10	0,00	0,99	1,62	1,32	0,00	3,56	5,82	9,54	0,00	0,00	0,00	0,00	112,42	0,00	0,00	0,00
17.09.2026 11:30:26	0,22	0,11	0,09	0,06	0,08	0,02	0,09	0,03	0,00	0,08	0,26	0,00	0,69	1,69	0,00	0,00	0,00	0,81	1,32	4,34	0,00	5,82	0,00	0,00	0,00	0,00	0,00	0,00	0,00	0,00	0,00
17.09.2026 11:30:32	0,28	0,15	0,05	0,06	0,04	0,08	0,04	0,00	0,00	0,16	0,13	0,63	1,03	0,56	0,18	0,90	0,99	1,62	0,00	6,51	7,11	0,00	9,54	0,00	0,00	0,00	0,00	112,42	0,00	0,00	0,00
17.09.2026 11:30:38	0,27	0,14	0,08	0,06	0,05	0,03	0,05	0,03	0,10	0,00	0,00	0,21	1,03	1,12	0,00	0,00	0,49	2,43	0,00	2,17	0,00	5,82	9,54	15,62	51,18	0,00	0,00	0,00	0,00	0,00	0,00
17.09.2026 11:30:44	0,28	0,14	0,10	0,05	0,05	0,12	0,02	0,06	0,05	0,00	0,13	0,21	0,34	0,56	0,00	0,00	0,99	0,81	0,00	2,17	0,00	0,00	0,00	0,00	0,00	0,00	68,64	0,00	0,00	0,00	0,00
17.09.2026 11:30:50	0,27	0,14	0,10	0,09	0,06	0,04	0,05	0,09	0,24	0,08	0,26	0,42	0,69	0,56	0,18	0,90	0,99	1,62	0,00	2,17	0,00	0,00	9,54	0,00	0,00	0,00	0,00	0,00	0,00	0,00	0,00
