<Header>
User name: 
Location: probe cabin
# of Location: 2
Model: 11-D
Serial No.: 11D20167
Firmware revision: 12.50E
Software revision: 1179-V2-10 (23-01-2023)
Unit: log data
C-factor: 1,00
location factor: 1,00
Comment: participant test
online data
K-line: 

<Data>
[d&t31.12.2035 11:50:55]	P	Year	Mon	Day	Hr	Min	Sec	Loc	GF	Err	Qbatt	Im	Temp	rH	Velo	Pres	Dir	Rain	Iv	P_Weight	P_Vol[l]	rH_i	Temp_i	Latitude	Longitude	Height	Flow[%]	SFlow
17.09.2026 10:47:31	P	26	9	17	10	47	31	2	0	0	NA	15	NA	NA	NA	1014,1	NA	NA	6	1149,1	37099,9	56,3	24,8	NA	NA	NA	102,4A	NA
17.09.2026 10:47:38	P	26	9	17	10	47	38	2	100	0	NA	32	NA	NA	NA	1014,1	NA	NA	6	1149,4	37100,1	55,0	24,8	NA	NA	NA	102,4A	NA
17.09.2026 10:47:44	P	26	9	17	10	47	44	2	100	0	NA	32	NA	NA	NA	1014,1	NA	NA	6	1149,7	37100,2	53,5	24,7	NA	NA	NA	102,4A	NA
17.09.2026 10:47:50	P	26	9	17	10	47	50	2	100	0	NA	32	NA	NA	NA	1014,1	NA	NA	6	1150,1	37100,3	52,8	24,7	NA	NA	NA	102,4A	NA
17.09.2026 10:47:56	P	26	9	17	10	47	56	2	100	0	NA	32	NA	NA	NA	1013,7	NA	NA	6	1150,6	37100,4	52,4	24,7	NA	NA	NA	102,4A	NA
17.09.2026 10:48:02	P	26	9	17	10	48	2	2	100	0	NA	32	NA	NA	NA	1014,1	NA	NA	6	1150,8	37100,5	52,0	24,8	NA	NA	NA	102,4A	NA
17.09.2026 10:48:08	P	26	9	17	10	48	8	2	100	0	NA	32	NA	NA	NA	1014,1	NA	NA	6	1151,1	37100,7	51,8	24,8	NA	NA	NA	102,4A	NA
17.09.2026 10:48:14	P	26	9	17	10	48	14	2	100	0	NA	32	NA	NA	NA	1013,7	NA	NA	6	1151,4	37100,8	51,5	24,8	NA	NA	NA	102,4A	NA
17.09.2026 10:48:20	P	26	9	17	10	48	20	2	100	0	NA	32	NA	NA	NA	1014,1	NA	NA	6	1151,8	37100,9	51,3	24,8	NA	NA	NA	102,4A	NA
17.09.2026 10:48:26	P	26	9	17	10	48	26	2	100	0	NA	33	NA	NA	NA	1014,1	NA	NA	6	1152,1	37101,0	51,1	24,8	NA	NA	NA	102,4A	NA
17.09.2026 10:48:32	P	26	9	17	10	48	32	2	100	0	NA	33	NA	NA	NA	1014,0	NA	NA	6	1152,4	37101,1	51,0	24,8	NA	NA	NA	102,4A	NA
17.09.2026 10:48:38	P	26	9	17	10	48	38	2	100	0	NA	32	NA	NA	NA	1014,1	NA	NA	6	1152,6	37101,3	50,9	24,8	NA	NA	NA	102,4A	NA
17.09.2026 10:48:44	P	26	9	17	10	48	44	2	100	0	NA	33	NA	NA	NA	1013,7	NA	NA	6	1152,9	37101,4	50,7	24,8	NA	NA	NA	102,4A	NA
17.09.2026 10:48:50	P	26	9	17	10	48	50	2	100	0	NA	33	NA	NA	NA	1014,1	NA	NA	6	1153,1	37101,5	50,5	24,8	NA	NA	NA	102,4A	NA
17.09.2026 10:48:56	P	26	9	17	10	48	56	2	100	0	NA	33	NA	NA	NA	1014,1	NA	NA	6	1153,3	37101,6	50,5	24,8	NA	NA	NA	102,4A	NA
17.09.2026 10:49:02	P	26	9	17	10	49	2	2	100	0	NA	33	NA	NA	NA	1014,1	NA	NA	6	1153,6	37101,8	50,4	24,9	NA	NA	NA	102,4A	NA
17.09.2026 10:49:08	P	26	9	17	10	49	8	2	100	0	NA	33	NA	NA	NA	1013,7	NA	NA	6	1154,0	37101,9	50,3	24,8	NA	NA	NA	102,4A	NA
17.09.2026 10:49:14	P	26	9	17	10	49	14	2	100	0	NA	33	NA	NA	NA	1014,1	NA	NA	6	1154,3	37102,0	50,3	24,9	NA	NA	NA	102,4A	NA
17.09.2026 10:49:20	P	26	9	17	10	49	20	2	100	0	NA	33	NA	NA	NA	1014,1	NA	NA	6	1154,5	37102,1	50,2	24,9	NA	NA	NA	102,4A	NA
17.09.2026 10:49:26	P	26	9	17	10	49	26	2	100	0	NA	33	NA	NA	NA	1014,1	NA	NA	6	1154,8	37102,2	50,1	24,9	NA	NA	NA	102,4A	NA
17.09.2026 10:49:32	P	26	9	17	10	49	32	2	100	0	NA	32	NA	NA	NA	1014,1	NA	NA	6	1155,0	37102,4	49,9	24,9	NA	NA	NA	102,4A	NA
17.09.2026 10:49:38	P	26	9	17	10	49	38	2	100	0	NA	33	NA	NA	NA	1013,7	NA	NA	6	1155,2	37102,5	50,0	24,9	NA	NA	NA	102,4A	NA
17.09.2026 10:49:44	P	26	9	17	10	49	44	2	100	0	NA	33	NA	NA	NA	1014,1	NA	NA	6	1155,5	37102,6	49,7	24,9	NA	NA	NA	102,4A	NA
17.09.2026 10:49:50	P	26	9	17	10	49	50	2	100	0	NA	33	NA	NA	NA	1014,1	NA	NA	6	1155,7	37102,7	49,7	24,9	NA	NA	NA	102,4A	NA
17.09.2026 10:49:56	P	26	9	17	10	49	56	2	100	0	NA	33	NA	NA	NA	1014,1	NA	NA	6	1156,0	37102,8	49,8	25,0	NA	NA	NA	102,4A	NA
17.09.2026 10:50:02	P	26	9	17	10	50	2	2	100	0	NA	33	NA	NA	NA	1014,1	NA	NA	6	1156,2	37103,0	49,7	24,9	NA	NA	NA	102,4A	NA
17.09.2026 10:50:08	P	26	9	17	10	50	8	2	100	0	NA	33	NA	NA	NA	1014,1	NA	NA	6	1156,4	37103,1	49,6	25,0	NA	NA	NA	102,4A	NA
17.09.2026 10:50:14	P	26	9	17	10	50	14	2	100	0	NA	33	NA	NA	NA	1014,1	NA	NA	6	1156,7	37103,2	49,6	25,0	NA	NA	NA	102,4A	NA
17.09.2026 10:50:20	P	26	9	17	10	50	20	2	100	0	NA	33	NA	NA	NA	1014,1	NA	NA	6	1156,9	37103,3	49,4	25,0	NA	NA	NA	102,4A	NA
17.09.2026 10:50:26	P	26	9	17	10	50	26	2	100	0	NA	33	NA	NA	NA	1014,1	NA	NA	6	1157,2	37103,4	49,4	25,0	NA	NA	NA	102,4A	NA
17.09.2026 10:50:32	P	26	9	17	10	50	32	2	100	0	NA	33	NA	NA	NA	1014,1	NA	NA	6	1157,4	37103,6	49,4	25,0	NA	NA	NA	102,4A	NA
17.09.2026 10:50:38	P	26	9	17	10	50	38	2	100	0	NA	33	NA	NA	NA	1013,7	NA	NA	6	1157,6	37103,7	49,3	25,0	NA	NA	NA	102,4A	NA
17.09.2026 10:50:44	P	26	9	17	10	50	44	2	100	0	NA	33	NA	NA	NA	1014,1	NA	NA	6	1158,0	37103,8	49,2	25,0	NA	NA	NA	102,4A	NA
17.09.2026 10:50:50	P	26	9	17	10	50	50	2	100	0	NA	33	NA	NA	NA	1014,1	NA	NA	6	1158,2	37103,9	49,2	25,0	NA	NA	NA	102,4A	NA
17.09.2026 10:50:56	P	26	9	17	10	50	56	2	100	0	NA	33	NA	NA	NA	1014,1	NA	NA	6	1158,5	37104,1	49,2	25,1	NA	NA	NA	102,4A	NA
17.09.2026 10:51:02	P	26	9	17	10	51	2	2	100	0	NA	33	NA	NA	NA	1014,1	NA	NA	6	1158,8	37104,2	49,2	25,1	NA	NA	NA	102,4A	NA
17.09.2026 10:51:08	P	26	9	17	10	51	8	2	100	0	NA	33	NA	NA	NA	1014,1	NA	NA	6	1159,0	37104,3	49,1	25,1	NA	NA	NA	102,4A	NA
17.09.2026 10:51:14	P	26	9	17	10	51	14	2	100	0	NA	33	NA	NA	NA	1013,7	NA	NA	6	1159,2	37104,4	49,0	25,1	NA	NA	NA	102,4A	NA
17.09.2026 10:51:20	P	26	9	17	10	51	20	2	100	0	NA	33	NA	NA	NA	1014,1	NA	NA	6	1159,4	37104,5	49,0	25,1	NA	NA	NA	102,4A	NA
17.09.2026 10:51:26	P	26	9	17	10	51	26	2	100	0	NA	33	NA	NA	NA	1014,1	NA	NA	6	1159,6	37104,7	48,9	25,1	NA	NA	NA	102,4A	NA
17.09.2026 10:51:32	P	26	9	17	10	51	32	2	100	0	NA	33	NA	NA	NA	1014,2	NA	NA	6	1159,8	37104,8	48,9	25,1	NA	NA	NA	102,4A	NA
17.09.2026 10:51:38	P	26	9	17	10	51	38	2	100	0	NA	33	NA	NA	NA	1014,1	NA	NA	6	1160,0	37104,9	48,8	25,1	NA	NA	NA	102,4A	NA
17.09.2026 10:51:44	P	26	9	17	10	51	44	2	100	0	NA	33	NA	NA	NA	1013,7	NA	NA	6	1160,2	37105,0	48,8	25,1	NA	NA	NA	102,4A	NA
17.09.2026 10:51:50	P	26	9	17	10	51	50	2	100	0	NA	33	NA	NA	NA	1014,1	NA	NA	6	1160,4	37105,1	48,8	25,2	NA	NA	NA	102,4A	NA
17.09.2026 10:51:56	P	26	9	17	10	51	56	2	100	0	NA	33	NA	NA	NA	1014,1	NA	NA	6	1160,5	37105,3	48,7	25,2	NA	NA	NA	102,4A	NA
17.09.2026 10:52:02	P	26	9	17	10	52	2	2	100	0	NA	33	NA	NA	NA	1014,1	NA	NA	6	1160,6	37105,4	48,6	25,2	NA	NA	NA	102,4A	NA
17.09.2026 10:52:08	P	26	9	17	10	52	8	2	100	0	NA	33	NA	NA	NA	1014,1	NA	NA	6	1160,9	37105,5	48,6	25,1	NA	NA	NA	102,4A	NA
17.09.2026 10:52:14	P	26	9	17	10	52	14	2	100	0	NA	33	NA	NA	NA	1014,1	NA	NA	6	1161,0	37105,6	48,6	25,2	NA	NA	NA	102,4A	NA
17.09.2026 10:52:20	P	26	9	17	10	52	20	2	100	0	NA	33	NA	NA	NA	1013,7	NA	NA	6	1161,2	37105,8	48,5	25,2	NA	NA	NA	102,4A	NA
17.09.2026 10:52:26	P	26	9	17	10	52	26	2	100	0	NA	33	NA	NA	NA	1013,7	NA	NA	6	1161,4	37105,9	48,5	25,2	NA	NA	NA	102,4A	NA
17.09.2026 10:52:32	P	26	9	17	10	52	32	2	100	0	NA	33	NA	NA	NA	1014,0	NA	NA	6	1161,6	37106,0	48,4	25,2	NA	NA	NA	102,4A	NA
17.09.2026 10:52:38	P	26	9	17	10	52	38	2	100	0	NA	33	NA	NA	NA	1014,1	NA	NA	6	1161,8	37106,1	48,4	25,2	NA	NA	NA	102,4A	NA
17.09.2026 10:52:44	P	26	9	17	10	52	44	2	100	0	NA	33	NA	NA	NA	1014,1	NA	NA	6	1161,9	37106,2	48,4	25,3	NA	NA	NA	102,4A	NA
17.09.2026 10:52:50	P	26	9	17	10	52	50	2	100	0	NA	33	NA	NA	NA	1014,1	NA	NA	6	1162,2	37106,4	48,4	25,2	NA	NA	NA	102,4A	NA
17.09.2026 10:52:56	P	26	9	17	10	52	56	2	100	0	NA	33	NA	NA	NA	1014,1	NA	NA	6	1162,4	37106,5	48,3	25,3	NA	NA	NA	102,4A	NA
17.09.2026 10:53:02	P	26	9	17	10	53	2	2	100	0	NA	32	NA	NA	NA	1014,1	NA	NA	6	1162,7	37106,6	48,3	25,3	NA	NA	NA	102,4A	NA
17.09.2026 10:53:08	P	26	9	17	10	53	8	2	100	0	NA	33	NA	NA	NA	1014,1	NA	NA	6	1162,9	37106,7	48,3	25,3	NA	NA	NA	102,4A	NA
17.09.2026 10:53:14	P	26	9	17	10	53	14	2	100	0	NA	33	NA	NA	NA	1014,1	NA	NA	6	1163,1	37106,8	48,2	25,3	NA	NA	NA	102,4A	NA
17.09.2026 10:53:20	P	26	9	17	10	53	20	2	100	0	NA	32	NA	NA	NA	1014,1	NA	NA	6	1163,3	37107,0	48,2	25,3	NA	NA	NA	102,4A	NA
17.09.2026 10:53:26	P	26	9	17	10	53	26	2	100	0	NA	33	NA	NA	NA	1014,1	NA	NA	6	1163,4	37107,1	48,2	25,3	NA	NA	NA	102,4A	NA
17.09.2026 10:53:32	P	26	9	17	10	53	32	2	100	0	NA	33	NA	NA	NA	1014,0	NA	NA	6	1163,6	37107,2	48,1	25,3	NA	NA	NA	102,4A	NA
17.09.2026 10:53:38	P	26	9	17	10	53	38	2	100	0	NA	32	NA	NA	NA	1013,7	NA	NA	6	1163,7	37107,3	48,0	25,3	NA	NA	NA	102,4A	NA
17.09.2026 10:53:44	P	26	9	17	10	53	44	2	100	0	NA	33	NA	NA	NA	1014,1	NA	NA	6	1163,9	37107,4	48,1	25,4	NA	NA	NA	102,4A	NA
17.09.2026 10:53:50	P	26	9	17	10	53	50	2	100	0	NA	33	NA	NA	NA	1014,1	NA	NA	6	1164,0	37107,6	48,1	25,3	NA	NA	NA	102,4A	NA
17.09.2026 10:53:56	P	26	9	17	10	53	56	2	100	0	NA	33	NA	NA	NA	1014,1	NA	NA	6	1164,2	37107,7	47,9	25,4	NA	NA	NA	102,4A	NA
17.09.2026 10:54:02	P	26	9	17	10	54	2	2	100	0	NA	33	NA	NA	NA	1014,1	NA	NA	6	1164,3	37107,8	48,0	25,3	NA	NA	NA	102,4A	NA
17.09.2026 10:54:08	P	26	9	17	10	54	8	2	100	0	NA	33	NA	NA	NA	1013,7	NA	NA	6	1164,5	37107,9	47,8	25,4	NA	NA	NA	102,4A	NA
17.09.2026 10:54:14	P	26	9	17	10	54	14	2	100	0	NA	33	NA	NA	NA	1013,7	NA	NA	6	1164,7	37108,1	47,9	25,5	NA	NA	NA	102,4A	NA
17.09.2026 10:54:20	P	26	9	17	10	54	20	2	100	0	NA	33	NA	NA	NA	1014,1	NA	NA	6	1164,8	37108,2	48,0	25,4	NA	NA	NA	102,4A	NA
17.09.2026 10:54:26	P	26	9	17	10	54	26	2	100	0	NA	33	NA	NA	NA	1014,1	NA	NA	6	1164,9	37108,3	47,8	25,4	NA	NA	NA	102,4A	NA
17.09.2026 10:54:32	P	26	9	17	10	54	32	2	100	0	NA	33	NA	NA	NA	1014,1	NA	NA	6	1165,0	37108,4	47,9	25,4	NA	NA	NA	102,4A	NA
17.09.2026 10:54:38	P	26	9	17	10	54	38	2	100	0	NA	32	NA	NA	NA	1014,1	NA	NA	6	1165,1	37108,5	47,9	25,4	NA	NA	NA	102,4A	NA
17.09.2026 10:54:44	P	26	9	17	10	54	44	2	100	0	NA	32	NA	NA	NA	1014,1	NA	NA	6	1165,2	37108,7	47,7	25,5	NA	NA	NA	102,4A	NA
17.09.2026 10:54:50	P	26	9	17	10	54	50	2	100	0	NA	32	NA	NA	NA	1014,1	NA	NA	6	1165,4	37108,8	47,7	25,5	NA	NA	NA	102,4A	NA
17.09.2026 10:54:56	P	26	9	17	10	54	56	2	100	0	NA	33	NA	NA	NA	1014,1	NA	NA	6	1165,5	37108,9	47,7	25,4	NA	NA	NA	102,4A	NA
17.09.2026 10:55:02	P	26	9	17	10	55	2	2	100	0	NA	32	NA	NA	NA	1014,1	NA	NA	6	1165,7	37109,0	47,7	25,4	NA	NA	NA	102,4A	NA
17.09.2026 10:55:08	P	26	9	17	10	55	8	2	100	0	NA	32	NA	NA	NA	1014,1	NA	NA	6	1165,8	37109,1	47,6	25,4	NA	NA	NA	102,4A	NA
17.09.2026 10:55:14	P	26	9	17	10	55	14	2	100	0	NA	32	NA	NA	NA	1013,7	NA	NA	6	1165,9	37109,3	47,7	25,5	NA	NA	NA	102,4A	NA
17.09.2026 10:55:20	P	26	9	17	10	55	20	2	100	0	NA	32	NA	NA	NA	1013,7	NA	NA	6	1166,0	37109,4	47,7	25,5	NA	NA	NA	102,4A	NA
17.09.2026 10:55:26	P	26	9	17	10	55	26	2	100	0	NA	32	NA	NA	NA	1014,1	NA	NA	6	1166,1	37109,5	47,6	25,5	NA	NA	NA	102,4A	NA
17.09.2026 10:55:32	P	26	9	17	10	55	32	2	100	0	NA	32	NA	NA	NA	1014,1	NA	NA	6	1166,2	37109,6	47,6	25,5	NA	NA	NA	102,4A	NA
17.09.2026 10:55:38	P	26	9	17	10	55	38	2	100	0	NA	32	NA	NA	NA	1014,1	NA	NA	6	1166,3	37109,7	47,6	25,6	NA	NA	NA	102,4A	NA
17.09.2026 10:55:44	P	26	9	17	10	55	44	2	100	0	NA	32	NA	NA	NA	1013,7	NA	NA	6	1166,4	37109,9	47,5	25,6	NA	NA	NA	102,4A	NA
17.09.2026 10:55:50	P	26	9	17	10	55	50	2	100	0	NA	32	NA	NA	NA	1014,1	NA	NA	6	1166,5	37110,0	47,4	25,5	NA	NA	NA	102,4A	NA
17.09.2026 10:55:56	P	26	9	17	10	55	56	2	100	0	NA	32	NA	NA	NA	1014,1	NA	NA	6	1166,7	37110,1	47,5	25,6	NA	NA	NA	102,4A	NA
17.09.2026 10:56:02	P	26	9	17	10	56	2	2	100	0	NA	32	NA	NA	NA	1013,7	NA	NA	6	1166,8	37110,2	47,4	25,6	NA	NA	NA	102,4A	NA
17.09.2026 10:56:08	P	26	9	17	10	56	8	2	100	0	NA	32	NA	NA	NA	1013,7	NA	NA	6	1166,9	37110,4	47,4	25,6	NA	NA	NA	102,4A	NA
17.09.2026 10:56:14	P	26	9	17	10	56	14	2	100	0	NA	32	NA	NA	NA	1014,1	NA	NA	6	1167,0	37110,5	47,3	25,6	NA	NA	NA	102,4A	NA
17.09.2026 10:56:20	P	26	9	17	10	56	20	2	100	0	NA	32	NA	NA	NA	1014,1	NA	NA	6	1167,1	37110,6	47,4	25,6	NA	NA	NA	102,4A	NA
17.09.2026 10:56:26	P	26	9	17	10	56	26	2	100	0	NA	32	NA	NA	NA	1014,1	NA	NA	6	1167,2	37110,7	47,3	25,6	NA	NA	NA	102,4A	NA
17.09.2026 10:56:32	P	26	9	17	10	56	32	2	100	0	NA	32	NA	NA	NA	1014,1	NA	NA	6	1167,3	37110,8	47,3	25,7	NA	NA	NA	102,4A	NA
17.09.2026 10:56:38	P	26	9	17	10	56	38	2	100	0	NA	32	NA	NA	NA	1013,7	NA	NA	6	1167,5	37111,0	47,3	25,7	NA	NA	NA	102,4A	NA
17.09.2026 10:56:44	P	26	9	17	10	56	44	2	100	0	NA	32	NA	NA	NA	1014,1	NA	NA	6	1167,6	37111,1	47,2	25,7	NA	NA	NA	102,4A	NA
17.09.2026 10:56:50	P	26	9	17	10	56	50	2	100	0	NA	32	NA	NA	NA	1014,1	NA	NA	6	1167,7	37111,2	47,2	25,7	NA	NA	NA	102,4A	NA
17.09.2026 10:56:56	P	26	9	17	10	56	56	2	100	0	NA	32	NA	NA	NA	1014,1	NA	NA	6	1167,8	37111,3	47,3	25,7	NA	NA	NA	102,4A	NA
17.09.2026 10:57:02	P	26	9	17	10	57	2	2	100	0	NA	32	NA	NA	NA	1013,7	NA	NA	6	1167,9	37111,4	47,2	25,6	NA	NA	NA	102,4A	NA
17.09.2026 10:57:08	P	26	9	17	10	57	8	2	100	0	NA	32	NA	NA	NA	1014,1	NA	NA	6	1168,0	37111,6	47,1	25,7	NA	NA	NA	102,4A	NA
17.09.2026 10:57:14	P	26	9	17	10	57	14	2	100	0	NA	32	NA	NA	NA	1014,1	NA	NA	6	1168,1	37111,7	47,1	25,7	NA	NA	NA	102,4A	NA
17.09.2026 10:57:20	P	26	9	17	10	57	20	2	100	0	NA	32	NA	NA	NA	1014,1	NA	NA	6	1168,2	37111,8	47,1	25,7	NA	NA	NA	102,4A	NA
17.09.2026 10:57:26	P	26	9	17	10	57	26	2	100	0	NA	32	NA	NA	NA	1013,7	NA	NA	6	1168,3	37111,9	47,1	25,7	NA	NA	NA	102,4A	NA
17.09.2026 10:57:32	P	26	9	17	10	57	32	2	100	0	NA	32	NA	NA	NA	1014,1	NA	NA	6	1168,4	37112,0	47,1	25,7	NA	NA	NA	102,4A	NA
17.09.2026 10:57:38	P	26	9	17	10	57	38	2	100	0	NA	32	NA	NA	NA	1013,7	NA	NA	6	1168,4	37112,2	47,0	25,7	NA	NA	NA	102,4A	NA
17.09.2026 10:57:44	P	26	9	17	10	57	44	2	100	0	NA	32	NA	NA	NA	1014,1	NA	NA	6	1168,5	37112,3	47,1	25,7	NA	NA	NA	102,4A	NA
17.09.2026 10:57:50	P	26	9	17	10	57	50	2	100	0	NA	32	NA	NA	NA	1013,3	NA	NA	6	1168,6	37112,4	47,1	25,8	NA	NA	NA	102,4A	NA
17.09.2026 10:57:56	P	26	9	17	10	57	56	2	100	0	NA	32	NA	NA	NA	1013,3	NA	NA	6	1168,7	37112,5	47,0	25,7	NA	NA	NA	102,4A	NA
17.09.2026 10:58:02	P	26	9	17	10	58	2	2	100	0	NA	32	NA	NA	NA	1013,7	NA	NA	6	1168,8	37112,7	47,0	25,8	NA	NA	NA	102,4A	NA
17.09.2026 10:58:08	P	26	9	17	10	58	8	2	100	0	NA	32	NA	NA	NA	1013,3	NA	NA	6	1168,9	37112,8	46,9	25,8	NA	NA	NA	102,4A	NA
17.09.2026 10:58:14	P	26	9	17	10	58	14	2	100	0	NA	32	NA	NA	NA	1013,3	NA	NA	6	1169,0	37112,9	46,9	25,8	NA	NA	NA	102,4A	NA
17.09.2026 10:58:20	P	26	9	17	10	58	20	2	100	0	NA	32	NA	NA	NA	1013,3	NA	NA	6	1169,0	37113,0	46,9	25,8	NA	NA	NA	102,4A	NA
17.09.2026 10:58:26	P	26	9	17	10	58	26	2	100	0	NA	32	NA	NA	NA	1013,3	NA	NA	6	1169,1	37113,1	47,0	25,8	NA	NA	NA	102,4A	NA
17.09.2026 10:58:32	P	26	9	17	10	58	32	2	100	0	NA	32	NA	NA	NA	1013,3	NA	NA	6	1169,2	37113,3	46,9	25,8	NA	NA	NA	102,4A	NA
17.09.2026 10:58:38	P	26	9	17	10	58	38	2	100	0	NA	32	NA	NA	NA	1013,3	NA	NA	6	1169,3	37113,4	46,9	25,8	NA	NA	NA	102,4A	NA
17.09.2026 10:58:44	P	26	9	17	10	58	44	2	100	0	NA	32	NA	NA	NA	1013,3	NA	NA	6	1169,4	37113,5	46,9	25,8	NA	NA	NA	102,4A	NA
17.09.2026 10:58:50	P	26	9	17	10	58	50	2	100	0	NA	32	NA	NA	NA	1013,3	NA	NA	6	1169,5	37113,6	46,9	25,8	NA	NA	NA	102,4A	NA
17.09.2026 10:58:56	P	26	9	17	10	58	56	2	100	0	NA	32	NA	NA	NA	1012,8	NA	NA	6	1169,6	37113,7	46,8	25,8	NA	NA	NA	102,4A	NA
17.09.2026 10:59:02	P	26	9	17	10	59	2	2	100	0	NA	32	NA	NA	NA	1013,3	NA	NA	6	1169,7	37113,9	46,8	25,8	NA	NA	NA	102,4A	NA
17.09.2026 10:59:08	P	26	9	17	10	59	8	2	100	0	NA	32	NA	NA	NA	1013,3	NA	NA	6	1169,8	37114,0	46,7	25,9	NA	NA	NA	102,4A	NA
17.09.2026 10:59:14	P	26	9	17	10	59	14	2	100	0	NA	32	NA	NA	NA	1013,3	NA	NA	6	1169,9	37114,1	46,7	25,9	NA	NA	NA	102,4A	NA
17.09.2026 10:59:20	P	26	9	17	10	59	20	2	100	0	NA	32	NA	NA	NA	1013,3	NA	NA	6	1169,9	37114,2	46,7	25,9	NA	NA	NA	102,4A	NA
17.09.2026 10:59:26	P	26	9	17	10	59	26	2	100	0	NA	32	NA	NA	NA	1013,3	NA	NA	6	1170,0	37114,3	46,8	25,9	NA	NA	NA	102,4A	NA
17.09.2026 10:59:32	P	26	9	17	10	59	32	2	100	0	NA	32	NA	NA	NA	1013,3	NA	NA	6	1170,1	37114,5	46,7	25,8	NA	NA	NA	102,4A	NA
17.09.2026 10:59:38	P	26	9	17	10	59	38	2	100	0	NA	32	NA	NA	NA	1013,3	NA	NA	6	1170,2	37114,6	46,8	25,9	NA	NA	NA	102,4A	NA
17.09.2026 10:59:44	P	26	9	17	10	59	44	2	100	0	NA	32	NA	NA	NA	1013,7	NA	NA	6	1170,2	37114,7	46,7	25,9	NA	NA	NA	102,4A	NA
17.09.2026 10:59:50	P	26	9	17	10	59	50	2	100	0	NA	32	NA	NA	NA	1013,3	NA	NA	6	1170,3	37114,8	46,6	25,9	NA	NA	NA	102,4A	NA
17.09.2026 10:59:56	P	26	9	17	10	59	56	2	100	0	NA	32	NA	NA	NA	1013,3	NA	NA	6	1170,3	37115,0	46,6	25,9	NA	NA	NA	102,4A	NA
17.09.2026 11:00:02	P	26	9	17	11	0	2	2	100	0	NA	32	NA	NA	NA	1013,3	NA	NA	6	1170,4	37115,1	46,6	25,9	NA	NA	NA	102,4A	NA
17.09.2026 11:00:08	P	26	9	17	11	0	8	2	100	0	NA	32	NA	NA	NA	1013,3	NA	NA	6	1170,5	37115,2	46,7	25,9	NA	NA	NA	102,4A	NA
17.09.2026 11:00:14	P	26	9	17	11	0	14	2	100	0	NA	32	NA	NA	NA	1013,7	NA	NA	6	1170,6	37115,3	46,6	25,9	NA	NA	NA	102,4A	NA
17.09.2026 11:00:20	P	26	9	17	11	0	20	2	100	0	NA	32	NA	NA	NA	1013,3	NA	NA	6	1170,6	37115,4	46,6	26,0	NA	NA	NA	102,4A	NA
17.09.2026 11:00:26	P	26	9	17	11	0	26	2	100	0	NA	32	NA	NA	NA	1013,3	NA	NA	6	1170,7	37115,6	46,6	25,9	NA	NA	NA	102,4A	NA
17.09.2026 11:00:32	P	26	9	17	11	0	32	2	100	0	NA	32	NA	NA	NA	1013,3	NA	NA	6	1170,8	37115,7	46,5	25,9	NA	NA	NA	102,4A	NA
17.09.2026 11:00:38	P	26	9	17	11	0	38	2	100	0	NA	32	NA	NA	NA	1013,3	NA	NA	6	1170,8	37115,8	46,4	26,0	NA	NA	NA	102,4A	NA
17.09.2026 11:00:44	P	26	9	17	11	0	44	2	100	0	NA	32	NA	NA	NA	1013,3	NA	NA	6	1170,8	37115,9	46,5	25,9	NA	NA	NA	102,4A	NA
17.09.2026 11:00:50	P	26	9	17	11	0	50	2	100	0	NA	32	NA	NA	NA	1013,3	NA	NA	6	1170,9	37116,0	46,4	26,0	NA	NA	NA	102,4A	NA
17.09.2026 11:00:56	P	26	9	17	11	0	56	2	100	0	NA	32	NA	NA	NA	1013,3	NA	NA	6	1171,0	37116,2	46,4	26,0	NA	NA	NA	102,4A	NA
17.09.2026 11:01:02	P	26	9	17	11	1	2	2	100	0	NA	32	NA	NA	NA	1013,3	NA	NA	6	1171,0	37116,3	46,4	25,9	NA	NA	NA	102,4A	NA
17.09.2026 11:01:08	P	26	9	17	11	1	8	2	100	0	NA	32	NA	NA	NA	1013,3	NA	NA	6	1171,1	37116,4	46,4	26,0	NA	NA	NA	102,4A	NA
17.09.2026 11:01:14	P	26	9	17	11	1	14	2	100	0	NA	32	NA	NA	NA	1013,3	NA	NA	6	1171,1	37116,5	46,3	26,0	NA	NA	NA	102,4A	NA
17.09.2026 11:01:20	P	26	9	17	11	1	20	2	100	0	NA	32	NA	NA	NA	1013,3	NA	NA	6	1171,1	37116,6	46,3	26,0	NA	NA	NA	102,4A	NA
17.09.2026 11:01:26	P	26	9	17	11	1	26	2	100	0	NA	32	NA	NA	NA	1013,3	NA	NA	6	1171,1	37116,8	46,3	26,0	NA	NA	NA	102,4A	NA
17.09.2026 11:01:32	P	26	9	17	11	1	32	2	100	0	NA	32	NA	NA	NA	1013,3	NA	NA	6	1171,1	37116,9	46,3	26,0	NA	NA	NA	102,4A	NA
17.09.2026 11:01:38	P	26	9	17	11	1	38	2	100	0	NA	32	NA	NA	NA	1013,3	NA	NA	6	1171,2	37117,0	46,3	26,0	NA	NA	NA	102,4A	NA
17.09.2026 11:01:44	P	26	9	17	11	1	44	2	100	0	NA	32	NA	NA	NA	1013,7	NA	NA	6	1171,2	37117,1	46,3	26,0	NA	NA	NA	102,4A	NA
17.09.2026 11:01:50	P	26	9	17	11	1	50	2	100	0	NA	32	NA	NA	NA	1014,1	NA	NA	6	1171,2	37117,3	46,3	26,0	NA	NA	NA	102,4A	NA
17.09.2026 11:01:56	P	26	9	17	11	1	56	2	100	0	NA	32	NA	NA	NA	1013,3	NA	NA	6	1171,2	37117,4	46,3	26,0	NA	NA	NA	102,4A	NA
17.09.2026 11:02:02	P	26	9	17	11	2	2	2	100	0	NA	32	NA	NA	NA	1013,3	NA	NA	6	1171,2	37117,5	46,4	26,0	NA	NA	NA	102,4A	NA
17.09.2026 11:02:08	P	26	9	17	11	2	8	2	100	0	NA	32	NA	NA	NA	1013,3	NA	NA	6	1171,2	37117,6	46,3	26,0	NA	NA	NA	102,4A	NA
17.09.2026 11:02:14	P	26	9	17	11	2	14	2	100	0	NA	32	NA	NA	NA	1013,3	NA	NA	6	1171,2	37117,7	46,2	26,0	NA	NA	NA	102,4A	NA
17.09.2026 11:02:20	P	26	9	17	11	2	20	2	100	0	NA	31	NA	NA	NA	1013,3	NA	NA	6	1171,4	37117,9	46,3	26,0	NA	NA	NA	102,4A	NA
17.09.2026 11:02:26	P	26	9	17	11	2	26	2	100	0	NA	32	NA	NA	NA	1013,3	NA	NA	6	1171,4	37118,0	46,3	26,0	NA	NA	NA	102,4A	NA
17.09.2026 11:02:32	P	26	9	17	11	2	32	2	100	0	NA	32	NA	NA	NA	1013,4	NA	NA	6	1171,4	37118,1	46,4	26,0	NA	NA	NA	102,4A	NA
17.09.2026 11:02:38	P	26	9	17	11	2	38	2	100	0	NA	31	NA	NA	NA	1013,3	NA	NA	6	1171,4	37118,2	46,3	26,0	NA	NA	NA	102,4A	NA
17.09.2026 11:02:44	P	26	9	17	11	2	44	2	100	0	NA	32	NA	NA	NA	1012,8	NA	NA	6	1171,4	37118,3	46,4	26,0	NA	NA	NA	102,4A	NA
17.09.2026 11:02:50	P	26	9	17	11	2	50	2	100	0	NA	32	NA	NA	NA	1012,8	NA	NA	6	1171,4	37118,5	46,3	26,0	NA	NA	NA	102,4A	NA
17.09.2026 11:02:56	P	26	9	17	11	2	56	2	100	0	NA	32	NA	NA	NA	1013,3	NA	NA	6	1171,4	37118,6	46,3	26,1	NA	NA	NA	102,4A	NA
17.09.2026 11:03:02	P	26	9	17	11	3	2	2	100	0	NA	32	NA	NA	NA	1013,3	NA	NA	6	1171,4	37118,7	46,3	26,0	NA	NA	NA	102,4A	NA
17.09.2026 11:03:08	P	26	9	17	11	3	8	2	100	0	NA	32	NA	NA	NA	1013,3	NA	NA	6	1171,4	37118,8	46,3	26,0	NA	NA	NA	102,4A	NA
17.09.2026 11:03:14	P	26	9	17	11	3	14	2	100	0	NA	32	NA	NA	NA	1013,3	NA	NA	6	1171,4	37118,9	46,3	26,0	NA	NA	NA	102,4A	NA
17.09.2026 11:03:20	P	26	9	17	11	3	20	2	100	0	NA	32	NA	NA	NA	1013,3	NA	NA	6	1171,4	37119,1	46,2	26,0	NA	NA	NA	102,4A	NA
17.09.2026 11:03:26	P	26	9	17	11	3	26	2	100	0	NA	32	NA	NA	NA	1013,3	NA	NA	6	1171,4	37119,2	46,4	26,1	NA	NA	NA	102,4A	NA
17.09.2026 11:03:32	P	26	9	17	11	3	32	2	100	0	NA	32	NA	NA	NA	1013,3	NA	NA	6	1171,4	37119,3	46,3	26,1	NA	NA	NA	102,4A	NA
17.09.2026 11:03:38	P	26	9	17	11	3	38	2	100	0	NA	31	NA	NA	NA	1013,3	NA	NA	6	1171,5	37119,4	46,4	26,0	NA	NA	NA	102,4A	NA
17.09.2026 11:03:44	P	26	9	17	11	3	44	2	100	0	NA	32	NA	NA	NA	1012,8	NA	NA	6	1171,5	37119,6	46,3	26,0	NA	NA	NA	102,4A	NA
17.09.2026 11:03:50	P	26	9	17	11	3	50	2	100	0	NA	32	NA	NA	NA	1013,3	NA	NA	6	1171,5	37119,7	46,3	26,0	NA	NA	NA	102,4A	NA
17.09.2026 11:03:56	P	26	9	17	11	3	56	2	100	0	NA	31	NA	NA	NA	1013,3	NA	NA	6	1171,5	37119,8	46,3	26,0	NA	NA	NA	102,4A	NA
17.09.2026 11:04:02	P	26	9	17	11	4	2	2	100	0	NA	31	NA	NA	NA	1013,3	NA	NA	6	1171,5	37119,9	46,3	26,0	NA	NA	NA	102,4A	NA
17.09.2026 11:04:08	P	26	9	17	11	4	8	2	100	0	NA	32	NA	NA	NA	1013,3	NA	NA	6	1171,5	37120,0	46,3	26,0	NA	NA	NA	102,4A	NA
17.09.2026 11:04:14	P	26	9	17	11	4	14	2	100	0	NA	31	NA	NA	NA	1012,8	NA	NA	6	1171,5	37120,2	46,4	26,0	NA	NA	NA	102,4A	NA
17.09.2026 11:04:20	P	26	9	17	11	4	20	2	100	0	NA	31	NA	NA	NA	1013,3	NA	NA	6	1171,5	37120,3	46,4	26,1	NA	NA	NA	102,4A	NA
17.09.2026 11:04:26	P	26	9	17	11	4	26	2	100	0	NA	31	NA	NA	NA	1013,3	NA	NA	6	1171,5	37120,4	46,4	26,0	NA	NA	NA	102,4A	NA
17.09.2026 11:04:32	P	26	9	17	11	4	32	2	100	0	NA	31	NA	NA	NA	1013,3	NA	NA	6	1171,5	37120,5	46,3	26,0	NA	NA	NA	102,4A	NA
17.09.2026 11:04:38	P	26	9	17	11	4	38	2	100	0	NA	31	NA	NA	NA	1012,8	NA	NA	6	1171,5	37120,6	46,3	26,0	NA	NA	NA	102,4A	NA
17.09.2026 11:04:44	P	26	9	17	11	4	44	2	100	0	NA	31	NA	NA	NA	1013,3	NA	NA	6	1171,5	37120,8	46,3	26,0	NA	NA	NA	102,4A	NA
17.09.2026 11:04:50	P	26	9	17	11	4	50	2	100	0	NA	31	NA	NA	NA	1013,3	NA	NA	6	1171,5	37120,9	46,3	26,1	NA	NA	NA	102,4A	NA
17.09.2026 11:04:56	P	26	9	17	11	4	56	2	100	0	NA	31	NA	NA	NA	1013,3	NA	NA	6	1171,5	37121,0	46,3	26,0	NA	NA	NA	102,4A	NA
17.09.2026 11:05:02	P	26	9	17	11	5	2	2	100	0	NA	31	NA	NA	NA	1012,8	NA	NA	6	1171,5	37121,1	46,5	26,0	NA	NA	NA	102,4A	NA
17.09.2026 11:05:08	P	26	9	17	11	5	8	2	100	0	NA	31	NA	NA	NA	1012,8	NA	NA	6	1171,5	37121,3	46,4	26,0	NA	NA	NA	102,4A	NA
17.09.2026 11:05:14	P	26	9	17	11	5	14	2	100	0	NA	31	NA	NA	NA	1012,8	NA	NA	6	1171,5	37121,4	46,4	26,0	NA	NA	NA	102,4A	NA
17.09.2026 11:05:20	P	26	9	17	11	5	20	2	100	0	NA	31	NA	NA	NA	1013,3	NA	NA	6	1171,5	37121,5	46,4	26,0	NA	NA	NA	102,4A	NA
17.09.2026 11:05:26	P	26	9	17	11	5	26	2	100	0	NA	31	NA	NA	NA	1013,3	NA	NA	6	1171,5	37121,6	46,5	26,0	NA	NA	NA	102,4A	NA
17.09.2026 11:05:32	P	26	9	17	11	5	32	2	100	0	NA	31	NA	NA	NA	1013,0	NA	NA	6	1171,5	37121,7	46,4	26,0	NA	NA	NA	102,4A	NA
17.09.2026 11:05:38	P	26	9	17	11	5	38	2	100	0	NA	31	NA	NA	NA	1012,8	NA	NA	6	1171,5	37121,9	46,4	26,1	NA	NA	NA	102,4A	NA
17.09.2026 11:05:44	P	26	9	17	11	5	44	2	100	0	NA	31	NA	NA	NA	1013,3	NA	NA	6	1171,5	37122,0	46,5	26,1	NA	NA	NA	102,4A	NA
17.09.2026 11:05:50	P	26	9	17	11	5	50	2	100	0	NA	31	NA	NA	NA	1013,3	NA	NA	6	1171,5	37122,1	46,4	26,0	NA	NA	NA	102,4A	NA
17.09.2026 11:05:56	P	26	9	17	11	5	56	2	100	0	NA	31	NA	NA	NA	1013,3	NA	NA	6	1171,5	37122,2	46,4	26,0	NA	NA	NA	102,4A	NA
17.09.2026 11:06:02	P	26	9	17	11	6	2	2	100	0	NA	31	NA	NA	NA	1013,3	NA	NA	6	1171,5	37122,3	46,4	26,0	NA	NA	NA	102,4A	NA
17.09.2026 11:06:08	P	26	9	17	11	6	8	2	100	0	NA	31	NA	NA	NA	1013,3	NA	NA	6	1171,5	37122,5	46,5	26,0	NA	NA	NA	102,4A	NA
17.09.2026 11:06:14	P	26	9	17	11	6	14	2	100	0	NA	31	NA	NA	NA	1013,3	NA	NA	6	1171,5	37122,6	46,4	26,1	NA	NA	NA	102,4A	NA
17.09.2026 11:06:20	P	26	9	17	11	6	20	2	100	0	NA	31	NA	NA	NA	1013,3	NA	NA	6	1171,5	37122,7	46,4	26,0	NA	NA	NA	102,4A	NA
17.09.2026 11:06:26	P	26	9	17	11	6	26	2	100	0	NA	31	NA	NA	NA	1013,3	NA	NA	6	1171,5	37122,8	46,4	26,0	NA	NA	NA	102,4A	NA
17.09.2026 11:06:32	P	26	9	17	11	6	32	2	100	0	NA	31	NA	NA	NA	1013,3	NA	NA	6	1171,5	37122,9	46,5	26,0	NA	NA	NA	102,4A	NA
17.09.2026 11:06:38	P	26	9	17	11	6	38	2	100	0	NA	31	NA	NA	NA	1013,3	NA	NA	6	1171,5	37123,1	46,4	26,0	NA	NA	NA	102,4A	NA
17.09.2026 11:06:44	P	26	9	17	11	6	44	2	100	0	NA	31	NA	NA	NA	1013,3	NA	NA	6	1171,5	37123,2	46,5	26,1	NA	NA	NA	102,4A	NA
17.09.2026 11:06:50	P	26	9	17	11	6	50	2	100	0	NA	31	NA	NA	NA	1013,3	NA	NA	6	1171,5	37123,3	46,5	26,0	NA	NA	NA	102,4A	NA
17.09.2026 11:06:56	P	26	9	17	11	6	56	2	100	0	NA	31	NA	NA	NA	1012,8	NA	NA	6	1171,5	37123,4	46,5	26,0	NA	NA	NA	102,4A	NA
17.09.2026 11:07:02	P	26	9	17	11	7	2	2	100	0	NA	31	NA	NA	NA	1012,8	NA	NA	6	1171,5	37123,6	46,5	26,0	NA	NA	NA	102,4A	NA
17.09.2026 11:07:08	P	26	9	17	11	7	8	2	100	0	NA	31	NA	NA	NA	1013,3	NA	NA	6	1171,5	37123,7	46,5	26,0	NA	NA	NA	102,4A	NA
17.09.2026 11:07:14	P	26	9	17	11	7	14	2	100	0	NA	31	NA	NA	NA	1012,8	NA	NA	6	1171,5	37123,8	46,5	26,1	NA	NA	NA	102,4A	NA
17.09.2026 11:07:20	P	26	9	17	11	7	20	2	100	0	NA	31	NA	NA	NA	1012,8	NA	NA	6	1171,5	37123,9	46,5	26,0	NA	NA	NA	102,4A	NA
17.09.2026 11:07:26	P	26	9	17	11	7	26	2	100	0	NA	31	NA	NA	NA	1013,3	NA	NA	6	1171,5	37124,0	46,5	26,0	NA	NA	NA	102,4A	NA
17.09.2026 11:07:32	P	26	9	17	11	7	32	2	100	0	NA	31	NA	NA	NA	1013,2	NA	NA	6	1171,5	37124,2	46,6	26,0	NA	NA	NA	102,4A	NA
17.09.2026 11:07:38	P	26	9	17	11	7	38	2	100	0	NA	31	NA	NA	NA	1012,8	NA	NA	6	1171,5	37124,3	46,5	26,1	NA	NA	NA	102,4A	NA
17.09.2026 11:07:44	P	26	9	17	11	7	44	2	100	0	NA	31	NA	NA	NA	1013,3	NA	NA	6	1171,5	37124,4	46,5	26,1	NA	NA	NA	102,4A	NA
17.09.2026 11:07:50	P	26	9	17	11	7	50	2	100	0	NA	31	NA	NA	NA	1012,8	NA	NA	6	1171,5	37124,5	46,5	26,0	NA	NA	NA	102,4A	NA
17.09.2026 11:07:56	P	26	9	17	11	7	56	2	100	0	NA	31	NA	NA	NA	1013,3	NA	NA	6	1171,5	37124,6	46,6	26,1	NA	NA	NA	102,4A	NA
17.09.2026 11:08:02	P	26	9	17	11	8	2	2	100	0	NA	31	NA	NA	NA	1013,3	NA	NA	6	1171,5	37124,8	46,6	26,0	NA	NA	NA	102,4A	NA
17.09.2026 11:08:08	P	26	9	17	11	8	8	2	100	0	NA	31	NA	NA	NA	1013,3	NA	NA	6	1171,5	37124,9	46,5	26,1	NA	NA	NA	102,4A	NA
17.09.2026 11:08:14	P	26	9	17	11	8	14	2	100	0	NA	31	NA	NA	NA	1013,3	NA	NA	6	1171,5	37125,0	46,5	26,0	NA	NA	NA	102,4A	NA
17.09.2026 11:08:20	P	26	9	17	11	8	20	2	100	0	NA	31	NA	NA	NA	1012,8	NA	NA	6	1171,5	37125,1	46,6	26,1	NA	NA	NA	102,4A	NA
17.09.2026 11:08:26	P	26	9	17	11	8	26	2	100	0	NA	31	NA	NA	NA	1012,8	NA	NA	6	1171,5	37125,2	46,5	26,1	NA	NA	NA	102,4A	NA
17.09.2026 11:08:32	P	26	9	17	11	8	32	2	100	0	NA	31	NA	NA	NA	1013,1	NA	NA	6	1171,5	37125,4	46,5	26,1	NA	NA	NA	102,4A	NA
17.09.2026 11:08:38	P	26	9	17	11	8	38	2	100	0	NA	31	NA	NA	NA	1013,3	NA	NA	6	1171,5	37125,5	46,5	26,1	NA	NA	NA	102,4A	NA
17.09.2026 11:08:44	P	26	9	17	11	8	44	2	100	0	NA	31	NA	NA	NA	1012,8	NA	NA	6	1171,5	37125,6	46,6	26,0	NA	NA	NA	102,4A	NA
17.09.2026 11:08:50	P	26	9	17	11	8	50	2	100	0	NA	31	NA	NA	NA	1013,3	NA	NA	6	1171,5	37125,7	46,6	26,1	NA	NA	NA	102,4A	NA
17.09.2026 11:08:56	P	26	9	17	11	8	56	2	100	0	NA	31	NA	NA	NA	1012,8	NA	NA	6	1171,5	37125,9	46,5	26,0	NA	NA	NA	102,4A	NA
17.09.2026 11:09:02	P	26	9	17	11	9	2	2	100	0	NA	31	NA	NA	NA	1013,3	NA	NA	6	1171,5	37126,0	46,6	26,0	NA	NA	NA	102,4A	NA
17.09.2026 11:09:08	P	26	9	17	11	9	8	2	100	0	NA	31	NA	NA	NA	1013,3	NA	NA	6	1171,5	37126,1	46,6	26,0	NA	NA	NA	102,4A	NA
17.09.2026 11:09:14	P	26	9	17	11	9	14	2	100	0	NA	31	NA	NA	NA	1012,8	NA	NA	6	1171,5	37126,2	46,6	26,0	NA	NA	NA	102,4A	NA
17.09.2026 11:09:20	P	26	9	17	11	9	20	2	100	0	NA	31	NA	NA	NA	1013,3	NA	NA	6	1171,5	37126,3	46,6	26,0	NA	NA	NA	102,4A	NA
17.09.2026 11:09:26	P	26	9	17	11	9	26	2	100	0	NA	31	NA	NA	NA	1013,3	NA	NA	6	1171,5	37126,5	46,6	26,1	NA	NA	NA	102,4A	NA
17.09.2026 11:09:32	P	26	9	17	11	9	32	2	100	0	NA	31	NA	NA	NA	1013,3	NA	NA	6	1171,5	37126,6	46,6	26,0	NA	NA	NA	102,4A	NA
17.09.2026 11:09:38	P	26	9	17	11	9	38	2	100	0	NA	31	NA	NA	NA	1013,3	NA	NA	6	1171,5	37126,7	46,6	26,1	NA	NA	NA	102,4A	NA
17.09.2026 11:09:44	P	26	9	17	11	9	44	2	100	0	NA	31	NA	NA	NA	1012,8	NA	NA	6	1171,5	37126,8	46,7	26,0	NA	NA	NA	102,4A	NA
17.09.2026 11:09:50	P	26	9	17	11	9	50	2	100	0	NA	31	NA	NA	NA	1013,3	NA	NA	6	1171,5	37126,9	46,6	26,1	NA	NA	NA	102,4A	NA
17.09.2026 11:09:56	P	26	9	17	11	9	56	2	100	0	NA	31	NA	NA	NA	1013,3	NA	NA	6	1171,5	37127,1	46,6	26,1	NA	NA	NA	102,4A	NA
17.09.2026 11:10:02	P	26	9	17	11	10	2	2	100	0	NA	31	NA	NA	NA	1013,3	NA	NA	6	1171,5	37127,2	46,6	26,1	NA	NA	NA	102,4A	NA
17.09.2026 11:10:08	P	26	9	17	11	10	8	2	100	0	NA	31	NA	NA	NA	1013,3	NA	NA	6	1171,5	37127,3	46,6	26,1	NA	NA	NA	102,4A	NA
17.09.2026 11:10:14	P	26	9	17	11	10	14	2	100	0	NA	31	NA	NA	NA	1013,3	NA	NA	6	1171,5	37127,4	46,5	26,0	NA	NA	NA	102,4A	NA
17.09.2026 11:10:20	P	26	9	17	11	10	20	2	100	0	NA	31	NA	NA	NA	1012,8	NA	NA	6	1171,5	37127,5	46,7	26,1	NA	NA	NA	102,4A	NA
17.09.2026 11:10:26	P	26	9	17	11	10	26	2	100	0	NA	31	NA	NA	NA	1013,3	NA	NA	6	1171,5	37127,7	46,6	26,1	NA	NA	NA	102,4A	NA
17.09.2026 11:10:32	P	26	9	17	11	10	32	2	100	0	NA	31	NA	NA	NA	1013,3	NA	NA	6	1171,5	37127,8	46,6	26,1	NA	NA	NA	102,4A	NA
17.09.2026 11:10:38	P	26	9	17	11	10	38	2	100	0	NA	31	NA	NA	NA	1013,3	NA	NA	6	1171,5	37127,9	46,6	26,1	NA	NA	NA	102,4A	NA
17.09.2026 11:10:44	P	26	9	17	11	10	44	2	100	0	NA	31	NA	NA	NA	1012,8	NA	NA	6	1171,5	37128,0	46,6	26,1	NA	NA	NA	102,4A	NA
17.09.2026 11:10:50	P	26	9	17	11	10	50	2	100	0	NA	31	NA	NA	NA	1012,8	NA	NA	6	1171,5	37128,2	46,6	26,1	NA	NA	NA	102,4A	NA
17.09.2026 11:10:56	P	26	9	17	11	10	56	2	100	0	NA	31	NA	NA	NA	1012,8	NA	NA	6	1171,5	37128,3	46,6	26,1	NA	NA	NA	102,4A	NA
17.09.2026 11:11:02	P	26	9	17	11	11	2	2	100	0	NA	31	NA	NA	NA	1012,8	NA	NA	6	1171,5	37128,4	46,6	26,1	NA	NA	NA	102,4A	NA
17.09.2026 11:11:08	P	26	9	17	11	11	8	2	100	0	NA	31	NA	NA	NA	1012,8	NA	NA	6	1171,5	37128,5	46,6	26,1	NA	NA	NA	102,4A	NA
17.09.2026 11:11:14	P	26	9	17	11	11	14	2	100	0	NA	31	NA	NA	NA	1013,3	NA	NA	6	1171,5	37128,6	46,7	26,1	NA	NA	NA	102,4A	NA
17.09.2026 11:11:20	P	26	9	17	11	11	20	2	100	0	NA	31	NA	NA	NA	1012,8	NA	NA	6	1171,5	37128,8	46,7	26,1	NA	NA	NA	102,4A	NA
17.09.2026 11:11:26	P	26	9	17	11	11	26	2	100	0	NA	31	NA	NA	NA	1013,3	NA	NA	6	1171,5	37128,9	46,7	26,0	NA	NA	NA	102,4A	NA
17.09.2026 11:11:32	P	26	9	17	11	11	32	2	100	0	NA	31	NA	NA	NA	1013,0	NA	NA	6	1171,5	37129,0	46,6	26,1	NA	NA	NA	102,4A	NA
17.09.2026 11:11:38	P	26	9	17	11	11	38	2	100	0	NA	31	NA	NA	NA	1012,8	NA	NA	6	1171,5	37129,1	46,7	26,1	NA	NA	NA	102,4A	NA
17.09.2026 11:11:44	P	26	9	17	11	11	44	2	100	0	NA	31	NA	NA	NA	1012,8	NA	NA	6	1171,5	37129,2	46,7	26,1	NA	NA	NA	102,4A	NA
17.09.2026 11:11:50	P	26	9	17	11	11	50	2	100	0	NA	31	NA	NA	NA	1013,3	NA	NA	6	1171,5	37129,4	46,7	26,1	NA	NA	NA	102,4A	NA
17.09.2026 11:11:56	P	26	9	17	11	11	56	2	100	0	NA	31	NA	NA	NA	1013,3	NA	NA	6	1171,5	37129,5	46,7	26,1	NA	NA	NA	102,4A	NA
17.09.2026 11:12:02	P	26	9	17	11	12	2	2	100	0	NA	31	NA	NA	NA	1013,3	NA	NA	6	1171,5	37129,6	46,6	26,1	NA	NA	NA	102,4A	NA
17.09.2026 11:12:08	P	26	9	17	11	12	8	2	100	0	NA	31	NA	NA	NA	1013,3	NA	NA	6	1171,5	37129,7	46,7	26,1	NA	NA	NA	102,4A	NA
17.09.2026 11:12:14	P	26	9	17	11	12	14	2	100	0	NA	31	NA	NA	NA	1013,3	NA	NA	6	1171,5	37129,8	46,7	26,1	NA	NA	NA	102,4A	NA
17.09.2026 11:12:20	P	26	9	17	11	12	20	2	100	0	NA	31	NA	NA	NA	1012,8	NA	NA	6	1171,5	37130,0	46,7	26,1	NA	NA	NA	102,4A	NA
17.09.2026 11:12:26	P	26	9	17	11	12	26	2	100	0	NA	31	NA	NA	NA	1012,8	NA	NA	6	1171,5	37130,1	46,6	26,1	NA	NA	NA	102,4A	NA
17.09.2026 11:12:32	P	26	9	17	11	12	32	2	100	0	NA	31	NA	NA	NA	1013,2	NA	NA	6	1171,5	37130,2	46,8	26,2	NA	NA	NA	102,4A	NA
17.09.2026 11:12:38	P	26	9	17	11	12	38	2	100	0	NA	31	NA	NA	NA	1012,8	NA	NA	6	1171,5	37130,3	46,7	26,1	NA	NA	NA	102,4A	NA
17.09.2026 11:12:44	P	26	9	17	11	12	44	2	100	0	NA	31	NA	NA	NA	1013,3	NA	NA	6	1171,5	37130,5	46,7	26,1	NA	NA	NA	102,4A	NA
17.09.2026 11:12:50	P	26	9	17	11	12	50	2	100	0	NA	31	NA	NA	NA	1013,3	NA	NA	6	1171,5	37130,6	46,7	26,2	NA	NA	NA	102,4A	NA
17.09.2026 11:12:56	P	26	9	17	11	12	56	2	100	0	NA	31	NA	NA	NA	1012,8	NA	NA	6	1171,5	37130,7	46,7	26,1	NA	NA	NA	102,4A	NA
17.09.2026 11:13:02	P	26	9	17	11	13	2	2	100	0	NA	31	NA	NA	NA	1013,3	NA	NA	6	1171,5	37130,8	46,6	26,1	NA	NA	NA	102,4A	NA
17.09.2026 11:13:08	P	26	9	17	11	13	8	2	100	0	NA	31	NA	NA	NA	1013,3	NA	NA	6	1171,5	37130,9	46,7	26,1	NA	NA	NA	102,4A	NA
17.09.2026 11:13:14	P	26	9	17	11	13	14	2	100	0	NA	31	NA	NA	NA	1013,3	NA	NA	6	1171,5	37131,1	46,7	26,1	NA	NA	NA	102,4A	NA
17.09.2026 11:13:20	P	26	9	17	11	13	20	2	100	0	NA	31	NA	NA	NA	1013,3	NA	NA	6	1171,5	37131,2	46,7	26,1	NA	NA	NA	102,4A	NA
17.09.2026 11:13:26	P	26	9	17	11	13	26	2	100	0	NA	31	NA	NA	NA	1013,3	NA	NA	6	1171,5	37131,3	46,6	26,2	NA	NA	NA	102,4A	NA
17.09.2026 11:13:32	P	26	9	17	11	13	32	2	100	0	NA	31	NA	NA	NA	1013,2	NA	NA	6	1171,5	37131,4	46,7	26,1	NA	NA	NA	102,4A	NA
17.09.2026 11:13:38	P	26	9	17	11	13	38	2	100	0	NA	31	NA	NA	NA	1013,3	NA	NA	6	1171,5	37131,5	46,7	26,1	NA	NA	NA	102,4A	NA
17.09.2026 11:13:44	P	26	9	17	11	13	44	2	100	0	NA	31	NA	NA	NA	1012,8	NA	NA	6	1171,5	37131,7	46,7	26,1	NA	NA	NA	102,4A	NA
17.09.2026 11:13:50	P	26	9	17	11	13	50	2	100	0	NA	31	NA	NA	NA	1012,8	NA	NA	6	1171,5	37131,8	46,7	26,1	NA	NA	NA	102,4A	NA
17.09.2026 11:13:56	P	26	9	17	11	13	56	2	100	0	NA	31	NA	NA	NA	1012,8	NA	NA	6	1171,5	37131,9	46,7	26,1	NA	NA	NA	102,4A	NA
17.09.2026 11:14:02	P	26	9	17	11	14	2	2	100	0	NA	31	NA	NA	NA	1012,4	NA	NA	6	1171,5	37132,0	46,6	26,1	NA	NA	NA	102,4A	NA
17.09.2026 11:14:08	P	26	9	17	11	14	8	2	100	0	NA	31	NA	NA	NA	1013,3	NA	NA	6	1171,5	37132,1	46,7	26,2	NA	NA	NA	102,4A	NA
17.09.2026 11:14:14	P	26	9	17	11	14	14	2	100	0	NA	31	NA	NA	NA	1012,8	NA	NA	6	1171,5	37132,3	46,7	26,2	NA	NA	NA	102,4A	NA
17.09.2026 11:14:20	P	26	9	17	11	14	20	2	100	0	NA	31	NA	NA	NA	1012,8	NA	NA	6	1171,5	37132,4	46,8	26,2	NA	NA	NA	102,4A	NA
17.09.2026 11:14:26	P	26	9	17	11	14	26	2	100	0	NA	31	NA	NA	NA	1012,8	NA	NA	6	1171,5	37132,5	46,6	26,1	NA	NA	NA	102,4A	NA
17.09.2026 11:14:32	P	26	9	17	11	14	32	2	100	0	NA	31	NA	NA	NA	1013,0	NA	NA	6	1171,5	37132,6	46,7	26,1	NA	NA	NA	102,4A	NA
17.09.2026 11:14:38	P	26	9	17	11	14	38	2	100	0	NA	31	NA	NA	NA	1012,8	NA	NA	6	1171,5	37132,8	46,7	26,2	NA	NA	NA	102,4A	NA
17.09.2026 11:14:44	P	26	9	17	11	14	44	2	100	0	NA	31	NA	NA	NA	1012,8	NA	NA	6	1171,5	37132,9	46,7	26,2	NA	NA	NA	102,4A	NA
17.09.2026 11:14:50	P	26	9	17	11	14	50	2	100	0	NA	31	NA	NA	NA	1013,3	NA	NA	6	1171,5	37133,0	46,7	26,2	NA	NA	NA	102,4A	NA
17.09.2026 11:14:56	P	26	9	17	11	14	56	2	100	0	NA	31	NA	NA	NA	1013,3	NA	NA	6	1171,5	37133,1	46,8	26,2	NA	NA	NA	102,4A	NA
17.09.2026 11:15:02	P	26	9	17	11	15	2	2	100	0	NA	31	NA	NA	NA	1012,8	NA	NA	6	1171,5	37133,2	46,8	26,2	NA	NA	NA	102,4A	NA
17.09.2026 11:15:08	P	26	9	17	11	15	8	2	100	0	NA	31	NA	NA	NA	1012,8	NA	NA	6	1171,5	37133,4	46,7	26,2	NA	NA	NA	102,4A	NA
17.09.2026 11:15:14	P	26	9	17	11	15	14	2	100	0	NA	31	NA	NA	NA	1013,3	NA	NA	6	1171,5	37133,5	46,8	26,2	NA	NA	NA	102,4A	NA
17.09.2026 11:15:20	P	26	9	17	11	15	20	2	100	0	NA	31	NA	NA	NA	1013,3	NA	NA	6	1171,5	37133,6	46,8	26,2	NA	NA	NA	102,4A	NA
17.09.2026 11:15:26	P	26	9	17	11	15	26	2	100	0	NA	31	NA	NA	NA	1013,3	NA	NA	6	1171,5	37133,7	46,8	26,2	NA	NA	NA	102,4A	NA
17.09.2026 11:15:32	P	26	9	17	11	15	32	2	100	0	NA	31	NA	NA	NA	1013,0	NA	NA	6	1171,5	37133,8	46,9	26,2	NA	NA	NA	102,4A	NA
17.09.2026 11:15:38	P	26	9	17	11	15	38	2	100	0	NA	31	NA	NA	NA	1012,8	NA	NA	6	1171,5	37134,0	47,1	26,2	NA	NA	NA	102,4A	NA
17.09.2026 11:15:44	P	26	9	17	11	15	44	2	100	0	NA	31	NA	NA	NA	1013,3	NA	NA	6	1171,5	37134,1	47,2	26,2	NA	NA	NA	102,4A	NA
17.09.2026 11:15:50	P	26	9	17	11	15	50	2	100	0	NA	31	NA	NA	NA	1012,8	NA	NA	6	1171,5	37134,2	47,2	26,2	NA	NA	NA	102,4A	NA
17.09.2026 11:15:56	P	26	9	17	11	15	56	2	100	0	NA	31	NA	NA	NA	1013,3	NA	NA	6	1171,6	37134,3	47,3	26,1	NA	NA	NA	102,4A	NA
17.09.2026 11:16:02	P	26	9	17	11	16	2	2	100	0	NA	31	NA	NA	NA	1013,3	NA	NA	6	1171,6	37134,4	47,4	26,2	NA	NA	NA	102,4A	NA
17.09.2026 11:16:08	P	26	9	17	11	16	8	2	100	0	NA	31	NA	NA	NA	1012,8	NA	NA	6	1171,6	37134,6	47,3	26,2	NA	NA	NA	102,4A	NA
17.09.2026 11:16:14	P	26	9	17	11	16	14	2	100	0	NA	31	NA	NA	NA	1013,3	NA	NA	6	1171,6	37134,7	47,4	26,2	NA	NA	NA	102,4A	NA
17.09.2026 11:16:20	P	26	9	17	11	16	20	2	100	0	NA	31	NA	NA	NA	1013,3	NA	NA	6	1171,6	37134,8	47,5	26,2	NA	NA	NA	102,4A	NA
17.09.2026 11:16:26	P	26	9	17	11	16	26	2	100	0	NA	31	NA	NA	NA	1012,8	NA	NA	6	1171,6	37134,9	47,4	26,2	NA	NA	NA	102,4A	NA
17.09.2026 11:16:32	P	26	9	17	11	16	32	2	100	0	NA	31	NA	NA	NA	1013,0	NA	NA	6	1171,7	37135,1	47,6	26,2	NA	NA	NA	102,4A	NA
17.09.2026 11:16:38	P	26	9	17	11	16	38	2	100	0	NA	31	NA	NA	NA	1012,8	NA	NA	6	1171,7	37135,2	47,6	26,3	NA	NA	NA	102,4A	NA
17.09.2026 11:16:44	P	26	9	17	11	16	44	2	100	0	NA	31	NA	NA	NA	1012,8	NA	NA	6	1171,7	37135,3	47,5	26,3	NA	NA	NA	102,4A	NA
17.09.2026 11:16:50	P	26	9	17	11	16	50	2	100	0	NA	31	NA	NA	NA	1012,8	NA	NA	6	1171,7	37135,4	47,5	26,2	NA	NA	NA	102,4A	NA
17.09.2026 11:16:56	P	26	9	17	11	16	56	2	100	0	NA	31	NA	NA	NA	1012,8	NA	NA	6	1171,7	37135,5	47,6	26,2	NA	NA	NA	102,4A	NA
17.09.2026 11:17:02	P	26	9	17	11	17	2	2	100	0	NA	31	NA	NA	NA	1012,8	NA	NA	6	1171,8	37135,7	47,6	26,3	NA	NA	NA	102,4A	NA
17.09.2026 11:17:08	P	26	9	17	11	17	8	2	100	0	NA	31	NA	NA	NA	1012,8	NA	NA	6	1171,9	37135,8	47,7	26,3	NA	NA	NA	102,4A	NA
17.09.2026 11:17:14	P	26	9	17	11	17	14	2	100	0	NA	31	NA	NA	NA	1012,8	NA	NA	6	1171,9	37135,9	47,7	26,2	NA	NA	NA	102,4A	NA
17.09.2026 11:17:20	P	26	9	17	11	17	20	2	100	0	NA	31	NA	NA	NA	1012,8	NA	NA	6	1172,0	37136,0	47,9	26,3	NA	NA	NA	102,4A	NA
17.09.2026 11:17:26	P	26	9	17	11	17	26	2	100	0	NA	31	NA	NA	NA	1013,3	NA	NA	6	1172,1	37136,1	47,9	26,3	NA	NA	NA	102,4A	NA
17.09.2026 11:17:32	P	26	9	17	11	17	32	2	100	0	NA	31	NA	NA	NA	1013,1	NA	NA	6	1172,1	37136,3	48,0	26,3	NA	NA	NA	102,4A	NA
17.09.2026 11:17:38	P	26	9	17	11	17	38	2	100	0	NA	31	NA	NA	NA	1013,3	NA	NA	6	1172,2	37136,4	48,0	26,3	NA	NA	NA	102,4A	NA
17.09.2026 11:17:44	P	26	9	17	11	17	44	2	100	0	NA	31	NA	NA	NA	1013,3	NA	NA	6	1172,2	37136,5	48,1	26,3	NA	NA	NA	102,4A	NA
17.09.2026 11:17:50	P	26	9	17	11	17	50	2	100	0	NA	31	NA	NA	NA	1013,3	NA	NA	6	1172,2	37136,6	48,1	26,4	NA	NA	NA	102,4A	NA
17.09.2026 11:17:56	P	26	9	17	11	17	56	2	100	0	NA	31	NA	NA	NA	1013,3	NA	NA	6	1172,2	37136,8	48,2	26,3	NA	NA	NA	102,4A	NA
17.09.2026 11:18:02	P	26	9	17	11	18	2	2	100	0	NA	31	NA	NA	NA	1012,8	NA	NA	6	1172,3	37136,9	48,2	26,3	NA	NA	NA	102,4A	NA
17.09.2026 11:18:08	P	26	9	17	11	18	8	2	100	0	NA	31	NA	NA	NA	1012,8	NA	NA	6	1172,3	37137,0	48,3	26,3	NA	NA	NA	102,4A	NA
17.09.2026 11:18:14	P	26	9	17	11	18	14	2	100	0	NA	31	NA	NA	NA	1013,3	NA	NA	6	1172,4	37137,1	48,3	26,4	NA	NA	NA	102,4A	NA
17.09.2026 11:18:20	P	26	9	17	11	18	20	2	100	0	NA	31	NA	NA	NA	1012,8	NA	NA	6	1172,4	37137,2	48,5	26,3	NA	NA	NA	102,4A	NA
17.09.2026 11:18:26	P	26	9	17	11	18	26	2	100	0	NA	31	NA	NA	NA	1012,8	NA	NA	6	1172,5	37137,4	48,6	26,3	NA	NA	NA	102,4A	NA
17.09.2026 11:18:32	P	26	9	17	11	18	32	2	100	0	NA	31	NA	NA	NA	1013,0	NA	NA	6	1172,6	37137,5	48,7	26,4	NA	NA	NA	102,4A	NA
17.09.2026 11:18:38	P	26	9	17	11	18	38	2	100	0	NA	31	NA	NA	NA	1013,3	NA	NA	6	1172,6	37137,6	48,7	26,4	NA	NA	NA	102,4A	NA
17.09.2026 11:18:44	P	26	9	17	11	18	44	2	100	0	NA	31	NA	NA	NA	1013,3	NA	NA	6	1172,7	37137,7	48,7	26,4	NA	NA	NA	102,4A	NA
17.09.2026 11:18:50	P	26	9	17	11	18	50	2	100	0	NA	31	NA	NA	NA	1013,3	NA	NA	6	1172,8	37137,8	48,7	26,4	NA	NA	NA	102,4A	NA
17.09.2026 11:18:56	P	26	9	17	11	18	56	2	100	0	NA	31	NA	NA	NA	1012,8	NA	NA	6	1172,9	37138,0	48,7	26,4	NA	NA	NA	102,4A	NA
17.09.2026 11:19:02	P	26	9	17	11	19	2	2	100	0	NA	31	NA	NA	NA	1012,8	NA	NA	6	1173,1	37138,1	48,8	26,5	NA	NA	NA	102,4A	NA
17.09.2026 11:19:08	P	26	9	17	11	19	8	2	100	0	NA	31	NA	NA	NA	1012,8	NA	NA	6	1173,2	37138,2	48,9	26,4	NA	NA	NA	102,4A	NA
17.09.2026 11:19:14	P	26	9	17	11	19	14	2	100	0	NA	31	NA	NA	NA	1012,8	NA	NA	6	1173,2	37138,3	48,9	26,5	NA	NA	NA	102,4A	NA
17.09.2026 11:19:20	P	26	9	17	11	19	20	2	100	0	NA	31	NA	NA	NA	1012,8	NA	NA	6	1173,3	37138,4	48,9	26,5	NA	NA	NA	102,4A	NA
17.09.2026 11:19:26	P	26	9	17	11	19	26	2	100	0	NA	31	NA	NA	NA	1013,3	NA	NA	6	1173,3	37138,6	49,1	26,5	NA	NA	NA	102,4A	NA
17.09.2026 11:19:32	P	26	9	17	11	19	32	2	100	0	NA	31	NA	NA	NA	1013,0	NA	NA	6	1173,4	37138,7	49,3	26,5	NA	NA	NA	102,4A	NA
17.09.2026 11:19:38	P	26	9	17	11	19	38	2	100	0	NA	31	NA	NA	NA	1012,8	NA	NA	6	1173,5	37138,8	49,2	26,5	NA	NA	NA	102,4A	NA
17.09.2026 11:19:44	P	26	9	17	11	19	44	2	100	0	NA	31	NA	NA	NA	1012,8	NA	NA	6	1173,5	37138,9	49,4	26,5	NA	NA	NA	102,4A	NA
17.09.2026 11:19:50	P	26	9	17	11	19	50	2	100	0	NA	31	NA	NA	NA	1012,8	NA	NA	6	1173,6	37139,1	49,5	26,5	NA	NA	NA	102,4A	NA
17.09.2026 11:19:56	P	26	9	17	11	19	56	2	100	0	NA	31	NA	NA	NA	1012,8	NA	NA	6	1173,7	37139,2	49,5	26,5	NA	NA	NA	102,4A	NA
17.09.2026 11:20:02	P	26	9	17	11	20	2	2	100	0	NA	31	NA	NA	NA	1012,8	NA	NA	6	1173,9	37139,3	49,7	26,5	NA	NA	NA	102,4A	NA
17.09.2026 11:20:08	P	26	9	17	11	20	8	2	100	0	NA	31	NA	NA	NA	1012,8	NA	NA	6	1173,9	37139,4	49,7	26,5	NA	NA	NA	102,4A	NA
17.09.2026 11:20:14	P	26	9	17	11	20	14	2	100	0	NA	31	NA	NA	NA	1012,8	NA	NA	6	1174,0	37139,5	49,9	26,5	NA	NA	NA	102,4A	NA
17.09.2026 11:20:20	P	26	9	17	11	20	20	2	100	0	NA	31	NA	NA	NA	1013,3	NA	NA	6	1174,1	37139,7	50,0	26,6	NA	NA	NA	102,4A	NA
17.09.2026 11:20:26	P	26	9	17	11	20	26	2	100	0	NA	31	NA	NA	NA	1012,8	NA	NA	6	1174,2	37139,8	50,2	26,6	NA	NA	NA	102,4A	NA
17.09.2026 11:20:32	P	26	9	17	11	20	32	2	100	0	NA	31	NA	NA	NA	1013,0	NA	NA	6	1174,2	37139,9	50,5	26,6	NA	NA	NA	102,4A	NA
17.09.2026 11:20:38	P	26	9	17	11	20	38	2	100	0	NA	31	NA	NA	NA	1012,8	NA	NA	6	1174,3	37140,0	50,9	26,6	NA	NA	NA	102,4A	NA
17.09.2026 11:20:44	P	26	9	17	11	20	44	2	100	0	NA	31	NA	NA	NA	1013,3	NA	NA	6	1174,3	37140,1	51,0	26,7	NA	NA	NA	102,4A	NA
17.09.2026 11:20:50	P	26	9	17	11	20	50	2	100	0	NA	31	NA	NA	NA	1012,8	NA	NA	6	1174,4	37140,3	51,0	26,6	NA	NA	NA	102,4A	NA
17.09.2026 11:20:56	P	26	9	17	11	20	56	2	100	0	NA	31	NA	NA	NA	1013,3	NA	NA	6	1174,5	37140,4	51,0	26,6	NA	NA	NA	102,4A	NA
17.09.2026 11:21:02	P	26	9	17	11	21	2	2	100	0	NA	31	NA	NA	NA	1013,3	NA	NA	6	1174,5	37140,5	51,0	26,7	NA	NA	NA	102,4A	NA
17.09.2026 11:21:08	P	26	9	17	11	21	8	2	100	0	NA	31	NA	NA	NA	1013,3	NA	NA	6	1174,7	37140,6	51,2	26,6	NA	NA	NA	102,4A	NA
17.09.2026 11:21:14	P	26	9	17	11	21	14	2	100	0	NA	31	NA	NA	NA	1012,8	NA	NA	6	1174,8	37140,7	51,4	26,7	NA	NA	NA	102,4A	NA
17.09.2026 11:21:20	P	26	9	17	11	21	20	2	100	0	NA	31	NA	NA	NA	1012,8	NA	NA	6	1175,0	37140,9	51,6	26,7	NA	NA	NA	102,4A	NA
17.09.2026 11:21:26	P	26	9	17	11	21	26	2	100	0	NA	31	NA	NA	NA	1013,3	NA	NA	6	1175,0	37141,0	51,6	26,7	NA	NA	NA	102,4A	NA
17.09.2026 11:21:32	P	26	9	17	11	21	32	2	100	0	NA	31	NA	NA	NA	1013,0	NA	NA	6	1175,1	37141,1	51,9	26,7	NA	NA	NA	102,4A	NA
17.09.2026 11:21:38	P	26	9	17	11	21	38	2	100	0	NA	31	NA	NA	NA	1013,3	NA	NA	6	1175,2	37141,2	52,0	26,7	NA	NA	NA	102,4A	NA
17.09.2026 11:21:44	P	26	9	17	11	21	44	2	100	0	NA	31	NA	NA	NA	1013,3	NA	NA	6	1175,3	37141,4	52,2	26,7	NA	NA	NA	102,4A	NA
17.09.2026 11:21:50	P	26	9	17	11	21	50	2	100	0	NA	31	NA	NA	NA	1013,3	NA	NA	6	1175,4	37141,5	52,5	26,7	NA	NA	NA	102,4A	NA
17.09.2026 11:21:56	P	26	9	17	11	21	56	2	100	0	NA	31	NA	NA	NA	1012,8	NA	NA	6	1175,5	37141,6	52,8	26,8	NA	NA	NA	102,4A	NA
17.09.2026 11:22:02	P	26	9	17	11	22	2	2	100	0	NA	31	NA	NA	NA	1013,3	NA	NA	6	1175,7	37141,7	52,9	26,8	NA	NA	NA	102,4A	NA
17.09.2026 11:22:08	P	26	9	17	11	22	8	2	100	0	NA	31	NA	NA	NA	1013,3	NA	NA	6	1175,7	37141,8	53,2	26,8	NA	NA	NA	102,4A	NA
17.09.2026 11:22:14	P	26	9	17	11	22	14	2	100	0	NA	31	NA	NA	NA	1012,8	NA	NA	6	1175,8	37142,0	53,4	26,8	NA	NA	NA	102,4A	NA
17.09.2026 11:22:20	P	26	9	17	11	22	20	2	100	0	NA	31	NA	NA	NA	1012,8	NA	NA	6	1175,9	37142,1	53,7	26,8	NA	NA	NA	102,4A	NA
17.09.2026 11:22:26	P	26	9	17	11	22	26	2	100	0	NA	31	NA	NA	NA	1013,3	NA	NA	6	1176,0	37142,2	54,0	26,8	NA	NA	NA	102,4A	NA
17.09.2026 11:22:32	P	26	9	17	11	22	32	2	100	0	NA	31	NA	NA	NA	1013,0	NA	NA	6	1176,1	37142,3	54,1	26,8	NA	NA	NA	102,4A	NA
17.09.2026 11:22:38	P	26	9	17	11	22	38	2	100	0	NA	31	NA	NA	NA	1013,3	NA	NA	6	1176,3	37142,4	54,2	26,8	NA	NA	NA	102,4A	NA
17.09.2026 11:22:44	P	26	9	17	11	22	44	2	100	0	NA	31	NA	NA	NA	1013,3	NA	NA	6	1176,3	37142,6	54,5	26,9	NA	NA	NA	102,4A	NA
17.09.2026 11:22:50	P	26	9	17	11	22	50	2	100	0	NA	31	NA	NA	NA	1012,8	NA	NA	6	1176,5	37142,7	54,8	26,9	NA	NA	NA	102,4A	NA
17.09.2026 11:22:56	P	26	9	17	11	22	56	2	100	0	NA	31	NA	NA	NA	1012,8	NA	NA	6	1176,7	37142,8	55,0	26,9	NA	NA	NA	102,4A	NA
17.09.2026 11:23:02	P	26	9	17	11	23	2	2	100	0	NA	32	NA	NA	NA	1012,8	NA	NA	6	1176,7	37142,9	55,2	26,9	NA	NA	NA	102,4A	NA
17.09.2026 11:23:08	P	26	9	17	11	23	8	2	100	0	NA	31	NA	NA	NA	1013,3	NA	NA	6	1176,8	37143,0	55,5	26,9	NA	NA	NA	102,4A	NA
17.09.2026 11:23:14	P	26	9	17	11	23	14	2	100	0	NA	32	NA	NA	NA	1012,8	NA	NA	6	1176,8	37143,2	55,7	26,9	NA	NA	NA	102,4A	NA
17.09.2026 11:23:20	P	26	9	17	11	23	20	2	100	0	NA	32	NA	NA	NA	1013,3	NA	NA	6	1176,9	37143,3	56,1	26,9	NA	NA	NA	102,4A	NA
17.09.2026 11:23:26	P	26	9	17	11	23	26	2	100	0	NA	32	NA	NA	NA	1012,8	NA	NA	6	1177,0	37143,4	56,6	27,0	NA	NA	NA	102,4A	NA
17.09.2026 11:23:32	P	26	9	17	11	23	32	2	100	0	NA	32	NA	NA	NA	1013,0	NA	NA	6	1177,0	37143,5	56,8	26,9	NA	NA	NA	102,4A	NA
17.09.2026 11:23:38	P	26	9	17	11	23	38	2	100	0	NA	32	NA	NA	NA	1012,8	NA	NA	6	1177,2	37143,7	57,1	27,0	NA	NA	NA	102,4A	NA
17.09.2026 11:23:44	P	26	9	17	11	23	44	2	100	0	NA	32	NA	NA	NA	1012,8	NA	NA	6	1177,3	37143,8	57,3	27,0	NA	NA	NA	102,4A	NA
17.09.2026 11:23:50	P	26	9	17	11	23	50	2	100	0	NA	32	NA	NA	NA	1012,8	NA	NA	6	1177,3	37143,9	57,6	27,0	NA	NA	NA	102,4A	NA
17.09.2026 11:23:56	P	26	9	17	11	23	56	2	100	0	NA	32	NA	NA	NA	1013,3	NA	NA	6	1177,4	37144,0	57,7	27,0	NA	NA	NA	102,4A	NA
17.09.2026 11:24:02	P	26	9	17	11	24	2	2	100	0	NA	32	NA	NA	NA	1013,3	NA	NA	6	1177,5	37144,1	58,0	27,0	NA	NA	NA	102,4A	NA
17.09.2026 11:24:08	P	26	9	17	11	24	8	2	100	0	NA	32	NA	NA	NA	1012,8	NA	NA	6	1177,6	37144,3	58,2	27,1	NA	NA	NA	102,4A	NA
17.09.2026 11:24:14	P	26	9	17	11	24	14	2	100	0	NA	32	NA	NA	NA	1012,8	NA	NA	6	1177,7	37144,4	58,6	27,1	NA	NA	NA	102,4A	NA
17.09.2026 11:24:20	P	26	9	17	11	24	20	2	100	0	NA	32	NA	NA	NA	1013,3	NA	NA	6	1177,7	37144,5	58,7	27,1	NA	NA	NA	102,4A	NA
17.09.2026 11:24:26	P	26	9	17	11	24	26	2	100	0	NA	32	NA	NA	NA	1012,8	NA	NA	6	1177,8	37144,6	59,0	27,1	NA	NA	NA	102,4A	NA
17.09.2026 11:24:32	P	26	9	17	11	24	32	2	100	0	NA	32	NA	NA	NA	1013,1	NA	NA	6	1177,9	37144,7	59,4	27,1	NA	NA	NA	102,4A	NA
17.09.2026 11:24:38	P	26	9	17	11	24	38	2	100	0	NA	32	NA	NA	NA	1012,8	NA	NA	6	1177,9	37144,9	59,6	27,1	NA	NA	NA	102,4A	NA
17.09.2026 11:24:44	P	26	9	17	11	24	44	2	100	0	NA	32	NA	NA	NA	1012,8	NA	NA	6	1178,0	37145,0	59,8	27,1	NA	NA	NA	102,4A	NA
17.09.2026 11:24:50	P	26	9	17	11	24	50	2	100	0	NA	32	NA	NA	NA	1012,8	NA	NA	6	1178,1	37145,1	60,1	27,1	NA	NA	NA	102,4A	NA
17.09.2026 11:24:56	P	26	9	17	11	24	56	2	100	0	NA	32	NA	NA	NA	1012,8	NA	NA	6	1178,2	37145,2	60,5	27,1	NA	NA	NA	102,4A	NA
17.09.2026 11:25:02	P	26	9	17	11	25	2	2	100	0	NA	32	NA	NA	NA	1013,3	NA	NA	6	1178,3	37145,3	60,7	27,2	NA	NA	NA	102,4A	NA
17.09.2026 11:25:08	P	26	9	17	11	25	8	2	100	0	NA	32	NA	NA	NA	1012,8	NA	NA	6	1178,4	37145,5	61,0	27,2	NA	NA	NA	102,4A	NA
17.09.2026 11:25:14	P	26	9	17	11	25	14	2	100	0	NA	32	NA	NA	NA	1012,8	NA	NA	6	1178,5	37145,6	61,2	27,2	NA	NA	NA	102,4A	NA
17.09.2026 11:25:20	P	26	9	17	11	25	20	2	100	0	NA	32	NA	NA	NA	1013,3	NA	NA	6	1178,5	37145,7	61,5	27,2	NA	NA	NA	102,4A	NA
17.09.2026 11:25:26	P	26	9	17	11	25	26	2	100	0	NA	32	NA	NA	NA	1013,3	NA	NA	6	1178,6	37145,8	61,7	27,2	NA	NA	NA	102,4A	NA
17.09.2026 11:25:32	P	26	9	17	11	25	32	2	100	0	NA	32	NA	NA	NA	1013,0	NA	NA	6	1178,8	37146,0	61,9	27,2	NA	NA	NA	102,4A	NA
17.09.2026 11:25:38	P	26	9	17	11	25	38	2	100	0	NA	32	NA	NA	NA	1013,3	NA	NA	6	1178,8	37146,1	62,3	27,2	NA	NA	NA	102,4A	NA
17.09.2026 11:25:44	P	26	9	17	11	25	44	2	100	0	NA	32	NA	NA	NA	1012,8	NA	NA	6	1178,9	37146,2	62,6	27,3	NA	NA	NA	102,4A	NA
17.09.2026 11:25:50	P	26	9	17	11	25	50	2	100	0	NA	32	NA	NA	NA	1012,8	NA	NA	6	1178,9	37146,3	62,8	27,2	NA	NA	NA	102,4A	NA
17.09.2026 11:25:56	P	26	9	17	11	25	56	2	100	0	NA	32	NA	NA	NA	1012,8	NA	NA	6	1179,0	37146,4	63,0	27,3	NA	NA	NA	102,4A	NA
17.09.2026 11:26:02	P	26	9	17	11	26	2	2	100	0	NA	32	NA	NA	NA	1012,8	NA	NA	6	1179,1	37146,6	63,1	27,3	NA	NA	NA	102,4A	NA
17.09.2026 11:26:08	P	26	9	17	11	26	8	2	100	0	NA	32	NA	NA	NA	1012,8	NA	NA	6	1179,2	37146,7	63,3	27,3	NA	NA	NA	102,4A	NA
17.09.2026 11:26:14	P	26	9	17	11	26	14	2	100	0	NA	33	NA	NA	NA	1012,8	NA	NA	6	1179,2	37146,8	63,4	27,3	NA	NA	NA	102,4A	NA
17.09.2026 11:26:20	P	26	9	17	11	26	20	2	100	0	NA	32	NA	NA	NA	1012,8	NA	NA	6	1179,3	37146,9	63,5	27,3	NA	NA	NA	102,4A	NA
17.09.2026 11:26:26	P	26	9	17	11	26	26	2	100	0	NA	32	NA	NA	NA	1012,8	NA	NA	6	1179,4	37147,0	63,9	27,3	NA	NA	NA	102,4A	NA
17.09.2026 11:26:32	P	26	9	17	11	26	32	2	100	0	NA	32	NA	NA	NA	1013,0	NA	NA	6	1179,4	37147,2	64,1	27,3	NA	NA	NA	102,4A	NA
17.09.2026 11:26:38	P	26	9	17	11	26	38	2	100	0	NA	32	NA	NA	NA	1012,8	NA	NA	6	1179,5	37147,3	64,3	27,3	NA	NA	NA	102,4A	NA
17.09.2026 11:26:44	P	26	9	17	11	26	44	2	100	0	NA	33	NA	NA	NA	1012,8	NA	NA	6	1179,6	37147,4	64,5	27,4	NA	NA	NA	102,4A	NA
17.09.2026 11:26:50	P	26	9	17	11	26	50	2	100	0	NA	33	NA	NA	NA	1013,3	NA	NA	6	1179,7	37147,5	64,7	27,3	NA	NA	NA	102,4A	NA
17.09.2026 11:26:56	P	26	9	17	11	26	56	2	100	0	NA	32	NA	NA	NA	1013,3	NA	NA	6	1180,0	37147,6	64,9	27,4	NA	NA	NA	102,4A	NA
17.09.2026 11:27:02	P	26	9	17	11	27	2	2	100	0	NA	32	NA	NA	NA	1013,3	NA	NA	6	1180,0	37147,8	65,1	27,4	NA	NA	NA	102,4A	NA
17.09.2026 11:27:08	P	26	9	17	11	27	8	2	100	0	NA	32	NA	NA	NA	1012,8	NA	NA	6	1180,1	37147,9	65,3	27,4	NA	NA	NA	102,4A	NA
17.09.2026 11:27:14	P	26	9	17	11	27	14	2	100	0	NA	32	NA	NA	NA	1013,3	NA	NA	6	1180,1	37148,0	65,7	27,4	NA	NA	NA	102,4A	NA
17.09.2026 11:27:20	P	26	9	17	11	27	20	2	100	0	NA	32	NA	NA	NA	1012,8	NA	NA	6	1180,2	37148,1	66,0	27,4	NA	NA	NA	102,4A	NA
17.09.2026 11:27:26	P	26	9	17	11	27	26	2	100	0	NA	32	NA	NA	NA	1013,7	NA	NA	6	1180,3	37148,3	66,3	27,4	NA	NA	NA	102,4A	NA
17.09.2026 11:27:32	P	26	9	17	11	27	32	2	100	0	NA	32	NA	NA	NA	1013,8	NA	NA	6	1180,4	37148,4	66,3	27,5	NA	NA	NA	102,4A	NA
17.09.2026 11:27:38	P	26	9	17	11	27	38	2	100	0	NA	32	NA	NA	NA	1013,7	NA	NA	6	1180,6	37148,5	65,0	27,4	NA	NA	NA	102,4A	NA
17.09.2026 11:27:44	P	26	9	17	11	27	44	2	100	0	NA	32	NA	NA	NA	1013,7	NA	NA	6	1180,6	37148,6	63,9	27,5	NA	NA	NA	102,4A	NA
17.09.2026 11:27:50	P	26	9	17	11	27	50	2	100	0	NA	32	NA	NA	NA	1013,7	NA	NA	6	1180,7	37148,7	63,8	27,5	NA	NA	NA	102,4A	NA
17.09.2026 11:27:56	P	26	9	17	11	27	56	2	100	0	NA	31	NA	NA	NA	1013,7	NA	NA	6	1180,8	37148,9	63,7	27,5	NA	NA	NA	102,4A	NA
17.09.2026 11:28:02	P	26	9	17	11	28	2	2	100	0	NA	32	NA	NA	NA	1013,7	NA	NA	6	1180,8	37149,0	62,5	27,5	NA	NA	NA	102,4A	NA
17.09.2026 11:28:08	P	26	9	17	11	28	8	2	100	0	NA	32	NA	NA	NA	1013,7	NA	NA	6	1180,9	37149,1	61,6	27,6	NA	NA	NA	102,4A	NA
17.09.2026 11:28:14	P	26	9	17	11	28	14	2	100	0	NA	31	NA	NA	NA	1014,1	NA	NA	6	1180,9	37149,2	61,2	27,5	NA	NA	NA	102,4A	NA
17.09.2026 11:28:20	P	26	9	17	11	28	20	2	100	0	NA	31	NA	NA	NA	1013,7	NA	NA	6	1181,0	37149,3	60,5	27,5	NA	NA	NA	102,4A	NA
17.09.2026 11:28:26	P	26	9	17	11	28	26	2	100	0	NA	31	NA	NA	NA	1013,7	NA	NA	6	1181,0	37149,5	58,3	27,5	NA	NA	NA	102,4A	NA
17.09.2026 11:28:32	P	26	9	17	11	28	32	2	100	0	NA	31	NA	NA	NA	1013,8	NA	NA	6	1181,0	37149,6	57,0	27,6	NA	NA	NA	102,4A	NA
17.09.2026 11:28:38	P	26	9	17	11	28	38	2	100	0	NA	31	NA	NA	NA	1013,7	NA	NA	6	1181,0	37149,7	55,9	27,6	NA	NA	NA	102,4A	NA
17.09.2026 11:28:44	P	26	9	17	11	28	44	2	100	0	NA	31	NA	NA	NA	1013,7	NA	NA	6	1181,0	37149,8	55,1	27,5	NA	NA	NA	102,4A	NA
17.09.2026 11:28:50	P	26	9	17	11	28	50	2	100	0	NA	31	NA	NA	NA	1013,7	NA	NA	6	1181,0	37149,9	54,4	27,6	NA	NA	NA	102,4A	NA
17.09.2026 11:28:56	P	26	9	17	11	28	56	2	100	0	NA	31	NA	NA	NA	1013,7	NA	NA	6	1181,1	37150,1	53,7	27,6	NA	NA	NA	102,4A	NA
17.09.2026 11:29:02	P	26	9	17	11	29	2	2	100	0	NA	32	NA	NA	NA	1013,7	NA	NA	6	1181,1	37150,2	53,4	27,6	NA	NA	NA	102,4A	NA
17.09.2026 11:29:08	P	26	9	17	11	29	8	2	100	0	NA	32	NA	NA	NA	1013,7	NA	NA	6	1181,1	37150,3	53,1	27,6	NA	NA	NA	102,4A	NA
17.09.2026 11:29:14	P	26	9	17	11	29	14	2	100	0	NA	31	NA	NA	NA	1013,7	NA	NA	6	1181,1	37150,4	52,7	27,6	NA	NA	NA	102,4A	NA
17.09.2026 11:29:20	P	26	9	17	11	29	20	2	100	0	NA	31	NA	NA	NA	1013,7	NA	NA	6	1181,1	37150,6	51,9	27,6	NA	NA	NA	102,4A	NA
17.09.2026 11:29:26	P	26	9	17	11	29	26	2	100	0	NA	32	NA	NA	NA	1013,7	NA	NA	6	1181,2	37150,7	51,1	27,6	NA	NA	NA	102,4A	NA
17.09.2026 11:29:32	P	26	9	17	11	29	32	2	100	0	NA	32	NA	NA	NA	1013,8	NA	NA	6	1181,2	37150,8	50,3	27,7	NA	NA	NA	102,4A	NA
17.09.2026 11:29:38	P	26	9	17	11	29	38	2	100	0	NA	32	NA	NA	NA	1013,7	NA	NA	6	1181,2	37150,9	49,9	27,6	NA	NA	NA	102,4A	NA
17.09.2026 11:29:44	P	26	9	17	11	29	44	2	100	0	NA	32	NA	NA	NA	1013,7	NA	NA	6	1181,2	37151,0	49,5	27,6	NA	NA	NA	102,4A	NA
17.09.2026 11:29:50	P	26	9	17	11	29	50	2	100	0	NA	32	NA	NA	NA	1013,7	NA	NA	6	1181,2	37151,2	49,0	27,7	NA	NA	NA	102,4A	NA
17.09.2026 11:29:56	P	26	9	17	11	29	56	2	100	0	NA	32	NA	NA	NA	1013,7	NA	NA	6	1181,2	37151,3	48,7	27,6	NA	NA	NA	102,4A	NA
17.09.2026 11:30:02	P	26	9	17	11	30	2	2	100	0	NA	32	NA	NA	NA	1013,7	NA	NA	6	1181,2	37151,4	48,0	27,7	NA	NA	NA	102,4A	NA
17.09.2026 11:30:08	P	26	9	17	11	30	8	2	100	0	NA	32	NA	NA	NA	1013,7	NA	NA	6	1181,2	37151,5	47,4	27,6	NA	NA	NA	102,4A	NA
17.09.2026 11:30:14	P	26	9	17	11	30	14	2	100	0	NA	32	NA	NA	NA	1013,7	NA	NA	6	1181,2	37151,6	47,0	27,6	NA	NA	NA	102,4A	NA
17.09.2026 11:30:20	P	26	9	17	11	30	20	2	100	0	NA	32	NA	NA	NA	1013,7	NA	NA	6	1181,3	37151,8	46,7	27,7	NA	NA	NA	102,4A	NA
17.09.2026 11:30:26	P	26	9	17	11	30	26	2	100	0	NA	32	NA	NA	NA	1013,7	NA	NA	6	1181,3	37151,9	46,4	27,6	NA	NA	NA	102,4A	NA
17.09.2026 11:30:32	P	26	9	17	11	30	32	2	100	0	NA	32	NA	NA	NA	1013,8	NA	NA	6	1181,3	37152,0	46,2	27,7	NA	NA	NA	102,4A	NA
17.09.2026 11:30:38	P	26	9	17	11	30	38	2	100	0	NA	32	NA	NA	NA	1013,7	NA	NA	6	1181,3	37152,1	46,0	27,7	NA	NA	NA	102,4A	NA
17.09.2026 11:30:44	P	26	9	17	11	30	44	2	100	0	NA	31	NA	NA	NA	1013,7	NA	NA	6	1181,3	37152,3	45,8	27,7	NA	NA	NA	102,4A	NA
17.09.2026 11:30:50	P	26	9	17	11	30	50	2	100	0	NA	32	NA	NA	NA	1013,7	NA	NA	6	1181,3	37152,4	45,5	27,7	NA	NA	NA	102,4A	NA
