<Header>
User name: 
Location: airlock
# of Location: 3
Model: 1.109
Serial No.: 9G070015
Firmware revision: 12.30E
Software revision: 1178 V8-26 (18--12-2023)
Unit: dM [ug/m3]
C-factor: 1,00
Comment: participant test
online data
<Data>
[d&t31.12.2035 11:50:55]	0,25 um	0,28 um	0,30 um	0,35 um	0,40 um	0,45 um	0,50 um	0,58 um	0,65 um	0,70 um	0,80 um	1,00 um	1,30 um	1,60 um	2,00 um	2,50 um	3,00 um	3,50 um	4,00 um	5,00 um	6,50 um	7,50 um	8,50 um	10,00 um	12,50 um	15,00 um	17,50 um	20,00 um	25,00 um	30,00 um	32,00 um
17.09.2026 10:58:04	0,26	0,18	0,14	0,10	0,06	0,04	0,05	0,11	0,05	0,11	0,26	0,33	0,27	0,51	0,00	0,55	4,53	1,86	24,05	16,72	15,09	18,02	20,89	12,52	0,00	0,00	0,00	0,00	0,00	0,00	0,00
17.09.2026 10:58:10	0,24	0,16	0,12	0,13	0,08	0,03	0,07	0,09	0,07	0,09	0,03	0,47	0,27	0,77	2,20	0,91	3,02	6,03	13,63	10,03	12,07	9,01	20,89	25,05	0,00	0,00	57,98	0,00	0,00	0,00	0,00
17.09.2026 10:58:16	0,24	0,15	0,15	0,07	0,08	0,05	0,11	0,12	0,04	0,07	0,13	0,20	0,00	0,51	0,00	0,00	0,60	5,10	12,83	20,07	12,07	9,01	13,92	12,52	0,00	0,00	0,00	0,00	0,00	0,00	0,00
17.09.2026 10:58:22	0,23	0,18	0,14	0,11	0,05	0,05	0,13	0,10	0,05	0,11	0,06	0,20	0,27	1,03	0,50	2,93	4,23	5,57	8,82	21,74	9,05	4,50	6,96	37,57	22,87	0,00	0,00	0,00	0,00	0,00	0,00
17.09.2026 10:58:28	0,23	0,18	0,16	0,10	0,10	0,05	0,10	0,05	0,08	0,28	0,19	0,27	0,13	0,51	2,61	3,11	5,13	3,71	16,03	20,07	21,12	4,50	20,89	50,10	0,00	0,00	0,00	0,00	0,00	0,00	0,00
17.09.2026 10:58:34	0,25	0,17	0,13	0,10	0,08	0,08	0,04	0,14	0,08	0,13	0,06	0,27	0,40	0,26	1,40	0,37	4,53	1,86	12,02	16,72	9,05	9,01	27,85	12,52	0,00	0,00	0,00	0,00	0,00	0,00	0,00
17.09.2026 10:58:40	0,26	0,17	0,15	0,13	0,10	0,03	0,06	0,08	0,03	0,22	0,22	0,20	0,67	0,26	3,01	4,02	4,53	5,10	18,44	11,71	6,03	0,00	0,00	62,62	0,00	0,00	0,00	0,00	0,00	0,00	0,00
17.09.2026 10:58:46	0,23	0,15	0,14	0,10	0,06	0,05	0,09	0,06	0,09	0,19	0,03	0,33	0,13	1,03	0,00	0,00	3,93	5,57	7,21	18,40	9,05	18,02	27,85	12,52	45,73	0,00	57,98	0,00	0,00	0,00	0,00
17.09.2026 10:58:52	0,22	0,18	0,14	0,13	0,06	0,07	0,10	0,12	0,03	0,24	0,29	0,27	0,27	0,51	0,20	2,20	3,62	4,64	12,83	15,05	27,15	9,01	20,89	37,57	45,73	0,00	0,00	0,00	0,00	0,00	0,00
17.09.2026 10:58:58	0,23	0,18	0,14	0,10	0,06	0,04	0,07	0,11	0,07	0,11	0,00	0,20	0,00	1,28	0,60	2,20	4,23	6,49	9,62	23,41	18,10	9,01	13,92	12,52	45,73	0,00	0,00	0,00	0,00	0,00	0,00
17.09.2026 10:59:04	0,26	0,15	0,13	0,14	0,08	0,05	0,12	0,11	0,05	0,13	0,19	0,13	0,40	0,00	3,11	6,59	2,11	3,71	14,43	11,71	15,09	4,50	13,92	0,00	0,00	0,00	0,00	0,00	0,00	0,00	0,00
17.09.2026 10:59:10	0,26	0,16	0,14	0,11	0,08	0,02	0,06	0,08	0,09	0,17	0,13	0,47	0,27	0,51	1,40	1,10	4,53	4,64	12,83	15,05	9,05	13,51	27,85	0,00	0,00	0,00	0,00	0,00	0,00	0,00	0,00
17.09.2026 10:59:16	0,24	0,16	0,13	0,10	0,07	0,04	0,10	0,03	0,03	0,11	0,19	0,13	0,13	0,51	2,61	4,21	3,93	4,17	16,03	11,71	18,10	13,51	6,96	25,05	0,00	0,00	0,00	0,00	0,00	0,00	0,00
17.09.2026 10:59:22	0,24	0,16	0,11	0,11	0,04	0,06	0,10	0,10	0,07	0,07	0,10	0,00	0,00	0,77	0,00	0,00	1,21	5,57	12,02	8,36	15,09	4,50	27,85	62,62	91,47	0,00	0,00	0,00	0,00	0,00	0,00
17.09.2026 10:59:28	0,25	0,16	0,14	0,09	0,07	0,07	0,10	0,12	0,11	0,19	0,13	0,33	0,67	1,03	1,70	1,65	3,93	5,10	10,42	15,05	12,07	4,50	20,89	0,00	0,00	0,00	0,00	0,00	0,00	0,00	0,00
17.09.2026 10:59:34	0,24	0,19	0,14	0,16	0,10	0,04	0,10	0,15	0,04	0,11	0,26	0,40	0,67	0,26	2,40	4,39	3,62	4,64	12,83	21,74	9,05	0,00	13,92	62,62	22,87	0,00	0,00	0,00	0,00	0,00	0,00
17.09.2026 10:59:40	0,23	0,14	0,11	0,13	0,07	0,07	0,11	0,09	0,05	0,17	0,10	0,20	0,54	1,28	0,70	1,65	1,51	1,86	12,83	16,72	9,05	9,01	13,92	25,05	0,00	0,00	0,00	0,00	0,00	0,00	0,00
17.09.2026 10:59:46	0,22	0,19	0,16	0,13	0,06	0,04	0,10	0,05	0,14	0,19	0,16	0,33	0,67	1,80	1,60	2,74	3,62	10,67	13,63	5,02	9,05	0,00	0,00	0,00	22,87	0,00	0,00	0,00	0,00	0,00	0,00
17.09.2026 10:59:52	0,23	0,19	0,16	0,11	0,08	0,02	0,08	0,11	0,05	0,20	0,16	0,27	0,27	0,77	1,50	3,84	4,53	4,17	13,63	8,36	18,10	9,01	20,89	25,05	0,00	0,00	0,00	0,00	0,00	0,00	0,00
17.09.2026 10:59:58	0,25	0,14	0,16	0,11	0,06	0,02	0,05	0,05	0,05	0,15	0,06	0,54	0,27	1,03	0,80	2,93	4,23	1,86	11,22	13,38	9,05	4,50	13,92	0,00	0,00	0,00	0,00	0,00	0,00	0,00	0,00
17.09.2026 11:00:04	0,23	0,17	0,13	0,10	0,06	0,08	0,04	0,04	0,05	0,15	0,06	0,13	0,13	1,03	1,80	3,11	1,81	4,64	11,22	13,38	12,07	4,50	6,96	12,52	0,00	0,00	0,00	0,00	0,00	0,00	0,00
17.09.2026 11:00:10	0,27	0,18	0,15	0,16	0,06	0,05	0,08	0,08	0,09	0,24	0,16	0,33	0,27	0,51	4,81	6,04	3,62	4,17	12,02	8,36	15,09	0,00	6,96	25,05	0,00	0,00	0,00	0,00	0,00	0,00	0,00
17.09.2026 11:00:16	0,23	0,18	0,16	0,10	0,05	0,03	0,10	0,12	0,07	0,07	0,13	0,47	0,00	0,77	0,50	0,73	3,93	2,32	12,83	16,72	9,05	0,00	13,92	25,05	0,00	0,00	0,00	0,00	0,00	0,00	0,00
17.09.2026 11:00:22	0,25	0,19	0,16	0,10	0,06	0,08	0,04	0,10	0,14	0,17	0,19	0,20	0,13	0,00	2,20	4,02	3,62	6,03	13,63	11,71	6,03	4,50	20,89	12,52	0,00	0,00	0,00	0,00	0,00	0,00	0,00
17.09.2026 11:00:28	0,22	0,16	0,13	0,14	0,05	0,04	0,12	0,08	0,07	0,07	0,16	0,13	0,54	0,26	0,40	0,00	3,32	2,78	20,84	16,72	9,05	4,50	20,89	12,52	0,00	0,00	0,00	0,00	0,00	0,00	0,00
17.09.2026 11:00:34	0,23	0,18	0,13	0,10	0,08	0,03	0,09	0,09	0,05	0,17	0,00	0,00	0,40	0,77	1,50	2,93	3,32	4,64	10,42	6,69	3,02	0,00	0,00	0,00	0,00	0,00	0,00	0,00	0,00	0,00	0,00
17.09.2026 11:00:40	0,22	0,18	0,14	0,10	0,07	0,06	0,08	0,06	0,03	0,30	0,06	0,33	0,00	1,03	3,31	4,94	4,23	3,25	9,62	13,38	27,15	4,50	13,92	12,52	22,87	0,00	0,00	0,00	0,00	0,00	0,00
17.09.2026 11:00:46	0,15	0,13	0,12	0,10	0,04	0,02	0,09	0,03	0,00	0,15	0,10	0,07	0,00	1,54	0,60	1,46	3,62	1,86	10,42	8,36	6,03	9,01	13,92	12,52	0,00	0,00	0,00	0,00	0,00	0,00	0,00
17.09.2026 11:00:52	0,15	0,11	0,07	0,07	0,04	0,06	0,09	0,03	0,01	0,07	0,19	0,07	0,54	0,51	0,00	0,00	0,00	0,00	0,80	5,02	15,09	0,00	0,00	0,00	22,87	0,00	0,00	0,00	0,00	0,00	0,00
17.09.2026 11:00:58	0,13	0,12	0,07	0,06	0,04	0,03	0,07	0,08	0,05	0,09	0,00	0,27	0,27	0,77	2,61	2,93	1,81	2,78	3,21	6,69	3,02	9,01	0,00	0,00	0,00	0,00	0,00	0,00	0,00	0,00	0,00
17.09.2026 11:01:04	0,15	0,09	0,07	0,06	0,02	0,01	0,02	0,02	0,04	0,02	0,06	0,13	0,27	0,26	0,90	2,01	2,11	1,39	6,41	6,69	6,03	4,50	0,00	0,00	0,00	0,00	0,00	0,00	0,00	0,00	0,00
17.09.2026 11:01:10	0,15	0,09	0,08	0,05	0,04	0,01	0,02	0,02	0,04	0,15	0,03	0,13	0,13	0,51	0,30	1,83	1,21	0,46	7,21	3,34	9,05	4,50	13,92	0,00	0,00	0,00	0,00	0,00	0,00	0,00	0,00
17.09.2026 11:01:16	0,11	0,06	0,06	0,05	0,02	0,01	0,03	0,02	0,01	0,04	0,03	0,07	0,00	0,26	0,00	0,00	0,00	2,32	4,01	11,71	12,07	4,50	13,92	12,52	0,00	0,00	0,00	0,00	0,00	0,00	0,00
17.09.2026 11:01:22	0,10	0,08	0,04	0,04	0,02	0,03	0,05	0,04	0,01	0,13	0,03	0,13	0,00	0,26	0,00	0,00	0,00	2,78	4,81	0,00	0,00	0,00	6,96	12,52	22,87	0,00	0,00	0,00	0,00	0,00	0,00
17.09.2026 11:01:28	0,10	0,06	0,06	0,06	0,04	0,03	0,01	0,02	0,01	0,04	0,00	0,13	0,00	0,00	1,10	2,56	2,11	0,93	4,81	3,34	0,00	4,50	6,96	12,52	0,00	0,00	0,00	0,00	0,00	0,00	0,00
17.09.2026 11:01:34	0,06	0,05	0,03	0,04	0,01	0,01	0,01	0,03	0,00	0,00	0,00	0,07	0,00	0,26	0,70	0,91	0,60	2,32	0,80	1,67	9,05	0,00	0,00	12,52	0,00	0,00	0,00	0,00	0,00	0,00	0,00
17.09.2026 11:01:40	0,07	0,03	0,05	0,02	0,02	0,01	0,02	0,03	0,00	0,00	0,00	0,07	0,40	0,26	0,10	0,00	0,91	1,39	0,80	6,69	3,02	4,50	0,00	12,52	0,00	0,00	0,00	0,00	0,00	0,00	0,00
17.09.2026 11:01:46	0,06	0,05	0,03	0,03	0,04	0,00	0,05	0,03	0,03	0,00	0,03	0,00	0,13	1,54	1,20	2,93	0,00	0,00	0,80	1,67	0,00	0,00	0,00	0,00	0,00	0,00	0,00	0,00	0,00	0,00	0,00
17.09.2026 11:01:52	0,05	0,04	0,03	0,03	0,03	0,01	0,00	0,01	0,00	0,06	0,06	0,07	0,00	0,00	0,00	0,00	0,00	0,00	4,01	3,34	3,02	0,00	0,00	12,52	0,00	0,00	0,00	100,20	0,00	0,00	0,00
17.09.2026 11:01:58	0,05	0,04	0,02	0,02	0,02	0,00	0,01	0,01	0,00	0,04	0,03	0,07	0,00	0,00	0,50	0,18	1,21	0,46	2,40	1,67	0,00	0,00	0,00	0,00	0,00	0,00	0,00	0,00	0,00	0,00	0,00
17.09.2026 11:02:04	0,05	0,03	0,02	0,01	0,02	0,00	0,01	0,01	0,00	0,00	0,03	0,07	0,00	0,00	0,30	0,00	0,60	1,39	3,21	3,34	0,00	0,00	6,96	0,00	0,00	0,00	0,00	0,00	0,00	0,00	0,00
17.09.2026 11:02:10	0,04	0,02	0,02	0,02	0,01	0,00	0,01	0,01	0,03	0,02	0,03	0,00	0,00	0,26	0,00	0,00	0,00	0,00	2,40	3,34	0,00	0,00	0,00	0,00	0,00	0,00	0,00	0,00	0,00	0,00	0,00
17.09.2026 11:02:16	0,04	0,02	0,02	0,01	0,00	0,00	0,01	0,00	0,01	0,02	0,00	0,00	0,13	0,00	0,40	0,73	0,30	0,46	0,80	3,34	0,00	4,50	0,00	12,52	0,00	0,00	0,00	0,00	0,00	0,00	0,00
17.09.2026 11:02:22	0,04	0,02	0,03	0,02	0,01	0,01	0,02	0,03	0,00	0,06	0,00	0,07	0,13	0,26	0,40	0,37	0,60	0,93	2,40	3,34	0,00	0,00	0,00	0,00	0,00	0,00	0,00	0,00	0,00	0,00	0,00
17.09.2026 11:02:28	0,03	0,01	0,01	0,03	0,00	0,02	0,00	0,02	0,01	0,00	0,03	0,00	0,27	0,00	0,00	0,00	0,00	0,00	0,00	0,00	0,00	0,00	0,00	0,00	0,00	0,00	0,00	0,00	0,00	0,00	0,00
17.09.2026 11:02:34	0,02	0,02	0,02	0,01	0,00	0,01	0,00	0,02	0,01	0,00	0,00	0,00	0,00	0,00	0,00	0,00	0,00	0,00	0,00	1,67	9,05	0,00	6,96	0,00	0,00	0,00	0,00	0,00	0,00	0,00	0,00
17.09.2026 11:02:40	0,03	0,02	0,02	0,02	0,00	0,01	0,00	0,02	0,00	0,00	0,00	0,00	0,00	0,26	0,00	0,00	0,00	0,00	0,00	0,00	0,00	0,00	0,00	0,00	0,00	0,00	0,00	0,00	0,00	0,00	0,00
17.09.2026 11:02:46	0,02	0,01	0,02	0,01	0,00	0,00	0,00	0,00	0,00	0,00	0,06	0,13	0,00	0,51	0,10	0,00	0,30	0,46	0,80	0,00	0,00	4,50	0,00	0,00	0,00	0,00	0,00	0,00	0,00	0,00	0,00
17.09.2026 11:02:52	0,02	0,01	0,01	0,01	0,00	0,01	0,01	0,01	0,00	0,00	0,00	0,00	0,00	0,00	0,60	0,37	0,00	0,46	0,00	0,00	3,02	0,00	0,00	0,00	0,00	0,00	0,00	0,00	0,00	0,00	0,00
17.09.2026 11:02:58	0,01	0,02	0,00	0,01	0,01	0,00	0,00	0,00	0,00	0,02	0,00	0,00	0,00	0,00	0,20	0,00	0,00	0,46	0,80	1,67	0,00	0,00	0,00	0,00	0,00	0,00	0,00	0,00	0,00	0,00	0,00
17.09.2026 11:03:04	0,01	0,01	0,01	0,01	0,00	0,00	0,00	0,01	0,00	0,00	0,00	0,07	0,00	0,00	0,00	0,00	0,00	0,00	0,00	0,00	0,00	0,00	0,00	0,00	0,00	0,00	0,00	0,00	0,00	0,00	0,00
17.09.2026 11:03:10	0,01	0,01	0,00	0,00	0,00	0,01	0,01	0,00	0,00	0,00	0,00	0,00	0,00	0,26	0,00	0,00	0,00	0,00	0,00	0,00	0,00	0,00	0,00	0,00	0,00	0,00	0,00	0,00	0,00	0,00	0,00
17.09.2026 11:03:16	0,01	0,01	0,01	0,00	0,00	0,00	0,01	0,03	0,00	0,04	0,00	0,00	0,00	0,00	0,00	0,18	0,30	0,00	1,60	1,67	0,00	0,00	0,00	0,00	0,00	0,00	0,00	0,00	0,00	0,00	0,00
17.09.2026 11:03:22	0,01	0,01	0,01	0,00	0,00	0,01	0,01	0,00	0,00	0,00	0,00	0,00	0,00	0,00	0,00	0,00	0,00	0,00	0,00	0,00	0,00	0,00	0,00	0,00	0,00	0,00	0,00	0,00	0,00	0,00	0,00
17.09.2026 11:03:28	0,01	0,00	0,01	0,00	0,01	0,00	0,00	0,00	0,03	0,00	0,00	0,00	0,00	0,00	0,50	0,00	0,00	0,00	0,00	0,00	0,00	0,00	0,00	0,00	0,00	0,00	0,00	0,00	0,00	0,00	0,00
17.09.2026 11:03:34	0,01	0,00	0,01	0,01	0,00	0,00	0,01	0,00	0,01	0,00	0,00	0,00	0,00	0,00	0,30	0,37	0,00	0,00	0,00	0,00	0,00	0,00	0,00	0,00	0,00	0,00	0,00	0,00	0,00	0,00	0,00
17.09.2026 11:03:40	0,01	0,01	0,01	0,00	0,00	0,00	0,00	0,00	0,00	0,00	0,00	0,00	0,00	0,00	0,00	0,37	0,30	0,00	0,80	1,67	0,00	0,00	0,00	0,00	0,00	0,00	0,00	0,00	0,00	0,00	0,00
17.09.2026 11:03:46	0,01	0,01	0,00	0,01	0,00	0,00	0,00	0,00	0,00	0,00	0,03	0,00	0,00	0,00	0,00	0,00	0,00	0,00	0,00	0,00	0,00	0,00	0,00	0,00	0,00	0,00	0,00	0,00	0,00	0,00	0,00
17.09.2026 11:03:52	0,01	0,00	0,01	0,00	0,00	0,00	0,00	0,00	0,01	0,02	0,00	0,00	0,13	0,00	0,00	0,00	0,00	0,00	0,00	0,00	0,00	0,00	0,00	0,00	0,00	0,00	0,00	0,00	0,00	0,00	0,00
17.09.2026 11:03:58	0,01	0,01	0,00	0,00	0,00	0,00	0,01	0,00	0,00	0,00	0,00	0,00	0,00	0,00	0,00	0,00	0,00	0,00	0,00	0,00	0,00	0,00	0,00	0,00	0,00	0,00	0,00	0,00	0,00	0,00	0,00
17.09.2026 11:04:04	0,00	0,00	0,01	0,00	0,00	0,00	0,00	0,00	0,00	0,06	0,00	0,00	0,00	0,00	0,10	0,55	0,30	0,00	0,00	0,00	0,00	0,00	0,00	0,00	0,00	0,00	0,00	0,00	0,00	0,00	0,00
17.09.2026 11:04:10	0,01	0,00	0,01	0,01	0,00	0,00	0,01	0,00	0,00	0,00	0,00	0,07	0,00	0,00	0,00	0,00	0,00	0,00	0,00	0,00	0,00	0,00	0,00	0,00	0,00	0,00	0,00	0,00	0,00	0,00	0,00
17.09.2026 11:04:16	0,00	0,00	0,00	0,00	0,00	0,00	0,00	0,00	0,00	0,00	0,00	0,00	0,00	0,00	0,00	0,00	0,00	0,00	0,00	0,00	0,00	0,00	0,00	0,00	0,00	0,00	0,00	0,00	0,00	0,00	0,00
17.09.2026 11:04:22	0,01	0,00	0,00	0,00	0,00	0,00	0,00	0,00	0,01	0,00	0,00	0,00	0,00	0,00	0,00	0,00	0,00	0,00	0,00	0,00	0,00	0,00	0,00	0,00	0,00	0,00	0,00	0,00	0,00	0,00	0,00
17.09.2026 11:04:28	0,00	0,00	0,00	0,00	0,00	0,00	0,00	0,00	0,00	0,00	0,00	0,00	0,13	0,00	0,10	0,18	0,60	0,46	0,00	0,00	0,00	0,00	0,00	0,00	0,00	0,00	0,00	0,00	0,00	0,00	0,00
17.09.2026 11:04:34	0,00	0,00	0,00	0,00	0,00	0,00	0,01	0,00	0,00	0,00	0,00	0,00	0,00	0,00	0,00	0,00	0,00	0,00	0,00	0,00	0,00	0,00	0,00	0,00	0,00	0,00	0,00	0,00	0,00	0,00	0,00
17.09.2026 11:04:40	0,00	0,00	0,00	0,00	0,00	0,00	0,01	0,00	0,00	0,00	0,00	0,00	0,00	0,00	0,00	0,00	0,00	0,00	0,00	0,00	0,00	0,00	0,00	0,00	0,00	0,00	0,00	0,00	0,00	0,00	0,00
17.09.2026 11:04:46	0,00	0,01	0,00	0,00	0,00	0,00	0,01	0,00	0,00	0,00	0,00	0,00	0,00	0,00	0,00	0,00	0,00	0,00	0,00	0,00	0,00	0,00	0,00	0,00	0,00	0,00	0,00	0,00	0,00	0,00	0,00
17.09.2026 11:04:52	0,00	0,00	0,00	0,00	0,00	0,00	0,00	0,00	0,01	0,00	0,00	0,00	0,00	0,00	0,00	0,00	0,00	0,00	0,00	0,00	0,00	0,00	0,00	0,00	0,00	0,00	0,00	0,00	0,00	0,00	0,00
17.09.2026 11:04:58	0,00	0,00	0,00	0,00	0,00	0,00	0,00	0,00	0,00	0,00	0,00	0,00	0,00	0,00	0,00	0,00	0,00	0,00	0,00	0,00	0,00	0,00	0,00	0,00	0,00	0,00	0,00	0,00	0,00	0,00	0,00
17.09.2026 11:05:04	0,00	0,00	0,00	0,00	0,00	0,00	0,00	0,00	0,00	0,00	0,00	0,00	0,00	0,00	0,00	0,00	0,00	0,00	0,00	0,00	0,00	0,00	0,00	0,00	0,00	0,00	0,00	0,00	0,00	0,00	0,00
17.09.2026 11:05:10	0,00	0,00	0,00	0,00	0,00	0,00	0,00	0,00	0,00	0,00	0,00	0,00	0,00	0,00	0,00	0,00	0,00	0,00	0,00	0,00	0,00	0,00	0,00	0,00	0,00	0,00	0,00	0,00	0,00	0,00	0,00
17.09.2026 11:05:16	0,00	0,00	0,00	0,00	0,00	0,00	0,00	0,00	0,00	0,00	0,00	0,00	0,00	0,00	0,00	0,00	0,00	0,00	0,00	0,00	0,00	0,00	0,00	0,00	0,00	0,00	0,00	0,00	0,00	0,00	0,00
17.09.2026 11:05:22	0,00	0,00	0,00	0,00	0,00	0,00	0,00	0,00	0,00	0,00	0,00	0,00	0,00	0,00	0,00	0,00	0,00	0,00	0,00	0,00	0,00	0,00	0,00	0,00	0,00	0,00	0,00	0,00	0,00	0,00	0,00
17.09.2026 11:05:28	0,00	0,00	0,00	0,00	0,00	0,00	0,00	0,01	0,00	0,00	0,00	0,00	0,00	0,00	0,00	0,00	0,00	0,00	0,00	0,00	0,00	0,00	0,00	0,00	0,00	0,00	0,00	0,00	0,00	0,00	0,00
17.09.2026 11:05:34	0,00	0,00	0,00	0,00	0,00	0,00	0,00	0,00	0,00	0,00	0,00	0,00	0,00	0,00	0,00	0,00	0,00	0,00	0,00	0,00	0,00	0,00	0,00	0,00	0,00	0,00	0,00	0,00	0,00	0,00	0,00
17.09.2026 11:05:40	0,00	0,00	0,00	0,00	0,00	0,00	0,00	0,00	0,00	0,00	0,00	0,00	0,00	0,00	0,00	0,00	0,00	0,00	0,00	0,00	0,00	0,00	0,00	0,00	0,00	0,00	0,00	0,00	0,00	0,00	0,00
17.09.2026 11:05:46	0,00	0,00	0,00	0,00	0,00	0,00	0,00	0,00	0,00	0,00	0,00	0,00	0,00	0,00	0,00	0,00	0,00	0,00	0,00	0,00	0,00	0,00	0,00	0,00	0,00	0,00	0,00	0,00	0,00	0,00	0,00
17.09.2026 11:05:52	0,00	0,00	0,00	0,00	0,00	0,00	0,00	0,00	0,00	0,00	0,00	0,07	0,00	0,00	0,00	0,00	0,00	0,00	0,00	0,00	0,00	0,00	0,00	0,00	0,00	0,00	0,00	0,00	0,00	0,00	0,00
17.09.2026 11:05:58	0,00	0,00	0,00	0,00	0,00	0,00	0,00	0,01	0,00	0,00	0,00	0,00	0,00	0,00	0,30	0,37	0,00	0,00	0,00	0,00	0,00	0,00	0,00	0,00	0,00	0,00	0,00	0,00	0,00	0,00	0,00
17.09.2026 11:06:04	0,00	0,00	0,00	0,00	0,00	0,00	0,00	0,00	0,00	0,00	0,00	0,00	0,00	0,26	0,00	0,00	0,00	0,00	0,00	0,00	0,00	0,00	0,00	0,00	0,00	0,00	0,00	0,00	0,00	0,00	0,00
17.09.2026 11:06:10	0,00	0,00	0,00	0,00	0,00	0,00	0,00	0,00	0,00	0,00	0,00	0,00	0,00	0,00	0,00	0,00	0,00	0,00	0,00	0,00	0,00	0,00	0,00	0,00	0,00	0,00	0,00	0,00	0,00	0,00	0,00
17.09.2026 11:06:16	0,00	0,00	0,00	0,00	0,00	0,00	0,00	0,00	0,00	0,00	0,00	0,00	0,00	0,00	0,00	0,00	0,00	0,00	0,00	0,00	0,00	0,00	0,00	0,00	0,00	0,00	0,00	0,00	0,00	0,00	0,00
17.09.2026 11:06:22	0,00	0,00	0,00	0,00	0,00	0,00	0,00	0,00	0,00	0,00	0,00	0,00	0,00	0,00	0,00	0,00	0,00	0,00	0,00	0,00	0,00	0,00	0,00	0,00	0,00	0,00	0,00	0,00	0,00	0,00	0,00
17.09.2026 11:06:28	0,00	0,00	0,00	0,00	0,00	0,00	0,01	0,00	0,00	0,00	0,00	0,00	0,00	0,00	0,00	0,00	0,00	0,00	0,00	0,00	0,00	0,00	0,00	0,00	0,00	0,00	0,00	0,00	0,00	0,00	0,00
17.09.2026 11:06:34	0,00	0,00	0,00	0,00	0,00	0,00	0,00	0,00	0,00	0,00	0,00	0,00	0,00	0,00	0,00	0,00	0,00	0,00	0,00	0,00	0,00	0,00	0,00	0,00	0,00	0,00	0,00	0,00	0,00	0,00	0,00
17.09.2026 11:06:40	0,00	0,00	0,00	0,00	0,00	0,00	0,00	0,00	0,00	0,00	0,00	0,00	0,00	0,00	0,00	0,00	0,00	0,00	0,00	0,00	0,00	0,00	0,00	0,00	0,00	0,00	0,00	0,00	0,00	0,00	0,00
17.09.2026 11:06:46	0,00	0,00	0,00	0,00	0,00	0,00	0,00	0,00	0,00	0,00	0,00	0,00	0,00	0,00	0,00	0,00	0,00	0,00	0,00	0,00	0,00	0,00	0,00	0,00	0,00	0,00	0,00	0,00	0,00	0,00	0,00
17.09.2026 11:06:52	0,00	0,00	0,00	0,00	0,00	0,00	0,00	0,00	0,00	0,00	0,00	0,00	0,00	0,00	0,00	0,00	0,00	0,00	0,00	0,00	0,00	0,00	0,00	0,00	0,00	0,00	0,00	0,00	0,00	0,00	0,00
17.09.2026 11:06:58	0,00	0,00	0,00	0,00	0,00	0,00	0,00	0,00	0,00	0,00	0,00	0,00	0,00	0,00	0,00	0,00	0,00	0,00	0,00	0,00	0,00	0,00	0,00	0,00	0,00	0,00	0,00	0,00	0,00	0,00	0,00
17.09.2026 11:07:04	0,00	0,00	0,00	0,00	0,00	0,00	0,00	0,00	0,00	0,00	0,00	0,00	0,00	0,00	0,00	0,00	0,00	0,00	0,00	0,00	0,00	0,00	0,00	0,00	0,00	0,00	0,00	0,00	0,00	0,00	0,00
17.09.2026 11:07:10	0,00	0,00	0,00	0,00	0,00	0,00	0,00	0,00	0,00	0,00	0,00	0,00	0,00	0,00	0,00	0,00	0,00	0,00	0,00	0,00	0,00	0,00	0,00	0,00	0,00	0,00	0,00	0,00	0,00	0,00	0,00
17.09.2026 11:07:16	0,00	0,00	0,00	0,00	0,00	0,00	0,00	0,00	0,00	0,00	0,00	0,00	0,00	0,00	0,00	0,00	0,00	0,00	0,00	0,00	0,00	0,00	0,00	0,00	0,00	0,00	0,00	0,00	0,00	0,00	0,00
17.09.2026 11:07:22	0,00	0,00	0,00	0,00	0,00	0,00	0,00	0,00	0,00	0,00	0,00	0,00	0,00	0,00	0,00	0,00	0,00	0,00	0,00	0,00	0,00	0,00	0,00	0,00	0,00	0,00	0,00	0,00	0,00	0,00	0,00
17.09.2026 11:07:28	0,00	0,00	0,00	0,00	0,00	0,00	0,00	0,00	0,00	0,00	0,00	0,00	0,00	0,00	0,00	0,00	0,00	0,00	0,00	0,00	0,00	0,00	0,00	0,00	0,00	0,00	0,00	0,00	0,00	0,00	0,00
17.09.2026 11:07:34	0,00	0,00	0,00	0,00	0,00	0,00	0,00	0,00	0,00	0,00	0,00	0,00	0,00	0,00	0,00	0,00	0,00	0,00	0,00	0,00	0,00	0,00	0,00	0,00	0,00	0,00	0,00	0,00	0,00	0,00	0,00
17.09.2026 11:07:40	0,00	0,00	0,00	0,00	0,00	0,00	0,00	0,00	0,00	0,00	0,00	0,00	0,00	0,00	0,00	0,00	0,00	0,00	0,00	0,00	0,00	0,00	0,00	0,00	0,00	0,00	0,00	0,00	0,00	0,00	0,00
17.09.2026 11:07:46	0,00	0,00	0,00	0,00	0,00	0,00	0,00	0,00	0,00	0,00	0,00	0,00	0,00	0,00	0,00	0,00	0,00	0,00	0,00	0,00	0,00	0,00	0,00	0,00	0,00	0,00	0,00	0,00	0,00	0,00	0,00
17.09.2026 11:07:52	0,00	0,00	0,00	0,00	0,00	0,00	0,00	0,00	0,00	0,00	0,00	0,00	0,00	0,00	0,00	0,00	0,00	0,00	0,00	0,00	0,00	0,00	0,00	0,00	0,00	0,00	0,00	0,00	0,00	0,00	0,00
17.09.2026 11:07:58	0,00	0,00	0,00	0,00	0,00	0,01	0,00	0,00	0,00	0,00	0,00	0,00	0,00	0,00	0,00	0,00	0,00	0,00	0,00	0,00	0,00	0,00	0,00	0,00	0,00	0,00	0,00	0,00	0,00	0,00	0,00
17.09.2026 11:08:04	0,00	0,00	0,00	0,00	0,00	0,00	0,00	0,00	0,00	0,00	0,00	0,00	0,00	0,00	0,00	0,00	0,00	0,00	0,00	0,00	0,00	0,00	0,00	0,00	0,00	0,00	0,00	0,00	0,00	0,00	0,00
17.09.2026 11:08:10	0,00	0,00	0,00	0,00	0,00	0,00	0,00	0,00	0,00	0,00	0,00	0,00	0,00	0,00	0,00	0,00	0,00	0,00	0,00	0,00	0,00	0,00	0,00	0,00	0,00	0,00	0,00	0,00	0,00	0,00	0,00
17.09.2026 11:08:16	0,00	0,00	0,00	0,00	0,00	0,00	0,00	0,00	0,00	0,00	0,00	0,00	0,00	0,00	0,00	0,00	0,00	0,00	0,00	0,00	0,00	0,00	0,00	0,00	0,00	0,00	0,00	0,00	0,00	0,00	0,00
17.09.2026 11:08:22	0,00	0,00	0,00	0,00	0,00	0,00	0,00	0,00	0,00	0,00	0,00	0,00	0,00	0,00	0,00	0,00	0,00	0,00	0,00	0,00	0,00	0,00	0,00	0,00	0,00	0,00	0,00	0,00	0,00	0,00	0,00
17.09.2026 11:08:28	0,00	0,00	0,00	0,00	0,00	0,00	0,00	0,00	0,00	0,00	0,00	0,00	0,00	0,00	0,00	0,00	0,00	0,00	0,00	0,00	0,00	0,00	0,00	0,00	0,00	0,00	0,00	0,00	0,00	0,00	0,00
17.09.2026 11:08:34	0,00	0,00	0,00	0,00	0,00	0,00	0,00	0,00	0,00	0,00	0,00	0,00	0,00	0,00	0,00	0,00	0,00	0,00	0,00	0,00	0,00	0,00	0,00	0,00	0,00	0,00	0,00	0,00	0,00	0,00	0,00
17.09.2026 11:08:40	0,00	0,00	0,00	0,00	0,00	0,00	0,01	0,01	0,00	0,00	0,00	0,00	0,00	0,00	0,00	0,00	0,00	0,00	0,00	0,00	0,00	0,00	0,00	0,00	0,00	0,00	0,00	0,00	0,00	0,00	0,00
17.09.2026 11:08:46	0,00	0,00	0,00	0,00	0,00	0,00	0,00	0,00	0,00	0,00	0,00	0,00	0,00	0,00	0,00	0,00	0,00	0,00	0,00	0,00	0,00	0,00	0,00	0,00	0,00	0,00	0,00	0,00	0,00	0,00	0,00
17.09.2026 11:08:52	0,00	0,00	0,00	0,00	0,00	0,00	0,00	0,00	0,00	0,00	0,00	0,00	0,00	0,00	0,00	0,00	0,00	0,00	0,00	0,00	0,00	0,00	0,00	0,00	0,00	0,00	0,00	0,00	0,00	0,00	0,00
17.09.2026 11:08:58	0,00	0,00	0,00	0,00	0,00	0,00	0,00	0,00	0,00	0,00	0,00	0,00	0,00	0,00	0,00	0,00	0,00	0,00	0,00	0,00	0,00	0,00	0,00	0,00	0,00	0,00	0,00	0,00	0,00	0,00	0,00
17.09.2026 11:09:04	0,00	0,00	0,00	0,00	0,00	0,00	0,00	0,00	0,00	0,00	0,00	0,00	0,00	0,00	0,00	0,00	0,00	0,00	0,00	0,00	0,00	0,00	0,00	0,00	0,00	0,00	0,00	0,00	0,00	0,00	0,00
17.09.2026 11:09:10	0,00	0,00	0,00	0,00	0,00	0,00	0,00	0,00	0,00	0,00	0,00	0,00	0,00	0,00	0,00	0,00	0,00	0,00	0,00	0,00	0,00	0,00	0,00	0,00	0,00	0,00	0,00	0,00	0,00	0,00	0,00
17.09.2026 11:09:16	0,00	0,00	0,00	0,00	0,00	0,00	0,00	0,00	0,00	0,04	0,00	0,00	0,00	0,00	0,30	0,37	0,00	0,00	0,00	0,00	0,00	0,00	0,00	0,00	0,00	0,00	0,00	0,00	0,00	0,00	0,00
17.09.2026 11:09:22	0,00	0,00	0,00	0,00	0,00	0,00	0,00	0,00	0,00	0,00	0,00	0,00	0,00	0,00	0,00	0,00	0,00	0,00	0,00	0,00	0,00	0,00	0,00	0,00	0,00	0,00	0,00	0,00	0,00	0,00	0,00
17.09.2026 11:09:28	0,00	0,00	0,00	0,00	0,00	0,00	0,00	0,00	0,00	0,00	0,00	0,00	0,00	0,00	0,00	0,00	0,00	0,00	0,00	0,00	0,00	0,00	0,00	0,00	0,00	0,00	0,00	0,00	0,00	0,00	0,00
17.09.2026 11:09:34	0,00	0,00	0,00	0,00	0,00	0,00	0,00	0,00	0,00	0,00	0,00	0,00	0,00	0,00	0,00	0,00	0,00	0,00	0,00	0,00	0,00	0,00	0,00	0,00	0,00	0,00	0,00	0,00	0,00	0,00	0,00
17.09.2026 11:09:40	0,00	0,00	0,00	0,00	0,00	0,00	0,00	0,00	0,00	0,00	0,00	0,00	0,00	0,00	0,00	0,00	0,00	0,00	0,00	0,00	0,00	0,00	0,00	0,00	0,00	0,00	0,00	0,00	0,00	0,00	0,00
17.09.2026 11:09:46	0,00	0,00	0,00	0,00	0,00	0,00	0,00	0,00	0,00	0,00	0,00	0,00	0,00	0,00	0,00	0,00	0,00	0,00	0,00	0,00	0,00	0,00	0,00	0,00	0,00	0,00	0,00	0,00	0,00	0,00	0,00
17.09.2026 11:09:52	0,00	0,00	0,00	0,00	0,00	0,00	0,00	0,00	0,00	0,00	0,00	0,00	0,00	0,00	0,00	0,00	0,00	0,00	0,00	0,00	0,00	0,00	0,00	0,00	0,00	0,00	0,00	0,00	0,00	0,00	0,00
17.09.2026 11:09:58	0,00	0,00	0,00	0,00	0,00	0,00	0,00	0,00	0,00	0,00	0,00	0,00	0,00	0,00	0,00	0,00	0,00	0,00	0,00	0,00	0,00	0,00	0,00	0,00	0,00	0,00	0,00	0,00	0,00	0,00	0,00
17.09.2026 11:10:04	0,00	0,00	0,00	0,00	0,00	0,00	0,00	0,00	0,00	0,00	0,00	0,00	0,00	0,00	0,00	0,00	0,00	0,00	0,00	0,00	0,00	0,00	0,00	0,00	0,00	0,00	0,00	0,00	0,00	0,00	0,00
17.09.2026 11:10:10	0,00	0,00	0,00	0,00	0,00	0,00	0,00	0,00	0,00	0,00	0,00	0,00	0,00	0,00	0,00	0,00	0,00	0,00	0,00	0,00	0,00	0,00	0,00	0,00	0,00	0,00	0,00	0,00	0,00	0,00	0,00
17.09.2026 11:10:16	0,00	0,00	0,00	0,00	0,00	0,00	0,00	0,00	0,00	0,00	0,00	0,00	0,00	0,00	0,00	0,00	0,00	0,00	0,00	0,00	0,00	0,00	0,00	0,00	0,00	0,00	0,00	0,00	0,00	0,00	0,00
17.09.2026 11:10:22	0,00	0,00	0,00	0,00	0,00	0,00	0,00	0,00	0,00	0,00	0,00	0,00	0,00	0,00	0,00	0,00	0,00	0,00	0,00	0,00	0,00	0,00	0,00	0,00	0,00	0,00	0,00	0,00	0,00	0,00	0,00
17.09.2026 11:10:28	0,00	0,00	0,00	0,00	0,00	0,00	0,00	0,00	0,00	0,00	0,00	0,00	0,00	0,00	0,00	0,00	0,00	0,00	0,00	0,00	0,00	0,00	0,00	0,00	0,00	0,00	0,00	0,00	0,00	0,00	0,00
17.09.2026 11:10:34	0,00	0,00	0,00	0,00	0,00	0,00	0,01	0,00	0,00	0,00	0,00	0,00	0,00	0,00	0,00	0,00	0,00	0,00	0,00	0,00	0,00	0,00	0,00	0,00	0,00	0,00	0,00	0,00	0,00	0,00	0,00
17.09.2026 11:10:40	0,00	0,00	0,00	0,00	0,00	0,00	0,00	0,00	0,00	0,00	0,00	0,00	0,00	0,00	0,00	0,00	0,00	0,00	0,00	0,00	0,00	0,00	0,00	0,00	0,00	0,00	0,00	0,00	0,00	0,00	0,00
17.09.2026 11:10:46	0,00	0,00	0,00	0,00	0,00	0,00	0,00	0,00	0,00	0,00	0,00	0,00	0,00	0,00	0,00	0,00	0,00	0,00	0,00	0,00	0,00	0,00	0,00	0,00	0,00	0,00	0,00	0,00	0,00	0,00	0,00
17.09.2026 11:10:52	0,00	0,00	0,00	0,00	0,00	0,00	0,00	0,00	0,00	0,00	0,00	0,00	0,00	0,00	0,00	0,00	0,00	0,00	0,00	0,00	0,00	0,00	0,00	0,00	0,00	0,00	0,00	0,00	0,00	0,00	0,00
17.09.2026 11:10:58	0,00	0,00	0,00	0,00	0,00	0,00	0,00	0,00	0,00	0,00	0,00	0,00	0,00	0,00	0,00	0,00	0,00	0,00	0,00	0,00	0,00	0,00	0,00	0,00	0,00	0,00	0,00	0,00	0,00	0,00	0,00
17.09.2026 11:11:04	0,00	0,00	0,00	0,00	0,00	0,00	0,00	0,00	0,00	0,00	0,00	0,00	0,00	0,00	0,50	0,00	0,00	0,00	0,00	0,00	0,00	0,00	0,00	0,00	0,00	0,00	0,00	0,00	0,00	0,00	0,00
17.09.2026 11:11:10	0,00	0,00	0,00	0,00	0,00	0,00	0,00	0,00	0,00	0,00	0,00	0,00	0,00	0,00	0,00	0,00	0,00	0,00	0,00	0,00	0,00	0,00	0,00	0,00	0,00	0,00	0,00	0,00	0,00	0,00	0,00
17.09.2026 11:11:16	0,00	0,00	0,00	0,00	0,00	0,00	0,00	0,00	0,00	0,00	0,00	0,00	0,00	0,00	0,30	0,37	0,00	0,00	0,00	0,00	0,00	0,00	0,00	0,00	0,00	0,00	0,00	0,00	0,00	0,00	0,00
17.09.2026 11:11:22	0,00	0,00	0,00	0,00	0,00	0,00	0,00	0,00	0,00	0,00	0,00	0,00	0,00	0,00	0,00	0,00	0,00	0,00	0,00	0,00	0,00	0,00	0,00	0,00	0,00	0,00	0,00	0,00	0,00	0,00	0,00
17.09.2026 11:11:28	0,00	0,00	0,00	0,00	0,00	0,00	0,00	0,00	0,00	0,00	0,00	0,00	0,00	0,00	0,00	0,00	0,00	0,00	0,00	0,00	0,00	0,00	0,00	0,00	0,00	0,00	0,00	0,00	0,00	0,00	0,00
17.09.2026 11:11:34	0,00	0,00	0,00	0,00	0,00	0,00	0,00	0,00	0,00	0,00	0,00	0,00	0,00	0,00	0,00	0,00	0,00	0,00	0,00	0,00	0,00	0,00	0,00	0,00	0,00	0,00	0,00	0,00	0,00	0,00	0,00
17.09.2026 11:11:40	0,00	0,00	0,00	0,00	0,00	0,00	0,00	0,00	0,00	0,00	0,00	0,00	0,00	0,00	0,00	0,00	0,00	0,00	0,00	0,00	0,00	0,00	0,00	0,00	0,00	0,00	0,00	0,00	0,00	0,00	0,00
17.09.2026 11:11:46	0,00	0,00	0,00	0,00	0,00	0,00	0,00	0,00	0,00	0,00	0,00	0,00	0,00	0,00	0,00	0,00	0,00	0,00	0,00	0,00	0,00	0,00	0,00	0,00	0,00	0,00	0,00	0,00	0,00	0,00	0,00
17.09.2026 11:11:52	0,00	0,00	0,00	0,00	0,00	0,00	0,00	0,00	0,00	0,00	0,00	0,00	0,00	0,00	0,00	0,00	0,00	0,00	0,00	0,00	0,00	0,00	0,00	0,00	0,00	0,00	0,00	0,00	0,00	0,00	0,00
17.09.2026 11:11:58	0,00	0,00	0,00	0,00	0,00	0,00	0,00	0,00	0,00	0,00	0,00	0,00	0,00	0,00	0,00	0,00	0,00	0,00	0,00	0,00	0,00	0,00	0,00	0,00	0,00	0,00	0,00	0,00	0,00	0,00	0,00
17.09.2026 11:12:04	0,00	0,00	0,00	0,00	0,00	0,00	0,00	0,00	0,00	0,00	0,00	0,00	0,00	0,00	0,00	0,00	0,00	0,00	0,00	0,00	0,00	0,00	0,00	0,00	0,00	0,00	0,00	0,00	0,00	0,00	0,00
17.09.2026 11:12:10	0,00	0,00	0,00	0,00	0,00	0,00	0,00	0,00	0,00	0,00	0,00	0,00	0,00	0,00	0,00	0,00	0,00	0,00	0,00	0,00	0,00	0,00	0,00	0,00	0,00	0,00	0,00	0,00	0,00	0,00	0,00
17.09.2026 11:12:16	0,00	0,00	0,00	0,00	0,00	0,00	0,00	0,00	0,00	0,00	0,00	0,00	0,00	0,00	0,00	0,00	0,00	0,00	0,00	0,00	0,00	0,00	0,00	0,00	0,00	0,00	0,00	0,00	0,00	0,00	0,00
17.09.2026 11:12:22	0,00	0,00	0,00	0,00	0,00	0,00	0,00	0,00	0,00	0,00	0,00	0,00	0,00	0,00	0,00	0,00	0,00	0,00	0,00	0,00	0,00	0,00	0,00	0,00	0,00	0,00	0,00	0,00	0,00	0,00	0,00
17.09.2026 11:12:28	0,00	0,00	0,00	0,00	0,00	0,00	0,00	0,00	0,00	0,00	0,00	0,00	0,00	0,00	0,00	0,00	0,00	0,00	0,00	0,00	0,00	0,00	0,00	0,00	0,00	0,00	0,00	0,00	0,00	0,00	0,00
17.09.2026 11:12:34	0,00	0,00	0,00	0,00	0,00	0,00	0,01	0,00	0,00	0,00	0,00	0,00	0,00	0,00	0,00	0,00	0,00	0,00	0,00	0,00	0,00	0,00	0,00	0,00	0,00	0,00	0,00	0,00	0,00	0,00	0,00
17.09.2026 11:12:40	0,00	0,00	0,00	0,00	0,00	0,00	0,00	0,00	0,00	0,00	0,00	0,00	0,00	0,00	0,00	0,00	0,00	0,00	0,00	0,00	0,00	0,00	0,00	0,00	0,00	0,00	0,00	0,00	0,00	0,00	0,00
17.09.2026 11:12:46	0,00	0,00	0,00	0,00	0,00	0,00	0,00	0,00	0,00	0,00	0,00	0,00	0,00	0,00	0,00	0,00	0,00	0,00	0,00	0,00	0,00	0,00	0,00	0,00	0,00	0,00	0,00	0,00	0,00	0,00	0,00
17.09.2026 11:12:52	0,00	0,00	0,00	0,00	0,00	0,00	0,00	0,00	0,00	0,00	0,00	0,00	0,00	0,00	0,00	0,00	0,00	0,00	0,00	0,00	0,00	0,00	0,00	0,00	0,00	0,00	0,00	0,00	0,00	0,00	0,00
17.09.2026 11:12:58	0,00	0,00	0,00	0,00	0,00	0,00	0,00	0,00	0,00	0,00	0,00	0,00	0,00	0,00	0,00	0,00	0,00	0,00	0,00	0,00	0,00	0,00	0,00	0,00	0,00	0,00	0,00	0,00	0,00	0,00	0,00
17.09.2026 11:13:04	0,00	0,00	0,00	0,00	0,00	0,00	0,00	0,00	0,00	0,00	0,00	0,00	0,00	0,00	0,00	0,00	0,00	0,00	0,00	0,00	0,00	0,00	0,00	0,00	0,00	0,00	0,00	0,00	0,00	0,00	0,00
17.09.2026 11:13:10	0,00	0,00	0,00	0,00	0,00	0,00	0,00	0,00	0,00	0,00	0,00	0,00	0,00	0,00	0,00	0,00	0,00	0,00	0,00	0,00	0,00	0,00	0,00	0,00	0,00	0,00	0,00	0,00	0,00	0,00	0,00
17.09.2026 11:13:16	0,00	0,00	0,00	0,00	0,00	0,00	0,00	0,00	0,00	0,00	0,00	0,00	0,00	0,00	0,00	0,00	0,00	0,00	0,00	0,00	0,00	0,00	0,00	0,00	0,00	0,00	0,00	0,00	0,00	0,00	0,00
17.09.2026 11:13:22	0,00	0,00	0,00	0,00	0,00	0,00	0,00	0,00	0,00	0,00	0,00	0,00	0,00	0,00	0,00	0,00	0,00	0,00	0,00	0,00	0,00	0,00	0,00	0,00	0,00	0,00	0,00	0,00	0,00	0,00	0,00
17.09.2026 11:13:28	0,00	0,00	0,00	0,00	0,00	0,00	0,00	0,00	0,00	0,00	0,00	0,00	0,00	0,00	0,00	0,00	0,00	0,00	0,00	0,00	0,00	0,00	0,00	0,00	0,00	0,00	0,00	0,00	0,00	0,00	0,00
17.09.2026 11:13:34	0,00	0,00	0,00	0,00	0,00	0,00	0,00	0,00	0,00	0,00	0,00	0,00	0,00	0,00	0,00	0,00	0,00	0,00	0,00	0,00	0,00	0,00	0,00	0,00	0,00	0,00	0,00	0,00	0,00	0,00	0,00
17.09.2026 11:13:40	0,00	0,00	0,00	0,00	0,00	0,00	0,00	0,00	0,00	0,00	0,00	0,00	0,00	0,00	0,00	0,00	0,00	0,00	0,00	0,00	0,00	0,00	0,00	0,00	0,00	0,00	0,00	0,00	0,00	0,00	0,00
17.09.2026 11:13:46	0,00	0,00	0,00	0,00	0,00	0,00	0,00	0,00	0,00	0,00	0,00	0,00	0,00	0,00	0,00	0,00	0,00	0,00	0,00	0,00	0,00	0,00	0,00	0,00	0,00	0,00	0,00	0,00	0,00	0,00	0,00
17.09.2026 11:13:52	0,00	0,00	0,00	0,00	0,00	0,00	0,00	0,00	0,00	0,00	0,00	0,00	0,00	0,00	0,00	0,00	0,00	0,00	0,00	0,00	0,00	0,00	0,00	0,00	0,00	0,00	0,00	0,00	0,00	0,00	0,00
17.09.2026 11:13:58	0,00	0,00	0,00	0,00	0,00	0,00	0,00	0,00	0,00	0,00	0,00	0,00	0,00	0,00	0,00	0,00	0,00	0,00	0,00	0,00	0,00	0,00	0,00	0,00	0,00	0,00	0,00	0,00	0,00	0,00	0,00
17.09.2026 11:14:04	0,00	0,00	0,00	0,00	0,00	0,00	0,00	0,00	0,00	0,00	0,00	0,00	0,00	0,00	0,00	0,00	0,00	0,00	0,00	0,00	0,00	0,00	0,00	0,00	0,00	0,00	0,00	0,00	0,00	0,00	0,00
17.09.2026 11:14:10	0,00	0,00	0,00	0,00	0,00	0,00	0,00	0,00	0,00	0,00	0,00	0,00	0,00	0,00	0,00	0,00	0,00	0,00	0,00	0,00	0,00	0,00	0,00	0,00	0,00	0,00	0,00	0,00	0,00	0,00	0,00
17.09.2026 11:14:16	0,00	0,00	0,00	0,00	0,00	0,00	0,00	0,00	0,00	0,00	0,00	0,00	0,00	0,00	0,00	0,00	0,00	0,00	0,00	0,00	0,00	0,00	0,00	0,00	0,00	0,00	0,00	0,00	0,00	0,00	0,00
17.09.2026 11:14:22	0,00	0,00	0,00	0,00	0,00	0,00	0,00	0,00	0,00	0,00	0,00	0,00	0,00	0,00	0,00	0,00	0,00	0,00	0,00	0,00	0,00	0,00	0,00	0,00	0,00	0,00	0,00	0,00	0,00	0,00	0,00
17.09.2026 11:14:28	0,00	0,00	0,00	0,00	0,00	0,00	0,00	0,00	0,00	0,00	0,00	0,00	0,00	0,00	0,00	0,00	0,00	0,00	0,00	0,00	0,00	0,00	0,00	0,00	0,00	0,00	0,00	0,00	0,00	0,00	0,00
17.09.2026 11:14:34	0,00	0,00	0,00	0,00	0,00	0,00	0,00	0,00	0,00	0,00	0,00	0,00	0,00	0,00	0,00	0,00	0,00	0,00	0,00	0,00	0,00	0,00	0,00	0,00	0,00	0,00	0,00	0,00	0,00	0,00	0,00
17.09.2026 11:14:40	0,00	0,00	0,00	0,00	0,00	0,00	0,00	0,00	0,00	0,00	0,00	0,00	0,00	0,00	0,00	0,00	0,00	0,00	0,00	0,00	0,00	0,00	0,00	0,00	0,00	0,00	0,00	0,00	0,00	0,00	0,00
17.09.2026 11:14:46	0,00	0,00	0,00	0,00	0,00	0,00	0,00	0,00	0,00	0,00	0,00	0,00	0,00	0,00	0,00	0,00	0,00	0,00	0,00	0,00	0,00	0,00	0,00	0,00	0,00	0,00	0,00	0,00	0,00	0,00	0,00
17.09.2026 11:14:52	0,00	0,00	0,00	0,00	0,00	0,00	0,00	0,00	0,00	0,02	0,00	0,00	0,00	0,00	0,30	0,37	0,00	0,00	0,00	0,00	0,00	0,00	0,00	0,00	0,00	0,00	0,00	0,00	0,00	0,00	0,00
17.09.2026 11:14:58	0,00	0,00	0,00	0,00	0,00	0,00	0,00	0,02	0,00	0,00	0,03	0,00	0,00	0,00	0,00	0,00	0,00	0,00	0,00	0,00	0,00	0,00	0,00	0,00	0,00	0,00	0,00	0,00	0,00	0,00	0,00
17.09.2026 11:15:04	0,00	0,00	0,00	0,00	0,00	0,00	0,00	0,00	0,00	0,02	0,00	0,07	0,00	0,00	0,00	0,00	0,00	0,00	0,00	0,00	0,00	0,00	0,00	0,00	0,00	0,00	0,00	0,00	0,00	0,00	0,00
17.09.2026 11:15:10	0,01	0,01	0,01	0,01	0,01	0,01	0,01	0,00	0,00	0,06	0,00	0,00	0,00	0,00	0,20	0,55	0,00	0,46	1,60	0,00	0,00	0,00	13,92	0,00	0,00	0,00	0,00	0,00	0,00	0,00	0,00
17.09.2026 11:15:16	0,02	0,01	0,00	0,01	0,01	0,00	0,02	0,00	0,03	0,04	0,03	0,07	0,00	0,00	0,10	1,10	0,60	0,00	1,60	1,67	0,00	9,01	0,00	0,00	0,00	0,00	0,00	100,20	0,00	0,00	0,00
17.09.2026 11:15:22	0,01	0,01	0,01	0,02	0,00	0,01	0,03	0,03	0,00	0,00	0,00	0,00	0,00	0,00	0,10	0,00	0,00	0,00	0,80	1,67	0,00	0,00	13,92	0,00	0,00	0,00	0,00	0,00	0,00	0,00	0,00
17.09.2026 11:15:28	0,01	0,00	0,01	0,00	0,01	0,01	0,00	0,00	0,01	0,06	0,00	0,07	0,00	0,00	0,80	1,46	0,30	0,46	0,00	0,00	0,00	4,50	0,00	12,52	0,00	0,00	0,00	0,00	0,00	0,00	0,00
17.09.2026 11:15:34	0,01	0,01	0,01	0,01	0,02	0,01	0,01	0,04	0,01	0,07	0,00	0,13	0,00	0,00	0,40	0,91	0,00	0,00	0,00	3,34	12,07	4,50	13,92	25,05	0,00	0,00	0,00	0,00	0,00	0,00	0,00
17.09.2026 11:15:40	0,01	0,01	0,01	0,01	0,01	0,00	0,03	0,01	0,00	0,04	0,03	0,20	0,13	0,26	0,20	1,10	0,30	0,93	0,00	0,00	0,00	0,00	0,00	0,00	0,00	113,24	57,98	0,00	0,00	0,00	0,00
17.09.2026 11:15:46	0,01	0,01	0,00	0,02	0,01	0,00	0,01	0,02	0,03	0,02	0,06	0,00	0,00	0,26	0,70	1,28	0,30	0,00	2,40	5,02	0,00	0,00	0,00	12,52	68,60	0,00	0,00	0,00	0,00	0,00	0,00
17.09.2026 11:15:52	0,01	0,01	0,01	0,02	0,01	0,01	0,01	0,00	0,01	0,06	0,03	0,00	0,00	0,26	0,70	1,46	0,00	0,46	0,80	1,67	3,02	4,50	0,00	0,00	0,00	0,00	0,00	0,00	0,00	0,00	0,00
17.09.2026 11:15:58	0,01	0,01	0,00	0,00	0,01	0,03	0,01	0,01	0,00	0,02	0,00	0,27	0,00	0,00	0,00	0,00	0,00	0,46	1,60	6,69	3,02	0,00	0,00	25,05	0,00	0,00	0,00	0,00	0,00	0,00	0,00
17.09.2026 11:16:04	0,01	0,01	0,01	0,02	0,03	0,01	0,00	0,02	0,04	0,09	0,00	0,13	0,00	0,00	1,20	1,65	0,30	0,00	1,60	0,00	0,00	0,00	0,00	0,00	0,00	37,75	0,00	0,00	0,00	0,00	0,00
17.09.2026 11:16:10	0,01	0,00	0,01	0,01	0,02	0,02	0,01	0,08	0,03	0,11	0,00	0,00	0,13	0,26	0,70	0,55	0,30	0,46	0,00	3,34	0,00	9,01	13,92	0,00	45,73	0,00	0,00	0,00	0,00	0,00	0,00
17.09.2026 11:16:16	0,01	0,01	0,01	0,01	0,02	0,00	0,01	0,03	0,00	0,02	0,03	0,00	0,13	0,00	0,30	0,55	0,30	0,00	0,80	0,00	0,00	0,00	0,00	0,00	0,00	75,49	0,00	0,00	0,00	0,00	0,00
17.09.2026 11:16:22	0,01	0,01	0,01	0,01	0,01	0,01	0,02	0,04	0,03	0,02	0,03	0,00	0,13	0,00	0,50	0,91	0,60	0,00	2,40	5,02	3,02	0,00	0,00	0,00	22,87	0,00	0,00	0,00	0,00	0,00	0,00
17.09.2026 11:16:28	0,01	0,01	0,01	0,01	0,01	0,00	0,02	0,03	0,00	0,04	0,03	0,07	0,13	0,26	0,00	0,00	0,30	0,93	1,60	0,00	0,00	0,00	0,00	0,00	0,00	0,00	0,00	0,00	0,00	0,00	0,00
17.09.2026 11:16:34	0,01	0,01	0,01	0,01	0,01	0,02	0,00	0,03	0,03	0,02	0,00	0,00	0,00	0,00	0,20	0,00	0,00	0,00	0,80	3,34	0,00	0,00	0,00	0,00	0,00	0,00	0,00	0,00	0,00	0,00	0,00
17.09.2026 11:16:40	0,01	0,01	0,01	0,01	0,01	0,01	0,01	0,02	0,01	0,04	0,03	0,07	0,00	0,00	0,60	0,37	0,91	0,46	2,40	0,00	0,00	0,00	0,00	0,00	0,00	0,00	0,00	0,00	0,00	0,00	0,00
17.09.2026 11:16:46	0,01	0,01	0,00	0,00	0,01	0,01	0,01	0,03	0,01	0,00	0,00	0,00	0,00	0,26	0,40	1,28	0,30	1,39	0,80	1,67	0,00	0,00	6,96	25,05	0,00	0,00	0,00	0,00	0,00	0,00	0,00
17.09.2026 11:16:52	0,01	0,01	0,01	0,00	0,02	0,00	0,01	0,00	0,03	0,06	0,00	0,00	0,00	0,00	0,30	1,10	0,00	0,46	1,60	3,34	0,00	4,50	0,00	0,00	0,00	0,00	0,00	0,00	0,00	0,00	0,00
17.09.2026 11:16:58	0,01	0,00	0,01	0,00	0,01	0,00	0,01	0,02	0,00	0,04	0,00	0,07	0,00	0,00	0,00	0,00	0,00	0,00	1,60	3,34	3,02	4,50	0,00	12,52	22,87	0,00	57,98	0,00	182,94	0,00	0,00
17.09.2026 11:17:04	0,01	0,00	0,00	0,01	0,01	0,00	0,01	0,01	0,00	0,04	0,00	0,07	0,00	0,26	0,00	0,00	0,00	0,00	0,00	0,00	0,00	0,00	0,00	0,00	0,00	0,00	0,00	0,00	0,00	0,00	0,00
17.09.2026 11:17:10	0,01	0,01	0,01	0,02	0,00	0,02	0,01	0,00	0,01	0,00	0,00	0,00	0,13	0,00	1,00	0,18	0,30	0,00	1,60	1,67	0,00	0,00	0,00	0,00	0,00	0,00	0,00	0,00	0,00	0,00	0,00
17.09.2026 11:17:16	0,01	0,01	0,01	0,01	0,01	0,01	0,00	0,03	0,01	0,00	0,00	0,00	0,00	0,00	0,50	0,18	0,00	0,46	0,80	1,67	0,00	0,00	6,96	0,00	0,00	0,00	0,00	0,00	0,00	0,00	0,00
17.09.2026 11:17:22	0,01	0,01	0,01	0,02	0,01	0,00	0,01	0,01	0,00	0,06	0,00	0,00	0,00	0,00	0,00	0,00	0,00	0,46	0,80	1,67	0,00	4,50	6,96	0,00	0,00	0,00	0,00	0,00	0,00	0,00	0,00
17.09.2026 11:17:28	0,00	0,01	0,00	0,00	0,01	0,00	0,04	0,01	0,01	0,00	0,00	0,00	0,13	0,26	0,00	0,00	0,00	0,00	0,00	0,00	0,00	0,00	0,00	0,00	0,00	0,00	0,00	0,00	0,00	0,00	0,00
17.09.2026 11:17:34	0,01	0,00	0,01	0,00	0,00	0,01	0,00	0,01	0,01	0,02	0,06	0,00	0,00	0,51	0,80	0,73	0,00	0,00	0,80	0,00	0,00	4,50	0,00	12,52	0,00	0,00	0,00	0,00	0,00	0,00	0,00
17.09.2026 11:17:40	0,01	0,01	0,01	0,01	0,01	0,01	0,02	0,02	0,00	0,02	0,00	0,13	0,00	0,00	0,00	0,00	0,00	0,00	0,00	0,00	0,00	0,00	0,00	0,00	0,00	0,00	0,00	0,00	0,00	0,00	0,00
17.09.2026 11:17:46	0,01	0,00	0,00	0,01	0,00	0,01	0,00	0,00	0,00	0,02	0,03	0,00	0,27	0,26	0,00	0,00	0,00	0,00	0,00	0,00	0,00	0,00	0,00	0,00	0,00	0,00	0,00	0,00	0,00	0,00	0,00
17.09.2026 11:17:52	0,01	0,00	0,00	0,01	0,01	0,00	0,01	0,04	0,00	0,00	0,00	0,00	0,00	0,26	0,00	0,00	0,00	1,39	0,80	0,00	3,02	0,00	0,00	0,00	0,00	0,00	0,00	0,00	0,00	0,00	0,00
17.09.2026 11:17:58	0,01	0,01	0,01	0,01	0,01	0,00	0,01	0,00	0,01	0,04	0,00	0,07	0,00	0,00	0,00	0,00	0,00	0,00	0,00	0,00	0,00	0,00	0,00	0,00	0,00	0,00	0,00	0,00	0,00	0,00	0,00
17.09.2026 11:18:04	0,01	0,00	0,01	0,01	0,02	0,00	0,02	0,00	0,01	0,09	0,00	0,00	0,00	0,26	0,80	1,28	0,30	0,00	0,00	0,00	3,02	0,00	6,96	0,00	22,87	0,00	0,00	0,00	0,00	262,06	0,00
17.09.2026 11:18:10	0,01	0,01	0,01	0,00	0,01	0,01	0,02	0,01	0,00	0,04	0,00	0,07	0,00	0,00	0,00	0,00	0,00	0,46	0,00	3,34	3,02	0,00	6,96	0,00	0,00	0,00	0,00	0,00	0,00	0,00	0,00
17.09.2026 11:18:16	0,00	0,00	0,00	0,00	0,01	0,01	0,01	0,02	0,00	0,00	0,00	0,00	0,00	0,26	0,00	0,00	0,00	0,00	3,21	0,00	3,02	0,00	0,00	0,00	0,00	0,00	0,00	0,00	0,00	0,00	0,00
17.09.2026 11:18:22	0,01	0,01	0,01	0,01	0,00	0,00	0,00	0,03	0,03	0,06	0,00	0,00	0,13	0,00	0,10	0,73	0,00	0,00	1,60	0,00	0,00	9,01	0,00	12,52	0,00	0,00	0,00	0,00	0,00	0,00	0,00
17.09.2026 11:18:28	0,00	0,00	0,00	0,01	0,00	0,01	0,01	0,01	0,03	0,00	0,00	0,00	0,00	0,00	0,00	0,00	0,00	0,00	0,00	0,00	0,00	0,00	0,00	0,00	0,00	0,00	0,00	0,00	0,00	0,00	0,00
17.09.2026 11:18:34	0,01	0,01	0,00	0,01	0,00	0,00	0,01	0,01	0,00	0,02	0,03	0,00	0,00	0,00	0,10	0,37	0,30	0,00	0,00	1,67	0,00	0,00	0,00	0,00	0,00	0,00	0,00	0,00	0,00	0,00	0,00
17.09.2026 11:18:40	0,01	0,01	0,00	0,01	0,00	0,00	0,01	0,01	0,00	0,00	0,06	0,00	0,00	0,00	0,40	0,00	0,00	0,00	0,00	0,00	0,00	0,00	6,96	0,00	0,00	0,00	0,00	0,00	0,00	0,00	0,00
17.09.2026 11:18:46	0,01	0,01	0,00	0,01	0,00	0,00	0,01	0,02	0,00	0,00	0,13	0,07	0,00	0,00	0,00	0,00	0,00	0,00	0,00	0,00	0,00	0,00	0,00	0,00	0,00	0,00	0,00	0,00	0,00	0,00	0,00
17.09.2026 11:18:52	0,00	0,00	0,01	0,00	0,02	0,01	0,01	0,01	0,01	0,04	0,00	0,00	0,00	0,00	0,20	1,28	0,30	0,93	0,80	0,00	0,00	0,00	6,96	12,52	0,00	0,00	0,00	0,00	0,00	0,00	0,00
17.09.2026 11:18:58	0,01	0,00	0,01	0,00	0,02	0,00	0,02	0,01	0,01	0,06	0,03	0,20	0,00	0,26	0,60	0,18	0,00	0,00	1,60	1,67	0,00	0,00	0,00	0,00	0,00	0,00	0,00	0,00	0,00	0,00	0,00
17.09.2026 11:19:04	0,01	0,01	0,00	0,01	0,02	0,01	0,01	0,03	0,01	0,04	0,03	0,00	0,00	0,00	0,50	0,18	0,91	0,00	0,00	0,00	0,00	0,00	6,96	0,00	0,00	0,00	0,00	0,00	0,00	0,00	0,00
17.09.2026 11:19:10	0,01	0,00	0,00	0,01	0,00	0,00	0,00	0,02	0,00	0,04	0,00	0,07	0,00	0,00	0,00	0,00	0,00	0,00	2,40	0,00	3,02	0,00	0,00	12,52	0,00	0,00	0,00	0,00	0,00	0,00	0,00
17.09.2026 11:19:16	0,01	0,00	0,00	0,00	0,00	0,00	0,01	0,01	0,00	0,00	0,03	0,00	0,00	0,00	0,20	0,37	0,30	0,46	1,60	0,00	0,00	9,01	0,00	0,00	0,00	0,00	0,00	0,00	0,00	0,00	0,00
17.09.2026 11:19:22	0,01	0,01	0,01	0,01	0,01	0,00	0,01	0,08	0,01	0,04	0,00	0,00	0,00	0,00	1,00	1,83	0,30	0,93	0,00	1,67	0,00	0,00	6,96	0,00	0,00	0,00	0,00	0,00	0,00	0,00	0,00
17.09.2026 11:19:28	0,01	0,01	0,00	0,00	0,00	0,00	0,00	0,02	0,00	0,00	0,00	0,00	0,00	0,26	0,00	0,00	0,00	0,00	0,00	0,00	0,00	0,00	0,00	0,00	0,00	0,00	0,00	0,00	0,00	0,00	0,00
17.09.2026 11:19:34	0,01	0,00	0,00	0,01	0,00	0,00	0,01	0,02	0,00	0,02	0,06	0,00	0,00	0,00	0,10	0,00	0,00	0,00	0,80	3,34	3,02	0,00	0,00	0,00	0,00	0,00	0,00	0,00	0,00	0,00	0,00
17.09.2026 11:19:40	0,00	0,00	0,00	0,00	0,01	0,00	0,01	0,02	0,00	0,02	0,00	0,00	0,00	0,00	0,00	0,00	0,00	0,00	0,00	0,00	0,00	0,00	0,00	0,00	0,00	0,00	0,00	0,00	0,00	0,00	0,00
17.09.2026 11:19:46	0,01	0,00	0,00	0,00	0,00	0,00	0,00	0,00	0,01	0,04	0,10	0,07	0,00	0,00	0,20	0,37	0,00	0,00	0,00	0,00	0,00	0,00	0,00	12,52	0,00	0,00	0,00	0,00	0,00	0,00	0,00
17.09.2026 11:19:52	0,01	0,01	0,00	0,01	0,01	0,00	0,00	0,00	0,00	0,00	0,00	0,07	0,27	0,00	0,10	0,37	0,00	0,46	0,00	0,00	0,00	0,00	0,00	0,00	22,87	0,00	0,00	0,00	0,00	0,00	0,00
17.09.2026 11:19:58	0,01	0,00	0,01	0,00	0,00	0,00	0,01	0,01	0,00	0,09	0,00	0,00	0,00	0,00	0,60	0,00	0,00	0,93	1,60	0,00	0,00	0,00	0,00	0,00	0,00	0,00	0,00	0,00	0,00	0,00	0,00
17.09.2026 11:20:04	0,01	0,01	0,01	0,00	0,01	0,01	0,04	0,01	0,00	0,00	0,00	0,00	0,00	0,26	0,90	0,73	0,30	0,00	2,40	1,67	3,02	4,50	0,00	0,00	0,00	0,00	0,00	0,00	0,00	0,00	0,00
17.09.2026 11:20:10	0,01	0,00	0,01	0,00	0,01	0,00	0,01	0,04	0,00	0,06	0,03	0,07	0,00	0,00	0,00	0,18	0,60	0,46	0,00	0,00	3,02	0,00	0,00	0,00	0,00	0,00	0,00	0,00	0,00	0,00	0,00
17.09.2026 11:20:16	0,01	0,01	0,01	0,00	0,01	0,01	0,01	0,00	0,00	0,02	0,00	0,07	0,00	0,00	1,00	0,00	0,30	0,00	0,00	5,02	0,00	4,50	0,00	0,00	0,00	0,00	0,00	0,00	0,00	0,00	0,00
17.09.2026 11:20:22	0,01	0,01	0,00	0,01	0,01	0,00	0,00	0,01	0,04	0,02	0,03	0,07	0,00	0,26	1,00	0,91	0,00	0,93	0,00	1,67	3,02	0,00	6,96	0,00	0,00	0,00	0,00	0,00	0,00	0,00	0,00
17.09.2026 11:20:28	0,01	0,00	0,01	0,01	0,01	0,00	0,02	0,01	0,01	0,07	0,00	0,07	0,00	0,51	0,80	0,37	0,30	1,39	1,60	0,00	0,00	4,50	20,89	0,00	0,00	0,00	0,00	0,00	0,00	0,00	0,00
17.09.2026 11:20:34	0,01	0,00	0,01	0,01	0,01	0,00	0,01	0,03	0,00	0,02	0,06	0,07	0,13	0,26	0,00	0,00	0,00	0,00	0,00	0,00	0,00	0,00	0,00	0,00	0,00	0,00	0,00	0,00	0,00	0,00	0,00
17.09.2026 11:20:40	0,01	0,00	0,00	0,01	0,02	0,00	0,01	0,01	0,00	0,02	0,03	0,00	0,13	0,00	0,00	0,18	0,00	0,46	0,00	1,67	0,00	0,00	13,92	0,00	0,00	0,00	0,00	0,00	0,00	0,00	0,00
17.09.2026 11:20:46	0,01	0,00	0,01	0,00	0,00	0,00	0,04	0,00	0,00	0,00	0,06	0,00	0,13	0,00	0,00	0,00	0,00	0,00	0,00	0,00	0,00	0,00	0,00	0,00	0,00	0,00	0,00	0,00	0,00	0,00	0,00
17.09.2026 11:20:52	0,01	0,00	0,01	0,00	0,01	0,01	0,01	0,00	0,01	0,06	0,03	0,00	0,00	0,00	0,50	1,10	0,00	0,00	0,80	0,00	3,02	0,00	13,92	0,00	0,00	0,00	0,00	0,00	0,00	0,00	0,00
17.09.2026 11:20:58	0,01	0,01	0,01	0,01	0,00	0,00	0,01	0,03	0,00	0,02	0,06	0,07	0,13	0,00	0,00	0,00	1,21	0,00	0,80	0,00	0,00	0,00	0,00	0,00	0,00	0,00	0,00	0,00	0,00	0,00	0,00
17.09.2026 11:21:04	0,01	0,00	0,00	0,00	0,00	0,00	0,00	0,02	0,00	0,06	0,03	0,20	0,00	0,00	0,00	0,00	0,00	0,00	0,00	0,00	0,00	0,00	0,00	0,00	0,00	0,00	0,00	0,00	0,00	0,00	0,00
17.09.2026 11:21:10	0,01	0,00	0,00	0,00	0,00	0,00	0,01	0,02	0,01	0,00	0,00	0,07	0,00	0,26	0,00	0,00	0,00	0,00	0,00	0,00	0,00	0,00	0,00	0,00	0,00	0,00	0,00	0,00	0,00	0,00	0,00
17.09.2026 11:21:16	0,01	0,00	0,01	0,00	0,01	0,00	0,00	0,03	0,01	0,02	0,00	0,13	0,00	0,26	0,50	0,37	0,30	0,46	0,00	0,00	0,00	0,00	0,00	0,00	0,00	0,00	0,00	100,20	0,00	0,00	0,00
17.09.2026 11:21:22	0,01	0,00	0,01	0,01	0,00	0,00	0,01	0,02	0,00	0,00	0,00	0,00	0,13	0,26	0,60	0,91	0,30	0,00	1,60	0,00	3,02	0,00	0,00	0,00	0,00	0,00	0,00	0,00	0,00	0,00	0,00
17.09.2026 11:21:28	0,00	0,00	0,01	0,01	0,01	0,00	0,01	0,00	0,03	0,06	0,00	0,00	0,13	0,00	0,00	0,18	0,00	0,46	0,80	1,67	0,00	4,50	0,00	0,00	0,00	0,00	0,00	0,00	0,00	0,00	0,00
17.09.2026 11:21:34	0,01	0,00	0,00	0,00	0,01	0,00	0,01	0,00	0,00	0,02	0,00	0,00	0,13	0,00	0,10	0,37	0,00	0,46	0,00	0,00	0,00	0,00	0,00	12,52	0,00	0,00	0,00	0,00	0,00	0,00	0,00
17.09.2026 11:21:40	0,01	0,01	0,01	0,00	0,01	0,00	0,01	0,03	0,01	0,00	0,03	0,00	0,00	0,26	0,20	0,55	0,30	0,00	0,80	3,34	0,00	0,00	0,00	0,00	22,87	0,00	0,00	0,00	0,00	0,00	0,00
17.09.2026 11:21:46	0,01	0,00	0,00	0,02	0,00	0,01	0,01	0,00	0,03	0,06	0,03	0,07	0,00	0,51	0,90	0,91	0,60	0,00	2,40	1,67	0,00	0,00	0,00	0,00	0,00	0,00	0,00	0,00	0,00	0,00	0,00
17.09.2026 11:21:52	0,01	0,00	0,00	0,01	0,01	0,00	0,00	0,00	0,01	0,00	0,03	0,07	0,13	0,26	0,20	0,37	0,30	0,00	0,00	0,00	0,00	0,00	0,00	0,00	0,00	0,00	0,00	0,00	0,00	0,00	0,00
17.09.2026 11:21:58	0,01	0,00	0,00	0,01	0,01	0,00	0,03	0,01	0,01	0,02	0,06	0,00	0,00	0,00	0,00	0,00	0,00	0,00	0,00	0,00	0,00	0,00	0,00	0,00	0,00	0,00	0,00	0,00	0,00	0,00	0,00
17.09.2026 11:22:04	0,01	0,01	0,00	0,00	0,01	0,01	0,00	0,00	0,00	0,04	0,00	0,00	0,27	0,00	0,30	0,00	0,00	0,00	0,00	0,00	3,02	0,00	6,96	0,00	0,00	0,00	0,00	0,00	0,00	0,00	0,00
17.09.2026 11:22:10	0,01	0,01	0,01	0,00	0,01	0,00	0,01	0,01	0,00	0,06	0,03	0,00	0,13	0,26	0,10	0,00	0,00	1,39	0,80	0,00	0,00	0,00	0,00	0,00	0,00	0,00	0,00	0,00	0,00	0,00	0,00
17.09.2026 11:22:16	0,00	0,01	0,01	0,00	0,01	0,00	0,00	0,04	0,01	0,00	0,00	0,00	0,00	0,00	0,00	0,00	0,00	0,00	0,00	0,00	0,00	0,00	0,00	0,00	0,00	0,00	0,00	0,00	0,00	0,00	0,00
17.09.2026 11:22:22	0,01	0,01	0,01	0,01	0,00	0,00	0,01	0,01	0,03	0,06	0,00	0,00	0,00	0,00	1,00	0,91	0,00	0,00	0,00	0,00	0,00	0,00	0,00	0,00	0,00	0,00	0,00	0,00	0,00	0,00	0,00
17.09.2026 11:22:28	0,01	0,01	0,01	0,00	0,00	0,00	0,00	0,00	0,00	0,00	0,00	0,00	0,13	0,00	0,10	0,18	0,30	0,00	1,60	0,00	0,00	0,00	0,00	0,00	0,00	0,00	0,00	0,00	0,00	0,00	0,00
17.09.2026 11:22:34	0,01	0,01	0,00	0,00	0,00	0,00	0,03	0,01	0,00	0,00	0,00	0,00	0,00	0,00	0,00	0,00	0,00	0,00	0,00	0,00	0,00	0,00	0,00	0,00	0,00	0,00	0,00	0,00	0,00	0,00	0,00
17.09.2026 11:22:40	0,00	0,01	0,00	0,00	0,01	0,00	0,01	0,03	0,00	0,07	0,00	0,07	0,00	0,00	0,10	0,91	0,00	0,46	0,80	1,67	0,00	0,00	0,00	12,52	0,00	0,00	0,00	0,00	0,00	0,00	0,00
17.09.2026 11:22:46	0,01	0,00	0,00	0,01	0,00	0,01	0,00	0,00	0,01	0,02	0,00	0,00	0,00	0,00	0,00	0,00	0,00	0,00	0,00	1,67	3,02	4,50	13,92	0,00	0,00	0,00	0,00	0,00	0,00	0,00	0,00
17.09.2026 11:22:52	0,01	0,01	0,01	0,01	0,00	0,01	0,01	0,01	0,00	0,00	0,03	0,00	0,00	0,26	1,10	0,91	0,00	0,00	0,80	1,67	3,02	4,50	0,00	0,00	0,00	0,00	0,00	0,00	0,00	0,00	0,00
17.09.2026 11:22:58	0,01	0,00	0,00	0,00	0,00	0,00	0,01	0,02	0,00	0,02	0,03	0,00	0,00	0,00	0,40	0,00	0,30	0,46	2,40	0,00	0,00	4,50	0,00	0,00	0,00	0,00	0,00	0,00	0,00	0,00	0,00
17.09.2026 11:23:04	0,01	0,00	0,01	0,01	0,00	0,00	0,02	0,00	0,01	0,02	0,00	0,07	0,00	0,00	0,10	0,55	0,00	0,00	0,00	1,67	0,00	0,00	0,00	0,00	0,00	0,00	0,00	0,00	0,00	0,00	0,00
17.09.2026 11:23:10	0,01	0,01	0,01	0,01	0,00	0,00	0,01	0,02	0,00	0,00	0,03	0,00	0,13	0,26	0,00	0,00	0,00	0,00	0,80	0,00	6,03	0,00	0,00	25,05	0,00	0,00	0,00	0,00	0,00	0,00	0,00
17.09.2026 11:23:16	0,01	0,01	0,00	0,00	0,01	0,00	0,01	0,00	0,01	0,06	0,03	0,07	0,13	0,00	0,90	0,73	0,30	0,93	0,00	5,02	3,02	0,00	0,00	0,00	0,00	0,00	0,00	0,00	0,00	0,00	0,00
17.09.2026 11:23:22	0,01	0,01	0,00	0,00	0,00	0,00	0,01	0,00	0,00	0,00	0,00	0,13	0,13	0,00	0,00	0,37	0,00	0,46	0,80	1,67	0,00	0,00	0,00	0,00	0,00	0,00	0,00	0,00	0,00	0,00	0,00
17.09.2026 11:23:28	0,00	0,00	0,01	0,00	0,01	0,00	0,01	0,02	0,01	0,00	0,00	0,00	0,00	0,26	0,10	0,55	0,00	0,00	0,00	1,67	0,00	0,00	0,00	0,00	0,00	0,00	0,00	0,00	0,00	0,00	0,00
17.09.2026 11:23:34	0,01	0,01	0,01	0,00	0,00	0,00	0,01	0,00	0,01	0,04	0,00	0,07	0,00	0,00	0,30	0,91	0,00	0,46	0,00	1,67	0,00	0,00	0,00	0,00	0,00	0,00	0,00	0,00	0,00	0,00	0,00
17.09.2026 11:23:40	0,01	0,00	0,01	0,00	0,00	0,01	0,00	0,01	0,01	0,02	0,00	0,13	0,00	0,00	0,40	0,55	0,30	0,00	0,80	1,67	0,00	0,00	0,00	0,00	0,00	0,00	0,00	0,00	0,00	0,00	0,00
17.09.2026 11:23:46	0,01	0,00	0,00	0,00	0,00	0,00	0,01	0,01	0,01	0,00	0,00	0,00	0,00	0,26	0,20	0,00	0,00	0,00	1,60	0,00	3,02	0,00	0,00	0,00	0,00	0,00	0,00	0,00	0,00	0,00	0,00
17.09.2026 11:23:52	0,01	0,00	0,00	0,00	0,01	0,00	0,01	0,01	0,00	0,02	0,03	0,07	0,00	0,26	0,00	0,00	0,00	0,00	0,00	0,00	0,00	0,00	0,00	0,00	0,00	0,00	0,00	0,00	0,00	0,00	0,00
17.09.2026 11:23:58	0,01	0,01	0,01	0,01	0,00	0,00	0,02	0,04	0,00	0,04	0,03	0,00	0,13	0,26	0,20	0,37	0,30	0,00	0,00	0,00	0,00	0,00	0,00	0,00	0,00	0,00	0,00	0,00	0,00	0,00	0,00
17.09.2026 11:24:04	0,01	0,00	0,01	0,01	0,01	0,00	0,00	0,00	0,00	0,00	0,00	0,00	0,00	0,00	0,20	0,00	0,00	0,00	0,00	0,00	3,02	4,50	6,96	0,00	0,00	0,00	0,00	0,00	0,00	0,00	0,00
17.09.2026 11:24:10	0,00	0,00	0,00	0,00	0,00	0,00	0,01	0,01	0,00	0,06	0,00	0,07	0,00	0,26	0,00	0,00	0,00	0,00	0,00	0,00	0,00	0,00	0,00	0,00	0,00	0,00	0,00	0,00	0,00	0,00	0,00
17.09.2026 11:24:16	0,01	0,01	0,01	0,01	0,00	0,01	0,02	0,01	0,04	0,02	0,03	0,00	0,00	0,00	0,20	0,55	1,21	0,46	0,00	0,00	0,00	0,00	0,00	0,00	0,00	0,00	0,00	0,00	0,00	0,00	0,00
17.09.2026 11:24:22	0,00	0,01	0,01	0,00	0,01	0,01	0,00	0,00	0,00	0,04	0,00	0,00	0,00	0,51	1,10	1,10	0,30	0,46	0,00	1,67	0,00	0,00	0,00	0,00	0,00	0,00	0,00	0,00	0,00	0,00	0,00
17.09.2026 11:24:28	0,01	0,00	0,00	0,00	0,00	0,00	0,01	0,02	0,00	0,00	0,00	0,07	0,00	0,00	0,00	0,00	0,00	0,00	0,00	0,00	0,00	0,00	0,00	0,00	0,00	0,00	0,00	0,00	0,00	0,00	0,00
17.09.2026 11:24:34	0,01	0,00	0,00	0,00	0,01	0,02	0,00	0,04	0,00	0,02	0,03	0,00	0,00	0,00	0,40	0,00	0,30	0,00	1,60	1,67	0,00	9,01	0,00	0,00	0,00	0,00	0,00	0,00	0,00	0,00	0,00
17.09.2026 11:24:40	0,00	0,01	0,00	0,00	0,00	0,00	0,01	0,00	0,00	0,00	0,00	0,07	0,00	0,00	0,00	0,00	0,00	0,00	0,00	0,00	0,00	0,00	0,00	0,00	0,00	0,00	0,00	0,00	0,00	0,00	0,00
17.09.2026 11:24:46	0,01	0,01	0,00	0,01	0,01	0,01	0,01	0,00	0,00	0,00	0,03	0,07	0,00	0,00	0,30	0,73	0,00	0,46	1,60	0,00	0,00	0,00	0,00	0,00	0,00	0,00	0,00	0,00	0,00	0,00	0,00
17.09.2026 11:24:52	0,01	0,01	0,00	0,00	0,00	0,00	0,01	0,01	0,00	0,06	0,00	0,00	0,13	0,26	0,00	0,37	0,60	0,00	0,00	0,00	0,00	0,00	6,96	0,00	0,00	0,00	0,00	0,00	0,00	0,00	0,00
17.09.2026 11:24:58	0,01	0,01	0,00	0,00	0,00	0,00	0,01	0,00	0,00	0,04	0,00	0,07	0,13	0,26	0,00	0,00	0,00	0,00	0,00	0,00	0,00	0,00	0,00	0,00	0,00	0,00	0,00	0,00	0,00	0,00	0,00
17.09.2026 11:25:04	0,01	0,00	0,00	0,01	0,00	0,00	0,00	0,00	0,00	0,00	0,03	0,00	0,00	0,26	0,00	0,00	0,00	0,00	0,00	0,00	0,00	0,00	0,00	0,00	0,00	0,00	0,00	0,00	0,00	0,00	0,00
17.09.2026 11:25:10	0,01	0,01	0,00	0,01	0,01	0,00	0,00	0,02	0,03	0,04	0,00	0,07	0,00	0,00	0,90	1,28	0,30	0,00	0,80	0,00	0,00	0,00	13,92	0,00	0,00	0,00	0,00	0,00	0,00	0,00	0,00
17.09.2026 11:25:16	0,01	0,01	0,00	0,01	0,01	0,01	0,01	0,00	0,01	0,02	0,03	0,00	0,00	0,00	0,00	0,37	0,60	0,00	0,00	1,67	0,00	0,00	0,00	0,00	0,00	0,00	0,00	0,00	0,00	0,00	0,00
17.09.2026 11:25:22	0,01	0,01	0,00	0,00	0,00	0,01	0,02	0,00	0,00	0,02	0,00	0,00	0,13	0,00	0,00	0,00	0,00	0,00	0,00	0,00	0,00	0,00	0,00	0,00	0,00	0,00	0,00	0,00	0,00	0,00	0,00
17.09.2026 11:25:28	0,01	0,01	0,01	0,00	0,01	0,00	0,02	0,02	0,00	0,00	0,03	0,00	0,00	0,26	0,10	0,37	0,00	0,00	0,80	1,67	0,00	0,00	0,00	0,00	0,00	0,00	0,00	0,00	0,00	0,00	0,00
17.09.2026 11:25:34	0,01	0,00	0,01	0,00	0,01	0,01	0,00	0,01	0,00	0,02	0,00	0,07	0,00	0,26	0,00	0,00	0,00	0,00	0,00	0,00	0,00	0,00	0,00	0,00	0,00	0,00	0,00	0,00	0,00	0,00	0,00
17.09.2026 11:25:40	0,01	0,00	0,01	0,00	0,01	0,01	0,01	0,02	0,01	0,00	0,00	0,13	0,00	0,26	0,10	0,18	0,30	0,00	0,00	1,67	3,02	0,00	0,00	0,00	0,00	0,00	0,00	0,00	0,00	0,00	0,00
17.09.2026 11:25:46	0,01	0,00	0,00	0,00	0,01	0,01	0,01	0,01	0,01	0,06	0,00	0,07	0,00	0,00	0,10	0,18	0,60	0,00	0,00	0,00	0,00	0,00	0,00	12,52	0,00	0,00	0,00	0,00	0,00	0,00	0,00
17.09.2026 11:25:52	0,01	0,00	0,01	0,00	0,00	0,00	0,00	0,00	0,00	0,06	0,03	0,00	0,00	0,00	0,00	0,37	0,30	0,00	0,80	1,67	0,00	0,00	0,00	0,00	0,00	0,00	0,00	0,00	0,00	0,00	0,00
17.09.2026 11:25:58	0,00	0,00	0,01	0,02	0,01	0,00	0,01	0,03	0,01	0,00	0,00	0,00	0,00	0,00	0,40	0,18	0,00	2,32	0,00	0,00	0,00	0,00	0,00	0,00	0,00	0,00	0,00	0,00	0,00	0,00	0,00
17.09.2026 11:26:04	0,01	0,01	0,01	0,01	0,00	0,00	0,00	0,02	0,00	0,04	0,00	0,00	0,00	0,26	0,10	0,55	0,00	0,46	0,80	5,02	0,00	4,50	0,00	0,00	0,00	0,00	0,00	0,00	0,00	0,00	0,00
17.09.2026 11:26:10	0,01	0,01	0,00	0,01	0,01	0,00	0,00	0,00	0,00	0,00	0,00	0,00	0,00	0,00	0,40	0,00	0,60	0,00	0,80	3,34	0,00	0,00	0,00	12,52	0,00	0,00	0,00	0,00	0,00	0,00	0,00
17.09.2026 11:26:16	0,01	0,01	0,00	0,00	0,00	0,00	0,01	0,00	0,01	0,02	0,00	0,00	0,00	0,00	0,00	0,00	0,00	0,00	0,00	0,00	0,00	0,00	0,00	0,00	0,00	0,00	0,00	0,00	0,00	0,00	0,00
17.09.2026 11:26:22	0,01	0,01	0,00	0,01	0,00	0,01	0,00	0,01	0,00	0,04	0,00	0,00	0,00	0,00	0,40	0,73	0,00	0,00	0,80	0,00	3,02	0,00	0,00	0,00	0,00	0,00	0,00	0,00	0,00	0,00	0,00
17.09.2026 11:26:28	0,01	0,01	0,01	0,00	0,00	0,00	0,00	0,02	0,03	0,04	0,00	0,00	0,00	0,00	0,70	0,73	0,30	0,46	0,00	1,67	0,00	0,00	6,96	0,00	0,00	0,00	0,00	0,00	0,00	0,00	0,00
17.09.2026 11:26:34	0,01	0,01	0,01	0,01	0,00	0,00	0,01	0,02	0,00	0,04	0,00	0,07	0,00	0,00	0,20	0,18	0,00	0,00	0,80	0,00	0,00	4,50	0,00	0,00	0,00	0,00	0,00	0,00	0,00	0,00	0,00
17.09.2026 11:26:40	0,01	0,01	0,01	0,00	0,00	0,00	0,02	0,03	0,01	0,00	0,00	0,00	0,00	0,00	0,00	0,18	0,30	0,00	0,80	3,34	0,00	0,00	0,00	0,00	0,00	0,00	0,00	0,00	0,00	0,00	0,00
17.09.2026 11:26:46	0,01	0,01	0,01	0,01	0,02	0,01	0,00	0,02	0,01	0,06	0,00	0,00	0,00	0,00	0,30	1,10	0,00	0,00	0,80	0,00	0,00	0,00	0,00	0,00	0,00	0,00	0,00	0,00	0,00	0,00	0,00
17.09.2026 11:26:52	0,01	0,01	0,01	0,01	0,01	0,01	0,03	0,00	0,00	0,00	0,00	0,00	0,00	0,00	0,00	0,37	0,30	0,00	0,00	3,34	0,00	0,00	0,00	0,00	0,00	0,00	0,00	0,00	0,00	0,00	0,00
17.09.2026 11:26:58	0,01	0,00	0,01	0,01	0,00	0,00	0,01	0,03	0,00	0,00	0,03	0,13	0,00	0,00	0,00	0,00	0,00	0,00	0,00	0,00	0,00	0,00	0,00	0,00	0,00	0,00	0,00	0,00	0,00	0,00	0,00
17.09.2026 11:27:04	0,01	0,00	0,00	0,00	0,00	0,00	0,02	0,05	0,03	0,00	0,00	0,07	0,00	0,00	0,00	0,00	0,00	0,00	0,00	0,00	0,00	0,00	0,00	0,00	0,00	0,00	0,00	0,00	0,00	0,00	0,00
17.09.2026 11:27:10	0,01	0,00	0,00	0,01	0,00	0,00	0,01	0,00	0,00	0,00	0,00	0,00	0,00	0,00	0,00	0,00	0,00	0,00	0,00	0,00	0,00	0,00	0,00	0,00	0,00	0,00	0,00	0,00	0,00	0,00	0,00
17.09.2026 11:27:16	0,01	0,00	0,00	0,01	0,00	0,00	0,00	0,01	0,00	0,00	0,00	0,00	0,13	0,26	0,30	0,37	0,30	0,93	0,80	0,00	0,00	0,00	6,96	0,00	0,00	0,00	0,00	0,00	0,00	0,00	0,00
17.09.2026 11:27:22	0,01	0,00	0,01	0,01	0,01	0,00	0,00	0,04	0,01	0,00	0,00	0,07	0,00	0,00	0,00	0,00	0,60	0,00	0,80	1,67	0,00	4,50	0,00	0,00	0,00	0,00	0,00	0,00	0,00	0,00	0,00
17.09.2026 11:27:28	0,01	0,00	0,00	0,01	0,00	0,00	0,01	0,01	0,00	0,00	0,03	0,07	0,00	0,00	0,60	0,00	0,30	0,46	0,80	1,67	0,00	0,00	0,00	0,00	0,00	0,00	0,00	0,00	0,00	0,00	0,00
17.09.2026 11:27:34	0,01	0,01	0,01	0,00	0,01	0,00	0,01	0,00	0,00	0,02	0,00	0,00	0,13	0,26	0,00	0,18	0,00	0,93	0,00	0,00	3,02	0,00	0,00	12,52	0,00	0,00	0,00	0,00	0,00	0,00	0,00
17.09.2026 11:27:40	0,01	0,01	0,00	0,00	0,00	0,00	0,00	0,00	0,00	0,00	0,00	0,00	0,00	0,00	0,00	0,00	0,00	0,00	0,00	0,00	0,00	0,00	0,00	0,00	0,00	0,00	0,00	0,00	0,00	0,00	0,00
17.09.2026 11:27:46	0,01	0,01	0,01	0,02	0,00	0,00	0,01	0,00	0,00	0,02	0,00	0,00	0,27	0,00	1,00	1,10	0,00	0,93	1,60	0,00	0,00	0,00	0,00	0,00	0,00	0,00	0,00	0,00	0,00	0,00	0,00
17.09.2026 11:27:52	0,01	0,01	0,00	0,01	0,00	0,01	0,01	0,01	0,05	0,06	0,00	0,00	0,27	0,77	1,20	1,46	0,60	0,46	0,80	0,00	0,00	4,50	0,00	0,00	0,00	0,00	0,00	0,00	0,00	0,00	0,00
17.09.2026 11:27:58	0,01	0,00	0,01	0,00	0,00	0,00	0,01	0,03	0,00	0,04	0,06	0,00	0,00	0,00	0,00	0,00	0,00	0,00	0,00	0,00	0,00	0,00	0,00	0,00	0,00	0,00	0,00	0,00	0,00	0,00	0,00
17.09.2026 11:28:04	0,01	0,01	0,00	0,00	0,01	0,00	0,01	0,00	0,04	0,02	0,00	0,00	0,13	0,00	0,00	0,00	0,00	0,00	0,00	0,00	0,00	0,00	0,00	0,00	0,00	0,00	0,00	0,00	0,00	0,00	0,00
17.09.2026 11:28:10	0,01	0,01	0,00	0,00	0,00	0,00	0,01	0,01	0,00	0,06	0,03	0,00	0,00	0,26	0,10	0,37	0,30	0,46	0,00	0,00	0,00	0,00	0,00	0,00	0,00	0,00	0,00	0,00	0,00	0,00	0,00
17.09.2026 11:28:16	0,00	0,00	0,01	0,01	0,01	0,00	0,01	0,00	0,00	0,06	0,00	0,00	0,00	0,00	0,00	0,37	0,00	0,46	0,80	0,00	0,00	4,50	0,00	0,00	0,00	0,00	0,00	0,00	0,00	0,00	0,00
17.09.2026 11:28:22	0,01	0,01	0,01	0,01	0,01	0,01	0,01	0,03	0,04	0,06	0,00	0,13	0,00	0,00	0,30	0,73	0,00	1,39	0,00	0,00	0,00	0,00	0,00	0,00	0,00	0,00	0,00	0,00	0,00	0,00	0,00
17.09.2026 11:28:28	0,01	0,01	0,00	0,01	0,00	0,00	0,00	0,00	0,01	0,02	0,03	0,13	0,00	0,26	0,00	0,00	0,00	0,00	0,00	0,00	0,00	0,00	0,00	0,00	0,00	0,00	0,00	0,00	0,00	0,00	0,00
17.09.2026 11:28:34	0,01	0,01	0,01	0,00	0,00	0,00	0,01	0,01	0,00	0,00	0,00	0,00	0,13	0,00	0,30	0,00	0,00	0,00	0,00	0,00	3,02	0,00	0,00	0,00	22,87	0,00	0,00	0,00	0,00	0,00	0,00
17.09.2026 11:28:40	0,05	0,02	0,03	0,02	0,01	0,01	0,01	0,02	0,01	0,04	0,06	0,07	0,00	0,00	0,50	1,10	0,30	0,00	0,80	0,00	3,02	0,00	0,00	12,52	0,00	0,00	0,00	0,00	0,00	0,00	0,00
17.09.2026 11:28:46	0,05	0,04	0,05	0,03	0,03	0,01	0,04	0,01	0,00	0,02	0,06	0,13	0,40	0,26	0,00	0,00	0,00	0,00	0,00	0,00	0,00	0,00	0,00	0,00	0,00	0,00	0,00	0,00	0,00	0,00	0,00
17.09.2026 11:28:52	0,10	0,06	0,05	0,06	0,03	0,01	0,07	0,03	0,00	0,04	0,00	0,00	0,27	0,00	0,80	0,37	0,91	0,46	0,00	0,00	0,00	4,50	0,00	0,00	0,00	0,00	0,00	0,00	0,00	0,00	0,00
17.09.2026 11:28:58	0,11	0,07	0,05	0,04	0,03	0,00	0,03	0,03	0,01	0,04	0,03	0,13	0,00	0,51	0,10	0,37	0,30	0,00	0,80	0,00	0,00	0,00	0,00	0,00	0,00	0,00	0,00	0,00	0,00	0,00	0,00
17.09.2026 11:29:04	0,11	0,10	0,07	0,05	0,03	0,01	0,07	0,03	0,01	0,04	0,00	0,33	0,00	0,00	1,20	0,91	0,30	0,00	1,60	0,00	0,00	0,00	0,00	0,00	0,00	0,00	0,00	0,00	0,00	0,00	0,00
17.09.2026 11:29:10	0,11	0,09	0,07	0,06	0,04	0,02	0,05	0,08	0,03	0,04	0,03	0,00	0,00	0,51	0,00	0,00	0,00	0,00	0,00	0,00	0,00	0,00	0,00	0,00	0,00	0,00	0,00	0,00	0,00	0,00	0,00
17.09.2026 11:29:16	0,13	0,08	0,09	0,06	0,02	0,02	0,04	0,01	0,05	0,07	0,06	0,07	0,00	0,77	0,80	0,37	0,91	0,46	0,00	1,67	0,00	0,00	0,00	0,00	0,00	0,00	0,00	0,00	0,00	0,00	0,00
17.09.2026 11:29:22	0,13	0,07	0,07	0,06	0,03	0,02	0,00	0,03	0,00	0,06	0,06	0,07	0,13	0,26	0,10	0,37	0,00	0,46	0,80	0,00	0,00	0,00	0,00	0,00	0,00	0,00	0,00	0,00	0,00	0,00	0,00
17.09.2026 11:29:28	0,15	0,08	0,11	0,04	0,03	0,02	0,03	0,04	0,01	0,11	0,03	0,20	0,00	0,00	0,00	0,00	0,60	0,46	0,00	1,67	0,00	0,00	0,00	0,00	22,87	0,00	0,00	0,00	0,00	0,00	0,00
17.09.2026 11:29:34	0,16	0,10	0,08	0,06	0,04	0,01	0,03	0,03	0,01	0,06	0,00	0,07	0,00	0,26	0,30	0,18	1,21	0,46	0,00	0,00	0,00	0,00	0,00	12,52	0,00	0,00	0,00	0,00	0,00	0,00	0,00
17.09.2026 11:29:40	0,16	0,09	0,07	0,09	0,05	0,02	0,05	0,10	0,03	0,06	0,16	0,07	0,54	0,00	2,30	0,37	0,60	0,46	3,21	6,69	3,02	4,50	6,96	0,00	22,87	0,00	0,00	0,00	0,00	0,00	0,00
17.09.2026 11:29:46	0,14	0,10	0,10	0,08	0,03	0,00	0,05	0,02	0,03	0,07	0,03	0,07	0,13	0,77	0,30	0,00	0,00	0,46	0,00	5,02	6,03	0,00	0,00	12,52	0,00	0,00	0,00	0,00	0,00	0,00	0,00
17.09.2026 11:29:52	0,17	0,09	0,07	0,06	0,04	0,02	0,04	0,03	0,07	0,11	0,03	0,33	0,27	0,26	0,50	0,55	0,91	0,46	0,80	1,67	3,02	4,50	0,00	25,05	22,87	37,75	0,00	0,00	0,00	0,00	0,00
17.09.2026 11:29:58	0,19	0,16	0,11	0,08	0,03	0,03	0,04	0,05	0,00	0,06	0,03	0,33	0,00	0,26	1,40	1,65	1,51	0,46	2,40	5,02	0,00	0,00	0,00	0,00	0,00	0,00	0,00	0,00	0,00	0,00	0,00
17.09.2026 11:30:04	0,17	0,11	0,09	0,10	0,03	0,02	0,02	0,08	0,00	0,02	0,06	0,20	0,00	1,28	0,00	0,37	0,00	0,93	2,40	1,67	3,02	0,00	0,00	0,00	22,87	0,00	0,00	0,00	0,00	0,00	0,00
17.09.2026 11:30:10	0,19	0,12	0,11	0,09	0,05	0,03	0,07	0,05	0,04	0,07	0,03	0,00	0,27	0,26	0,60	0,37	1,21	0,46	0,80	0,00	0,00	4,50	0,00	0,00	0,00	0,00	0,00	0,00	0,00	0,00	0,00
17.09.2026 11:30:16	0,19	0,15	0,10	0,10	0,04	0,03	0,05	0,04	0,03	0,07	0,00	0,33	0,00	0,26	0,00	0,00	0,00	0,00	0,00	1,67	3,02	4,50	0,00	0,00	22,87	0,00	57,98	0,00	0,00	0,00	0,00
17.09.2026 11:30:22	0,17	0,12	0,09	0,07	0,02	0,04	0,07	0,06	0,01	0,11	0,06	0,07	0,27	0,00	0,70	0,18	0,30	0,00	2,40	1,67	0,00	0,00	0,00	0,00	22,87	0,00	0,00	0,00	182,94	0,00	0,00
17.09.2026 11:30:28	0,19	0,12	0,13	0,08	0,04	0,02	0,08	0,08	0,01	0,09	0,19	0,13	0,00	0,00	0,00	0,37	0,30	0,46	1,60	1,67	3,02	0,00	0,00	25,05	0,00	0,00	0,00	0,00	0,00	0,00	0,00
17.09.2026 11:30:34	0,20	0,14	0,11	0,11	0,05	0,02	0,07	0,10	0,04	0,13	0,10	0,07	0,00	0,51	0,50	1,65	0,00	0,46	3,21	1,67	0,00	0,00	0,00	0,00	0,00	0,00	0,00	0,00	0,00	0,00	0,00
17.09.2026 11:30:40	0,19	0,13	0,08	0,09	0,05	0,02	0,10	0,03	0,03	0,02	0,06	0,07	0,00	0,51	0,00	0,00	0,00	0,93	0,00	1,67	0,00	0,00	0,00	12,52	0,00	0,00	0,00	0,00	0,00	0,00	345,74
17.09.2026 11:30:46	0,21	0,12	0,10	0,10	0,03	0,05	0,07	0,05	0,07	0,11	0,10	0,00	0,00	1,03	1,10	1,83	0,60	0,00	0,00	1,67	0,00	0,00	6,96	0,00	0,00	0,00	0,00	0,00	0,00	0,00	0,00
17.09.2026 11:30:52	0,18	0,10	0,11	0,11	0,04	0,02	0,04	0,03	0,04	0,06	0,00	0,07	0,00	0,00	1,30	1,65	0,60	0,93	1,60	1,67	0,00	4,50	0,00	0,00	0,00	0,00	0,00	0,00	0,00	0,00	0,00
17.09.2026 11:30:58	0,20	0,15	0,09	0,09	0,04	0,03	0,08	0,02	0,00	0,06	0,03	0,13	0,13	0,51	0,50	1,46	0,91	0,93	0,00	3,34	0,00	0,00	0,00	0,00	0,00	0,00	0,00	0,00	0,00	0,00	0,00
17.09.2026 11:31:04	0,20	0,12	0,10	0,10	0,04	0,03	0,06	0,08	0,03	0,06	0,06	0,27	0,27	0,51	0,10	0,37	0,60	0,46	1,60	1,67	0,00	0,00	6,96	0,00	0,00	0,00	0,00	0,00	0,00	0,00	0,00
17.09.2026 11:31:10	0,18	0,13	0,11	0,06	0,05	0,04	0,06	0,10	0,03	0,07	0,03	0,07	0,13	0,26	0,30	0,91	0,00	0,00	0,80	1,67	0,00	0,00	0,00	0,00	0,00	0,00	0,00	0,00	0,00	0,00	0,00
