<Header>
User name: 
Location: airlock
# of Location: 3
Model: 1.109
Serial No.: 9G070015
Firmware revision: 12.30E
Software revision: 1178 V8-26 (18--12-2023)
Unit: ug/m3
C-factor: 1,00
Comment: participant test
online data
<Data>
[d&t31.12.2035 11:50:55]	PM10 [ug/m3]	PM2,5 [ug/m3]	PM1 [ug/m3]	Inhalable [ug/m3]	Thoracic [ug/m3]	Alveolic [ug/m3]
17.09.2026 10:58:04	112,1	7,2	3,1	118,2	100,7	26,8
17.09.2026 10:58:10	95,8	10,0	2,8	164,8	92,7	23,8
17.09.2026 10:58:16	83,7	5,1	2,7	89,4	75,8	19,5
17.09.2026 10:58:22	91,6	10,4	2,7	128,7	91,4	24,2
17.09.2026 10:58:28	129,9	12,0	3,0	151,0	117,6	30,2
17.09.2026 10:58:34	92,5	8,0	2,9	98,9	81,8	21,3
17.09.2026 10:58:40	94,4	13,5	3,1	119,5	88,9	28,9
17.09.2026 10:58:46	102,4	7,6	2,8	210,3	110,3	20,8
17.09.2026 10:58:52	123,2	8,9	3,0	182,7	123,9	25,1
17.09.2026 10:58:58	100,6	10,2	2,6	149,8	105,2	26,2
17.09.2026 10:59:04	77,9	13,3	3,0	78,5	71,6	27,2
17.09.2026 10:59:10	92,6	9,7	3,1	94,0	81,9	24,2
17.09.2026 10:59:16	99,3	12,1	2,7	109,6	91,0	27,9
17.09.2026 10:59:22	118,6	5,5	2,5	232,0	131,6	18,2
17.09.2026 10:59:28	79,1	11,1	3,2	80,2	71,4	24,2
17.09.2026 10:59:34	114,8	12,8	3,2	162,2	112,0	28,4
17.09.2026 10:59:40	86,1	7,7	2,8	96,8	77,8	20,5
17.09.2026 10:59:46	52,9	13,9	3,0	74,6	58,2	26,8
17.09.2026 10:59:52	101,9	11,7	2,8	113,0	91,4	25,8
17.09.2026 10:59:58	65,5	9,9	2,9	66,2	59,9	21,6
17.09.2026 11:00:04	70,4	10,0	2,5	75,7	65,2	22,2
17.09.2026 11:00:10	79,9	16,0	3,2	90,2	74,5	28,4
17.09.2026 11:00:16	78,1	7,4	2,8	88,8	71,4	20,3
17.09.2026 11:00:22	82,3	11,8	3,0	88,4	74,5	25,5
17.09.2026 11:00:28	88,4	6,3	2,7	94,4	80,0	23,0
17.09.2026 11:00:34	36,1	10,2	2,5	36,1	35,4	19,3
17.09.2026 11:00:40	96,1	13,6	2,7	123,5	94,3	27,4
17.09.2026 11:00:46	65,5	7,3	1,8	71,2	58,7	17,2
17.09.2026 11:00:52	24,9	2,8	1,9	46,6	29,7	6,0
17.09.2026 11:00:58	34,8	9,1	1,7	34,8	32,6	14,6
17.09.2026 11:01:04	32,1	5,9	1,6	32,1	30,4	12,4
17.09.2026 11:01:10	43,5	4,7	1,7	44,2	38,2	11,0
17.09.2026 11:01:16	56,8	2,1	1,1	62,5	50,1	9,4
17.09.2026 11:01:22	24,4	2,3	1,2	51,4	28,5	5,7
17.09.2026 11:01:28	34,6	5,3	1,0	39,9	31,1	9,9
17.09.2026 11:01:34	24,5	3,3	0,7	29,5	22,7	6,1
17.09.2026 11:01:40	26,3	2,3	0,8	31,3	24,1	5,6
17.09.2026 11:01:46	8,9	5,6	0,8	8,9	8,9	6,7
17.09.2026 11:01:52	18,6	0,7	0,7	123,8	22,5	3,7
17.09.2026 11:01:58	7,0	1,9	0,5	7,0	6,9	3,8
17.09.2026 11:02:04	16,0	1,5	0,5	16,3	14,2	4,5
17.09.2026 11:02:10	6,4	0,7	0,4	6,4	6,3	2,5
17.09.2026 11:02:16	18,5	1,7	0,4	23,5	16,8	3,5
17.09.2026 11:02:22	9,0	2,1	0,5	9,0	8,8	4,5
17.09.2026 11:02:28	0,6	0,6	0,4	0,6	0,6	0,6
17.09.2026 11:02:34	17,6	0,2	0,2	17,9	14,9	1,8
17.09.2026 11:02:40	0,5	0,5	0,3	0,5	0,5	0,5
17.09.2026 11:02:46	7,1	1,3	0,4	7,1	6,3	2,1
17.09.2026 11:02:52	4,7	1,2	0,2	4,7	4,3	1,7
17.09.2026 11:02:58	3,3	0,5	0,1	3,3	3,2	1,4
17.09.2026 11:03:04	0,2	0,2	0,2	0,2	0,2	0,2
17.09.2026 11:03:10	0,4	0,4	0,1	0,4	0,4	0,4
17.09.2026 11:03:16	3,9	0,5	0,2	3,9	3,9	1,7
17.09.2026 11:03:22	0,1	0,1	0,1	0,1	0,1	0,1
17.09.2026 11:03:28	0,6	0,6	0,1	0,6	0,6	0,6
17.09.2026 11:03:34	0,7	0,6	0,1	0,7	0,7	0,7
17.09.2026 11:03:40	3,2	0,5	0,1	3,2	3,1	1,3
17.09.2026 11:03:46	0,1	0,1	0,1	0,1	0,1	0,1
17.09.2026 11:03:52	0,2	0,2	0,1	0,2	0,2	0,2
17.09.2026 11:03:58	0,1	0,1	0,1	0,1	0,1	0,1
17.09.2026 11:04:04	1,1	0,8	0,1	1,1	1,1	0,9
17.09.2026 11:04:10	0,1	0,1	0,1	0,1	0,1	0,1
17.09.2026 11:04:16	0,0	0,0	0,0	0,0	0,0	0,0
17.09.2026 11:04:22	0,1	0,1	0,1	0,1	0,1	0,1
17.09.2026 11:04:28	1,5	0,8	0,1	1,5	1,5	1,2
17.09.2026 11:04:34	0,0	0,0	0,0	0,0	0,0	0,0
17.09.2026 11:04:40	0,0	0,0	0,0	0,0	0,0	0,0
17.09.2026 11:04:46	0,0	0,0	0,0	0,0	0,0	0,0
17.09.2026 11:04:52	0,0	0,0	0,0	0,0	0,0	0,0
17.09.2026 11:04:58	0,0	0,0	0,0	0,0	0,0	0,0
17.09.2026 11:05:04	0,0	0,0	0,0	0,0	0,0	0,0
17.09.2026 11:05:10	0,0	0,0	0,0	0,0	0,0	0,0
17.09.2026 11:05:16	0,0	0,0	0,0	0,0	0,0	0,0
17.09.2026 11:05:22	0,0	0,0	0,0	0,0	0,0	0,0
17.09.2026 11:05:28	0,0	0,0	0,0	0,0	0,0	0,0
17.09.2026 11:05:34	0,0	0,0	0,0	0,0	0,0	0,0
17.09.2026 11:05:40	0,0	0,0	0,0	0,0	0,0	0,0
17.09.2026 11:05:46	0,0	0,0	0,0	0,0	0,0	0,0
17.09.2026 11:05:52	0,1	0,1	0,0	0,1	0,1	0,1
17.09.2026 11:05:58	0,7	0,6	0,0	0,7	0,7	0,6
17.09.2026 11:06:04	0,3	0,3	0,0	0,3	0,3	0,3
17.09.2026 11:06:10	0,0	0,0	0,0	0,0	0,0	0,0
17.09.2026 11:06:16	0,0	0,0	0,0	0,0	0,0	0,0
17.09.2026 11:06:22	0,0	0,0	0,0	0,0	0,0	0,0
17.09.2026 11:06:28	0,0	0,0	0,0	0,0	0,0	0,0
17.09.2026 11:06:34	0,0	0,0	0,0	0,0	0,0	0,0
17.09.2026 11:06:40	0,0	0,0	0,0	0,0	0,0	0,0
17.09.2026 11:06:46	0,0	0,0	0,0	0,0	0,0	0,0
17.09.2026 11:06:52	0,0	0,0	0,0	0,0	0,0	0,0
17.09.2026 11:06:58	0,0	0,0	0,0	0,0	0,0	0,0
17.09.2026 11:07:04	0,0	0,0	0,0	0,0	0,0	0,0
17.09.2026 11:07:10	0,0	0,0	0,0	0,0	0,0	0,0
17.09.2026 11:07:16	0,0	0,0	0,0	0,0	0,0	0,0
17.09.2026 11:07:22	0,0	0,0	0,0	0,0	0,0	0,0
17.09.2026 11:07:28	0,0	0,0	0,0	0,0	0,0	0,0
17.09.2026 11:07:34	0,0	0,0	0,0	0,0	0,0	0,0
17.09.2026 11:07:40	0,0	0,0	0,0	0,0	0,0	0,0
17.09.2026 11:07:46	0,0	0,0	0,0	0,0	0,0	0,0
17.09.2026 11:07:52	0,0	0,0	0,0	0,0	0,0	0,0
17.09.2026 11:07:58	0,0	0,0	0,0	0,0	0,0	0,0
17.09.2026 11:08:04	0,0	0,0	0,0	0,0	0,0	0,0
17.09.2026 11:08:10	0,0	0,0	0,0	0,0	0,0	0,0
17.09.2026 11:08:16	0,0	0,0	0,0	0,0	0,0	0,0
17.09.2026 11:08:22	0,0	0,0	0,0	0,0	0,0	0,0
17.09.2026 11:08:28	0,0	0,0	0,0	0,0	0,0	0,0
17.09.2026 11:08:34	0,0	0,0	0,0	0,0	0,0	0,0
17.09.2026 11:08:40	0,0	0,0	0,0	0,0	0,0	0,0
17.09.2026 11:08:46	0,0	0,0	0,0	0,0	0,0	0,0
17.09.2026 11:08:52	0,0	0,0	0,0	0,0	0,0	0,0
17.09.2026 11:08:58	0,0	0,0	0,0	0,0	0,0	0,0
17.09.2026 11:09:04	0,0	0,0	0,0	0,0	0,0	0,0
17.09.2026 11:09:10	0,0	0,0	0,0	0,0	0,0	0,0
17.09.2026 11:09:16	0,7	0,6	0,1	0,7	0,7	0,7
17.09.2026 11:09:22	0,0	0,0	0,0	0,0	0,0	0,0
17.09.2026 11:09:28	0,0	0,0	0,0	0,0	0,0	0,0
17.09.2026 11:09:34	0,0	0,0	0,0	0,0	0,0	0,0
17.09.2026 11:09:40	0,0	0,0	0,0	0,0	0,0	0,0
17.09.2026 11:09:46	0,0	0,0	0,0	0,0	0,0	0,0
17.09.2026 11:09:52	0,0	0,0	0,0	0,0	0,0	0,0
17.09.2026 11:09:58	0,0	0,0	0,0	0,0	0,0	0,0
17.09.2026 11:10:04	0,0	0,0	0,0	0,0	0,0	0,0
17.09.2026 11:10:10	0,0	0,0	0,0	0,0	0,0	0,0
17.09.2026 11:10:16	0,0	0,0	0,0	0,0	0,0	0,0
17.09.2026 11:10:22	0,0	0,0	0,0	0,0	0,0	0,0
17.09.2026 11:10:28	0,0	0,0	0,0	0,0	0,0	0,0
17.09.2026 11:10:34	0,0	0,0	0,0	0,0	0,0	0,0
17.09.2026 11:10:40	0,0	0,0	0,0	0,0	0,0	0,0
17.09.2026 11:10:46	0,0	0,0	0,0	0,0	0,0	0,0
17.09.2026 11:10:52	0,0	0,0	0,0	0,0	0,0	0,0
17.09.2026 11:10:58	0,0	0,0	0,0	0,0	0,0	0,0
17.09.2026 11:11:04	0,5	0,5	0,0	0,5	0,5	0,5
17.09.2026 11:11:10	0,0	0,0	0,0	0,0	0,0	0,0
17.09.2026 11:11:16	0,7	0,6	0,0	0,7	0,7	0,6
17.09.2026 11:11:22	0,0	0,0	0,0	0,0	0,0	0,0
17.09.2026 11:11:28	0,0	0,0	0,0	0,0	0,0	0,0
17.09.2026 11:11:34	0,0	0,0	0,0	0,0	0,0	0,0
17.09.2026 11:11:40	0,0	0,0	0,0	0,0	0,0	0,0
17.09.2026 11:11:46	0,0	0,0	0,0	0,0	0,0	0,0
17.09.2026 11:11:52	0,0	0,0	0,0	0,0	0,0	0,0
17.09.2026 11:11:58	0,0	0,0	0,0	0,0	0,0	0,0
17.09.2026 11:12:04	0,0	0,0	0,0	0,0	0,0	0,0
17.09.2026 11:12:10	0,0	0,0	0,0	0,0	0,0	0,0
17.09.2026 11:12:16	0,0	0,0	0,0	0,0	0,0	0,0
17.09.2026 11:12:22	0,0	0,0	0,0	0,0	0,0	0,0
17.09.2026 11:12:28	0,0	0,0	0,0	0,0	0,0	0,0
17.09.2026 11:12:34	0,0	0,0	0,0	0,0	0,0	0,0
17.09.2026 11:12:40	0,0	0,0	0,0	0,0	0,0	0,0
17.09.2026 11:12:46	0,0	0,0	0,0	0,0	0,0	0,0
17.09.2026 11:12:52	0,0	0,0	0,0	0,0	0,0	0,0
17.09.2026 11:12:58	0,0	0,0	0,0	0,0	0,0	0,0
17.09.2026 11:13:04	0,0	0,0	0,0	0,0	0,0	0,0
17.09.2026 11:13:10	0,0	0,0	0,0	0,0	0,0	0,0
17.09.2026 11:13:16	0,0	0,0	0,0	0,0	0,0	0,0
17.09.2026 11:13:22	0,0	0,0	0,0	0,0	0,0	0,0
17.09.2026 11:13:28	0,0	0,0	0,0	0,0	0,0	0,0
17.09.2026 11:13:34	0,0	0,0	0,0	0,0	0,0	0,0
17.09.2026 11:13:40	0,0	0,0	0,0	0,0	0,0	0,0
17.09.2026 11:13:46	0,0	0,0	0,0	0,0	0,0	0,0
17.09.2026 11:13:52	0,0	0,0	0,0	0,0	0,0	0,0
17.09.2026 11:13:58	0,0	0,0	0,0	0,0	0,0	0,0
17.09.2026 11:14:04	0,0	0,0	0,0	0,0	0,0	0,0
17.09.2026 11:14:10	0,0	0,0	0,0	0,0	0,0	0,0
17.09.2026 11:14:16	0,0	0,0	0,0	0,0	0,0	0,0
17.09.2026 11:14:22	0,0	0,0	0,0	0,0	0,0	0,0
17.09.2026 11:14:28	0,0	0,0	0,0	0,0	0,0	0,0
17.09.2026 11:14:34	0,0	0,0	0,0	0,0	0,0	0,0
17.09.2026 11:14:40	0,0	0,0	0,0	0,0	0,0	0,0
17.09.2026 11:14:46	0,0	0,0	0,0	0,0	0,0	0,0
17.09.2026 11:14:52	0,7	0,6	0,0	0,7	0,7	0,6
17.09.2026 11:14:58	0,1	0,1	0,1	0,1	0,1	0,1
17.09.2026 11:15:04	0,1	0,1	0,1	0,1	0,1	0,1
17.09.2026 11:15:10	16,2	0,9	0,2	16,9	12,9	2,2
17.09.2026 11:15:16	14,4	1,6	0,3	114,6	18,0	3,5
17.09.2026 11:15:22	16,0	0,2	0,2	16,7	12,6	1,4
17.09.2026 11:15:28	15,3	2,3	0,2	20,3	13,6	3,1
17.09.2026 11:15:34	49,9	1,4	0,3	60,6	42,7	4,5
17.09.2026 11:15:40	3,3	2,2	0,3	174,5	33,5	2,8
17.09.2026 11:15:46	21,1	2,2	0,2	91,3	40,0	4,9
17.09.2026 11:15:52	13,1	2,3	0,2	13,1	11,9	4,0
17.09.2026 11:15:58	27,2	0,5	0,3	37,2	24,9	3,5
17.09.2026 11:16:04	5,2	2,9	0,3	42,9	12,9	3,9
17.09.2026 11:16:10	30,6	2,0	0,4	74,7	38,9	4,1
17.09.2026 11:16:16	2,3	1,1	0,2	77,8	17,8	1,7
17.09.2026 11:16:22	14,0	1,8	0,3	35,7	20,1	4,7
17.09.2026 11:16:28	3,5	1,1	0,3	3,5	3,5	2,2
17.09.2026 11:16:34	4,5	0,4	0,2	4,5	4,4	1,5
17.09.2026 11:16:40	5,1	1,7	0,3	5,1	5,0	3,2
17.09.2026 11:16:46	27,9	2,3	0,2	38,3	24,5	4,1
17.09.2026 11:16:52	11,5	1,4	0,2	11,5	10,6	3,5
17.09.2026 11:16:58	21,3	0,2	0,2	289,0	35,9	2,4
17.09.2026 11:17:04	0,4	0,4	0,2	0,4	0,4	0,4
17.09.2026 11:17:10	5,0	1,5	0,2	5,0	4,9	2,7
17.09.2026 11:17:16	10,4	0,9	0,2	10,7	8,7	2,0
17.09.2026 11:17:22	14,2	0,3	0,2	14,6	11,7	1,6
17.09.2026 11:17:28	0,5	0,5	0,2	0,5	0,5	0,5
17.09.2026 11:17:34	15,1	2,0	0,2	20,1	13,4	2,8
17.09.2026 11:17:40	0,3	0,3	0,2	0,3	0,3	0,3
17.09.2026 11:17:46	0,7	0,7	0,2	0,7	0,7	0,7
17.09.2026 11:17:52	5,6	0,8	0,1	5,6	5,3	1,9
17.09.2026 11:17:58	0,2	0,2	0,2	0,2	0,2	0,2
17.09.2026 11:18:04	13,6	2,3	0,2	297,8	20,4	3,1
17.09.2026 11:18:10	13,7	0,4	0,2	14,0	11,6	1,8
17.09.2026 11:18:16	6,6	0,3	0,1	6,6	6,2	2,1
17.09.2026 11:18:22	19,3	1,0	0,2	24,3	16,8	2,4
17.09.2026 11:18:28	0,1	0,1	0,1	0,1	0,1	0,1
17.09.2026 11:18:34	2,6	0,7	0,1	2,6	2,5	1,2
17.09.2026 11:18:40	7,2	0,5	0,2	7,5	5,5	0,7
17.09.2026 11:18:46	0,3	0,3	0,3	0,3	0,3	0,3
17.09.2026 11:18:52	17,8	1,7	0,1	23,1	15,3	2,9
17.09.2026 11:18:58	4,7	1,3	0,3	4,7	4,6	2,5
17.09.2026 11:19:04	8,4	1,3	0,2	8,8	6,8	1,7
17.09.2026 11:19:10	13,2	0,2	0,2	18,2	12,0	1,7
17.09.2026 11:19:16	12,1	0,9	0,1	12,1	10,5	2,4
17.09.2026 11:19:22	12,6	2,9	0,2	12,9	10,9	4,1
17.09.2026 11:19:28	0,3	0,3	0,1	0,3	0,3	0,3
17.09.2026 11:19:34	7,5	0,3	0,2	7,5	7,0	1,7
17.09.2026 11:19:40	0,1	0,1	0,1	0,1	0,1	0,1
17.09.2026 11:19:46	8,4	0,8	0,3	13,4	7,5	0,9
17.09.2026 11:19:52	2,5	0,9	0,2	24,2	9,2	1,2
17.09.2026 11:19:58	3,3	1,0	0,2	3,3	3,3	2,0
17.09.2026 11:20:04	13,9	1,9	0,1	13,9	12,7	4,1
17.09.2026 11:20:10	4,5	0,9	0,2	4,5	4,2	1,5
17.09.2026 11:20:16	11,0	1,2	0,2	11,0	10,0	2,8
17.09.2026 11:20:22	14,6	2,4	0,2	15,0	12,6	3,7
17.09.2026 11:20:28	29,6	2,4	0,3	30,6	23,9	4,5
17.09.2026 11:20:34	0,6	0,6	0,3	0,6	0,6	0,6
17.09.2026 11:20:40	15,8	0,6	0,2	16,5	12,5	1,5
17.09.2026 11:20:46	0,3	0,3	0,2	0,3	0,3	0,3
17.09.2026 11:20:52	18,8	1,5	0,2	19,5	15,2	2,7
17.09.2026 11:20:58	2,4	1,0	0,3	2,4	2,4	1,7
17.09.2026 11:21:04	0,4	0,4	0,3	0,4	0,4	0,4
17.09.2026 11:21:10	0,4	0,4	0,2	0,4	0,4	0,4
17.09.2026 11:21:16	2,2	1,5	0,2	102,3	7,4	1,8
17.09.2026 11:21:22	6,9	1,9	0,2	6,9	6,6	3,1
17.09.2026 11:21:28	7,9	0,6	0,2	7,9	7,0	1,7
17.09.2026 11:21:34	8,7	0,7	0,1	13,7	7,9	1,0
17.09.2026 11:21:40	6,8	1,2	0,2	28,5	13,3	2,5
17.09.2026 11:21:46	7,3	2,6	0,3	7,3	7,2	4,3
17.09.2026 11:21:52	1,4	1,2	0,2	1,4	1,4	1,3
17.09.2026 11:21:58	0,2	0,2	0,2	0,2	0,2	0,2
17.09.2026 11:22:04	10,3	0,6	0,2	10,6	8,3	1,2
17.09.2026 11:22:10	2,9	1,1	0,2	2,9	2,8	1,9
17.09.2026 11:22:16	0,1	0,1	0,1	0,1	0,1	0,1
17.09.2026 11:22:22	2,1	1,8	0,2	2,1	2,1	2,0
17.09.2026 11:22:28	2,4	0,6	0,1	2,4	2,4	1,4
17.09.2026 11:22:34	0,1	0,1	0,1	0,1	0,1	0,1
17.09.2026 11:22:40	11,7	1,2	0,2	16,7	10,8	2,2
17.09.2026 11:22:46	22,5	0,1	0,1	23,2	18,1	1,5
17.09.2026 11:22:52	12,4	2,1	0,2	12,4	11,2	3,6
17.09.2026 11:22:58	8,2	0,8	0,1	8,2	7,4	2,4
17.09.2026 11:23:04	2,5	0,7	0,1	2,5	2,4	1,1
17.09.2026 11:23:10	22,4	0,5	0,2	32,4	20,1	1,8
17.09.2026 11:23:16	11,3	2,2	0,3	11,3	10,8	4,2
17.09.2026 11:23:22	3,6	0,8	0,2	3,6	3,6	1,7
17.09.2026 11:23:28	2,7	0,8	0,1	2,7	2,6	1,3
17.09.2026 11:23:34	3,5	1,3	0,2	3,5	3,5	1,9
17.09.2026 11:23:40	4,0	1,2	0,2	4,0	3,9	2,1
17.09.2026 11:23:46	5,2	0,5	0,1	5,2	4,8	1,6
17.09.2026 11:23:52	0,5	0,5	0,2	0,5	0,5	0,5
17.09.2026 11:23:58	1,5	1,2	0,3	1,5	1,5	1,3
17.09.2026 11:24:04	14,4	0,2	0,1	14,7	11,6	1,0
17.09.2026 11:24:10	0,4	0,4	0,2	0,4	0,4	0,4
17.09.2026 11:24:16	2,6	1,5	0,2	2,6	2,6	2,0
17.09.2026 11:24:22	5,3	2,7	0,1	5,3	5,2	3,5
17.09.2026 11:24:28	0,2	0,2	0,1	0,2	0,2	0,2
17.09.2026 11:24:34	13,2	0,7	0,2	13,2	11,5	2,4
17.09.2026 11:24:40	0,1	0,1	0,1	0,1	0,1	0,1
17.09.2026 11:24:46	3,3	1,2	0,2	3,3	3,3	2,1
17.09.2026 11:24:52	8,1	1,1	0,2	8,5	6,5	1,5
17.09.2026 11:24:58	0,6	0,6	0,2	0,6	0,6	0,6
17.09.2026 11:25:04	0,4	0,4	0,1	0,4	0,4	0,3
17.09.2026 11:25:10	16,7	2,2	0,2	17,4	13,5	3,1
17.09.2026 11:25:16	2,8	0,7	0,2	2,8	2,7	1,3
17.09.2026 11:25:22	0,2	0,2	0,1	0,2	0,2	0,2
17.09.2026 11:25:28	3,3	0,8	0,2	3,3	3,3	1,5
17.09.2026 11:25:34	0,4	0,4	0,2	0,4	0,4	0,4
17.09.2026 11:25:40	5,8	0,9	0,2	5,8	5,4	1,7
17.09.2026 11:25:46	8,7	0,8	0,2	13,7	7,8	1,1
17.09.2026 11:25:52	3,3	0,6	0,2	3,3	3,2	1,4
17.09.2026 11:25:58	3,0	1,3	0,1	3,0	3,0	2,1
17.09.2026 11:26:04	11,9	1,1	0,2	11,9	10,8	3,0
17.09.2026 11:26:10	12,8	0,8	0,1	17,8	11,8	2,1
17.09.2026 11:26:16	0,1	0,1	0,1	0,1	0,1	0,1
17.09.2026 11:26:22	5,1	1,0	0,1	5,1	4,8	1,8
17.09.2026 11:26:28	10,6	1,6	0,2	11,0	8,9	2,5
17.09.2026 11:26:34	5,9	0,5	0,2	5,9	5,1	1,2
17.09.2026 11:26:40	4,8	0,4	0,1	4,8	4,6	1,6
17.09.2026 11:26:46	2,4	1,3	0,2	2,4	2,4	1,8
17.09.2026 11:26:52	4,1	0,5	0,1	4,1	4,0	1,4
17.09.2026 11:26:58	0,3	0,3	0,2	0,3	0,3	0,3
17.09.2026 11:27:04	0,2	0,2	0,2	0,2	0,2	0,2
17.09.2026 11:27:10	0,1	0,1	0,1	0,1	0,1	0,1
17.09.2026 11:27:16	9,8	1,5	0,2	10,2	8,2	2,5
17.09.2026 11:27:22	7,8	0,5	0,2	7,8	6,9	1,7
17.09.2026 11:27:28	4,0	1,0	0,2	4,0	3,9	2,0
17.09.2026 11:27:34	12,1	0,9	0,1	17,1	11,0	1,6
17.09.2026 11:27:40	0,1	0,1	0,1	0,1	0,1	0,1
17.09.2026 11:27:46	5,0	2,4	0,2	5,0	5,0	3,6
17.09.2026 11:27:52	10,3	3,9	0,3	10,3	9,5	5,0
17.09.2026 11:27:58	0,2	0,2	0,2	0,2	0,2	0,2
17.09.2026 11:28:04	0,3	0,3	0,2	0,3	0,3	0,3
17.09.2026 11:28:10	1,6	1,1	0,2	1,6	1,6	1,3
17.09.2026 11:28:16	6,2	0,5	0,1	6,2	5,4	1,3
17.09.2026 11:28:22	2,8	1,6	0,3	2,8	2,8	2,1
17.09.2026 11:28:28	0,5	0,5	0,2	0,5	0,5	0,5
17.09.2026 11:28:34	4,7	0,5	0,1	26,4	11,0	0,9
17.09.2026 11:28:40	13,9	2,1	0,6	18,9	12,7	3,1
17.09.2026 11:28:46	1,4	1,4	0,8	1,4	1,4	1,4
17.09.2026 11:28:52	8,3	2,9	1,1	8,3	7,5	3,6
17.09.2026 11:28:58	3,3	2,2	1,2	3,3	3,3	2,7
17.09.2026 11:29:04	5,5	3,4	1,3	5,5	5,5	4,3
17.09.2026 11:29:10	1,8	1,8	1,3	1,8	1,8	1,7
17.09.2026 11:29:16	6,4	3,8	1,4	6,4	6,3	4,6
17.09.2026 11:29:22	3,4	2,2	1,3	3,4	3,4	2,8
17.09.2026 11:29:28	5,6	2,2	1,6	27,4	12,2	2,9
17.09.2026 11:29:34	11,5	3,0	1,5	16,5	10,6	3,5
17.09.2026 11:29:40	31,3	5,1	1,9	53,3	34,8	9,4
17.09.2026 11:29:46	21,7	2,8	1,5	26,7	20,0	4,8
17.09.2026 11:29:52	31,1	4,0	1,9	100,6	42,7	6,0
17.09.2026 11:29:58	14,9	5,9	2,0	14,9	14,7	8,8
17.09.2026 11:30:04	12,7	3,7	1,8	34,4	18,9	5,8
17.09.2026 11:30:10	10,4	4,0	2,0	10,4	9,6	5,2
17.09.2026 11:30:16	12,8	2,5	2,1	92,5	25,2	3,5
17.09.2026 11:30:22	8,6	3,1	1,9	213,2	18,2	4,7
17.09.2026 11:30:28	24,7	2,8	2,2	34,7	22,6	4,7
17.09.2026 11:30:34	10,3	4,6	2,3	10,3	10,2	6,8
17.09.2026 11:30:40	12,6	2,8	2,0	363,3	13,9	3,5
17.09.2026 11:30:46	15,1	5,9	2,3	15,4	13,4	6,9
17.09.2026 11:30:52	14,1	4,8	1,8	14,1	13,2	6,8
17.09.2026 11:30:58	9,9	5,0	2,1	9,9	9,7	6,5
17.09.2026 11:31:04	14,5	3,9	2,2	14,8	12,8	5,5
17.09.2026 11:31:10	6,0	3,3	2,0	6,0	6,0	4,2
