<Header>
User name: 
Location: probe cabin
# of Location: 2
Model: 11-D
Serial No.: 11D20167
Firmware revision: 12.50E
Software revision: 1179-V2-10 (23-01-2023)
Unit: Counts, dN [1/l]
C-factor: 1,00
location factor: 1,00
Comment: participant test
online data
<Data>
[d&t31.12.2035 11:50:55]	0,253 um	0,298 um	0,352 um	0,414 um	0,488 um	0,576 um	0,679 um	0,800 um	0,943 um	1,112 um	1,310 um	1,545 um	1,821 um	2,146 um	2,530 um	2,982 um	3,515 um	4,144 um	4,884 um	5,757 um	6,787 um	8,000 um	9,430 um	11,12 um	13,10 um	15,45 um	18,21 um	21,46 um	25,30 um	29,82 um	35,15 um
17.09.2026 10:47:38	23950,0	7480,0	3120,0	1700,0	910,0	750,0	700,0	450,0	450,0	700,0	560,0	750,0	1050,0	1450,0	2040,0	1700,0	1390,0	1080,0	740,0	660,0	410,0	230,0	240,0	190,0	90,0	50,0	20,0	20,0	0,0	0,0	0,0
17.09.2026 10:47:44	24750,0	7790,0	2960,0	1450,0	560,0	1400,0	900,0	450,0	500,0	660,0	750,0	600,0	1150,0	950,0	1640,0	1040,0	1170,0	1190,0	1060,0	800,0	450,0	250,0	220,0	200,0	140,0	30,0	20,0	0,0	0,0	0,0	0,0
17.09.2026 10:47:50	21360,0	8090,0	3460,0	1260,0	700,0	700,0	650,0	300,0	350,0	460,0	700,0	550,0	750,0	1350,0	1500,0	1380,0	1430,0	1250,0	990,0	790,0	600,0	240,0	330,0	190,0	80,0	30,0	30,0	20,0	0,0	0,0	0,0
17.09.2026 10:47:56	23150,0	8240,0	3360,0	1510,0	1100,0	500,0	660,0	500,0	200,0	500,0	750,0	800,0	1160,0	1400,0	2090,0	1950,0	1570,0	1210,0	840,0	550,0	660,0	280,0	320,0	210,0	130,0	30,0	60,0	10,0	0,0	0,0	0,0
17.09.2026 10:48:02	24330,0	7130,0	2960,0	1360,0	750,0	800,0	500,0	500,0	510,0	450,0	650,0	750,0	850,0	850,0	1340,0	1400,0	1340,0	1170,0	1010,0	670,0	560,0	240,0	240,0	130,0	70,0	10,0	20,0	10,0	0,0	0,0	0,0
17.09.2026 10:48:08	22410,0	7130,0	2910,0	1710,0	700,0	750,0	300,0	210,0	650,0	400,0	400,0	600,0	700,0	1150,0	1710,0	1250,0	1370,0	1160,0	720,0	590,0	550,0	300,0	320,0	180,0	140,0	0,0	20,0	0,0	0,0	0,0	0,0
17.09.2026 10:48:14	23090,0	9350,0	3410,0	1500,0	1210,0	450,0	900,0	200,0	550,0	360,0	600,0	950,0	1000,0	1000,0	1500,0	1220,0	1590,0	1180,0	880,0	740,0	650,0	280,0	320,0	190,0	70,0	20,0	10,0	10,0	0,0	0,0	0,0
17.09.2026 10:48:20	24590,0	7230,0	3410,0	1110,0	950,0	600,0	750,0	500,0	510,0	550,0	500,0	750,0	900,0	1250,0	1320,0	1070,0	1290,0	1180,0	1020,0	700,0	500,0	210,0	310,0	220,0	60,0	20,0	0,0	0,0	0,0	10,0	0,0
17.09.2026 10:48:26	22780,0	7940,0	3510,0	1760,0	750,0	650,0	600,0	400,0	400,0	410,0	800,0	800,0	750,0	1250,0	1710,0	1460,0	1160,0	960,0	880,0	590,0	630,0	280,0	320,0	210,0	60,0	20,0	20,0	10,0	0,0	0,0	0,0
17.09.2026 10:48:32	24280,0	8330,0	3010,0	1200,0	350,0	810,0	650,0	450,0	350,0	700,0	500,0	700,0	650,0	660,0	1730,0	1920,0	510,0	670,0	520,0	430,0	330,0	170,0	190,0	140,0	120,0	50,0	10,0	0,0	10,0	0,0	0,0
17.09.2026 10:48:38	22790,0	6870,0	2910,0	1100,0	600,0	300,0	400,0	200,0	400,0	250,0	310,0	200,0	650,0	800,0	590,0	470,0	950,0	790,0	730,0	620,0	500,0	290,0	240,0	100,0	70,0	40,0	10,0	0,0	0,0	0,0	0,0
17.09.2026 10:48:44	23270,0	7830,0	2810,0	1550,0	560,0	750,0	450,0	150,0	350,0	350,0	500,0	750,0	550,0	800,0	1400,0	1370,0	1260,0	930,0	750,0	490,0	560,0	250,0	180,0	150,0	100,0	20,0	0,0	0,0	0,0	0,0	0,0
17.09.2026 10:48:50	24330,0	6730,0	2710,0	1550,0	700,0	550,0	1060,0	450,0	600,0	300,0	400,0	400,0	950,0	1160,0	1080,0	910,0	1280,0	1160,0	780,0	560,0	600,0	310,0	230,0	70,0	50,0	20,0	0,0	0,0	0,0	0,0	0,0
17.09.2026 10:48:56	21710,0	7330,0	3660,0	1510,0	650,0	900,0	550,0	610,0	250,0	550,0	350,0	1050,0	750,0	1400,0	1380,0	1040,0	1280,0	960,0	850,0	610,0	440,0	240,0	220,0	160,0	80,0	20,0	30,0	0,0	0,0	0,0	0,0
17.09.2026 10:49:02	23730,0	8340,0	3310,0	1250,0	500,0	350,0	660,0	450,0	450,0	650,0	400,0	750,0	800,0	950,0	1380,0	1200,0	1090,0	1160,0	810,0	680,0	510,0	260,0	220,0	130,0	70,0	70,0	20,0	10,0	0,0	0,0	0,0
17.09.2026 10:49:08	22780,0	7590,0	3410,0	1200,0	610,0	800,0	850,0	450,0	400,0	400,0	760,0	600,0	1050,0	1100,0	2010,0	2000,0	1150,0	1010,0	750,0	560,0	630,0	270,0	230,0	190,0	70,0	60,0	10,0	20,0	0,0	0,0	0,0
17.09.2026 10:49:14	20690,0	6320,0	2760,0	1550,0	1060,0	700,0	700,0	500,0	300,0	250,0	550,0	650,0	960,0	1300,0	600,0	620,0	1190,0	850,0	750,0	480,0	480,0	210,0	180,0	130,0	60,0	70,0	30,0	0,0	0,0	0,0	0,0
17.09.2026 10:49:20	21810,0	7880,0	3820,0	900,0	950,0	1010,0	600,0	350,0	450,0	450,0	750,0	850,0	750,0	1360,0	1220,0	1240,0	950,0	890,0	660,0	480,0	400,0	190,0	220,0	140,0	120,0	40,0	0,0	0,0	0,0	0,0	0,0
17.09.2026 10:49:26	23010,0	7130,0	3010,0	950,0	710,0	450,0	550,0	500,0	450,0	150,0	500,0	650,0	1000,0	960,0	1570,0	1250,0	950,0	780,0	660,0	570,0	350,0	240,0	210,0	190,0	50,0	60,0	10,0	0,0	10,0	0,0	0,0
17.09.2026 10:49:32	24070,0	6870,0	3060,0	1460,0	550,0	600,0	850,0	500,0	200,0	400,0	250,0	700,0	500,0	1160,0	1090,0	940,0	930,0	890,0	690,0	530,0	340,0	200,0	220,0	110,0	40,0	10,0	10,0	0,0	0,0	0,0	0,0
17.09.2026 10:49:38	22740,0	6180,0	2750,0	1460,0	500,0	800,0	700,0	400,0	550,0	300,0	660,0	750,0	400,0	900,0	290,0	530,0	930,0	940,0	720,0	450,0	310,0	260,0	250,0	170,0	90,0	0,0	0,0	10,0	0,0	0,0	0,0
17.09.2026 10:49:44	23610,0	6170,0	3110,0	1560,0	650,0	450,0	500,0	450,0	300,0	600,0	600,0	650,0	500,0	1010,0	1200,0	1000,0	820,0	1030,0	710,0	470,0	470,0	260,0	140,0	200,0	60,0	40,0	0,0	0,0	0,0	0,0	0,0
17.09.2026 10:49:50	23260,0	7030,0	2400,0	1610,0	600,0	750,0	600,0	750,0	300,0	300,0	600,0	400,0	1010,0	800,0	420,0	560,0	930,0	920,0	810,0	660,0	510,0	180,0	200,0	80,0	90,0	20,0	20,0	0,0	0,0	0,0	0,0
17.09.2026 10:49:56	22200,0	6880,0	3660,0	1200,0	510,0	700,0	550,0	450,0	250,0	600,0	350,0	400,0	800,0	960,0	1480,0	1220,0	950,0	850,0	690,0	550,0	340,0	200,0	260,0	100,0	40,0	20,0	30,0	20,0	0,0	0,0	0,0
17.09.2026 10:50:02	22050,0	6620,0	2810,0	1110,0	1200,0	900,0	300,0	500,0	300,0	500,0	350,0	400,0	450,0	710,0	1100,0	1340,0	980,0	800,0	660,0	470,0	370,0	170,0	160,0	250,0	90,0	0,0	0,0	10,0	0,0	0,0	0,0
17.09.2026 10:50:08	23700,0	6380,0	2500,0	1310,0	800,0	900,0	700,0	100,0	350,0	350,0	400,0	700,0	760,0	800,0	460,0	990,0	840,0	960,0	710,0	470,0	400,0	270,0	220,0	120,0	60,0	30,0	20,0	0,0	0,0	0,0	0,0
17.09.2026 10:50:14	22860,0	6130,0	3460,0	1250,0	600,0	560,0	250,0	600,0	300,0	550,0	450,0	700,0	600,0	1100,0	1830,0	1530,0	860,0	730,0	790,0	490,0	330,0	250,0	230,0	130,0	80,0	40,0	0,0	20,0	0,0	0,0	0,0
17.09.2026 10:50:20	21940,0	6270,0	3410,0	1300,0	450,0	550,0	200,0	500,0	250,0	250,0	400,0	510,0	400,0	750,0	1060,0	820,0	740,0	740,0	610,0	530,0	360,0	180,0	170,0	140,0	120,0	20,0	10,0	0,0	0,0	0,0	0,0
17.09.2026 10:50:26	21240,0	7030,0	2500,0	1610,0	750,0	600,0	650,0	450,0	200,0	300,0	450,0	860,0	750,0	600,0	250,0	420,0	1240,0	850,0	780,0	610,0	480,0	250,0	170,0	160,0	40,0	50,0	0,0	0,0	0,0	0,0	0,0
17.09.2026 10:50:32	23160,0	6930,0	2900,0	1210,0	900,0	550,0	600,0	650,0	150,0	350,0	450,0	600,0	660,0	600,0	970,0	1010,0	800,0	790,0	810,0	550,0	470,0	170,0	300,0	180,0	90,0	50,0	10,0	0,0	0,0	0,0	0,0
17.09.2026 10:50:38	22110,0	7370,0	3010,0	1360,0	1050,0	800,0	600,0	250,0	550,0	350,0	450,0	500,0	660,0	1000,0	970,0	750,0	740,0	670,0	670,0	570,0	410,0	310,0	190,0	90,0	40,0	30,0	10,0	0,0	0,0	0,0	0,0
17.09.2026 10:50:44	23200,0	6580,0	3260,0	1250,0	550,0	750,0	250,0	350,0	450,0	300,0	350,0	200,0	860,0	900,0	720,0	830,0	890,0	820,0	700,0	560,0	400,0	310,0	230,0	140,0	40,0	70,0	20,0	10,0	0,0	10,0	0,0
17.09.2026 10:50:50	22040,0	5920,0	3510,0	1110,0	750,0	800,0	300,0	400,0	350,0	300,0	600,0	250,0	810,0	700,0	1010,0	1110,0	780,0	780,0	640,0	560,0	440,0	240,0	300,0	80,0	90,0	10,0	10,0	0,0	0,0	0,0	0,0
17.09.2026 10:50:56	21480,0	7230,0	2310,0	1350,0	850,0	750,0	550,0	650,0	150,0	150,0	300,0	560,0	350,0	650,0	1050,0	1180,0	700,0	700,0	530,0	470,0	370,0	100,0	160,0	160,0	90,0	30,0	10,0	0,0	0,0	0,0	0,0
17.09.2026 10:51:02	23960,0	7380,0	2710,0	1050,0	900,0	800,0	650,0	550,0	150,0	200,0	450,0	310,0	500,0	700,0	910,0	910,0	780,0	840,0	720,0	460,0	440,0	230,0	230,0	220,0	60,0	20,0	10,0	20,0	0,0	0,0	0,0
17.09.2026 10:51:08	22190,0	7130,0	2610,0	1250,0	450,0	550,0	500,0	600,0	300,0	350,0	500,0	300,0	760,0	800,0	870,0	880,0	800,0	850,0	610,0	490,0	390,0	220,0	200,0	130,0	50,0	40,0	20,0	0,0	0,0	0,0	0,0
17.09.2026 10:51:14	23510,0	8330,0	2860,0	1400,0	800,0	400,0	300,0	250,0	150,0	400,0	310,0	250,0	200,0	1150,0	680,0	720,0	960,0	710,0	650,0	520,0	340,0	170,0	220,0	130,0	90,0	30,0	30,0	0,0	0,0	0,0	0,0
17.09.2026 10:51:20	24500,0	6470,0	2510,0	1450,0	600,0	650,0	500,0	410,0	350,0	150,0	400,0	500,0	500,0	950,0	300,0	720,0	870,0	550,0	690,0	340,0	280,0	160,0	120,0	90,0	50,0	20,0	10,0	0,0	0,0	0,0	0,0
17.09.2026 10:51:26	21280,0	7430,0	3010,0	1400,0	800,0	550,0	450,0	350,0	350,0	350,0	210,0	300,0	750,0	600,0	1290,0	890,0	690,0	760,0	500,0	400,0	290,0	110,0	160,0	70,0	30,0	30,0	30,0	0,0	0,0	0,0	0,0
17.09.2026 10:51:32	23400,0	6570,0	2660,0	1150,0	600,0	900,0	450,0	350,0	350,0	400,0	150,0	410,0	900,0	850,0	650,0	790,0	920,0	740,0	600,0	700,0	310,0	180,0	140,0	40,0	40,0	20,0	0,0	10,0	10,0	0,0	0,0
17.09.2026 10:51:38	22760,0	6720,0	3560,0	1510,0	500,0	900,0	400,0	200,0	300,0	800,0	450,0	500,0	510,0	1200,0	1170,0	1280,0	740,0	720,0	600,0	420,0	300,0	220,0	200,0	130,0	20,0	50,0	0,0	0,0	0,0	0,0	0,0
17.09.2026 10:51:44	21720,0	6070,0	2250,0	950,0	500,0	750,0	260,0	500,0	350,0	350,0	350,0	450,0	850,0	600,0	0,0	0,0	830,0	830,0	540,0	360,0	330,0	230,0	230,0	40,0	20,0	10,0	20,0	10,0	0,0	0,0	0,0
17.09.2026 10:51:50	23260,0	7120,0	3110,0	1250,0	750,0	200,0	400,0	400,0	350,0	300,0	360,0	400,0	950,0	800,0	1000,0	810,0	850,0	590,0	450,0	450,0	280,0	110,0	110,0	70,0	20,0	30,0	20,0	0,0	10,0	0,0	0,0
17.09.2026 10:51:56	22180,0	6170,0	2400,0	1350,0	500,0	610,0	200,0	50,0	200,0	450,0	450,0	500,0	400,0	500,0	700,0	750,0	590,0	640,0	420,0	320,0	280,0	150,0	120,0	40,0	30,0	10,0	0,0	0,0	0,0	0,0	0,0
17.09.2026 10:52:02	23090,0	6720,0	3160,0	1650,0	550,0	610,0	250,0	0,0	300,0	350,0	200,0	450,0	550,0	550,0	670,0	730,0	640,0	570,0	390,0	420,0	190,0	190,0	150,0	50,0	10,0	30,0	10,0	0,0	0,0	0,0	0,0
17.09.2026 10:52:08	21590,0	7780,0	2710,0	1450,0	550,0	600,0	650,0	350,0	200,0	700,0	510,0	500,0	550,0	900,0	990,0	1030,0	720,0	600,0	470,0	430,0	290,0	120,0	170,0	90,0	10,0	50,0	10,0	10,0	10,0	0,0	0,0
17.09.2026 10:52:14	22380,0	6720,0	2860,0	750,0	650,0	600,0	710,0	350,0	200,0	300,0	300,0	950,0	500,0	650,0	360,0	400,0	650,0	580,0	610,0	420,0	320,0	130,0	160,0	80,0	30,0	0,0	0,0	10,0	0,0	0,0	0,0
17.09.2026 10:52:20	21430,0	7320,0	2660,0	1750,0	650,0	300,0	500,0	360,0	150,0	350,0	400,0	250,0	600,0	700,0	650,0	650,0	720,0	560,0	610,0	390,0	270,0	120,0	210,0	110,0	70,0	30,0	10,0	0,0	0,0	0,0	0,0
17.09.2026 10:52:26	19970,0	6170,0	2610,0	1350,0	600,0	600,0	750,0	0,0	400,0	460,0	150,0	500,0	650,0	850,0	790,0	730,0	680,0	720,0	520,0	340,0	260,0	130,0	170,0	80,0	30,0	40,0	0,0	10,0	0,0	0,0	0,0
17.09.2026 10:52:32	21790,0	7980,0	2810,0	1550,0	550,0	950,0	450,0	550,0	110,0	300,0	650,0	450,0	400,0	500,0	980,0	660,0	830,0	710,0	410,0	380,0	240,0	130,0	190,0	90,0	110,0	20,0	0,0	0,0	0,0	0,0	0,0
17.09.2026 10:52:38	20270,0	7220,0	2860,0	1500,0	650,0	500,0	560,0	550,0	400,0	250,0	200,0	350,0	600,0	450,0	500,0	590,0	760,0	610,0	500,0	420,0	260,0	250,0	130,0	90,0	50,0	30,0	10,0	0,0	0,0	0,0	0,0
17.09.2026 10:52:44	21020,0	7080,0	2800,0	1250,0	960,0	200,0	600,0	300,0	250,0	300,0	350,0	550,0	200,0	600,0	500,0	570,0	700,0	550,0	410,0	320,0	200,0	80,0	120,0	90,0	30,0	10,0	10,0	10,0	0,0	0,0	0,0
17.09.2026 10:52:50	22140,0	6520,0	2910,0	1550,0	500,0	650,0	600,0	350,0	310,0	600,0	400,0	750,0	250,0	650,0	560,0	480,0	690,0	710,0	450,0	380,0	330,0	140,0	180,0	110,0	70,0	10,0	20,0	10,0	10,0	0,0	0,0
17.09.2026 10:52:56	21530,0	5970,0	2550,0	900,0	700,0	910,0	900,0	250,0	100,0	300,0	150,0	600,0	550,0	350,0	210,0	590,0	630,0	600,0	660,0	350,0	300,0	190,0	130,0	50,0	40,0	30,0	0,0	10,0	10,0	0,0	0,0
17.09.2026 10:53:02	20320,0	6520,0	2710,0	1450,0	750,0	200,0	200,0	350,0	400,0	160,0	300,0	650,0	700,0	800,0	650,0	770,0	800,0	610,0	520,0	400,0	320,0	150,0	130,0	140,0	60,0	10,0	30,0	0,0	10,0	0,0	0,0
17.09.2026 10:53:08	20680,0	7170,0	2010,0	1250,0	550,0	850,0	450,0	300,0	200,0	610,0	150,0	600,0	400,0	800,0	880,0	880,0	730,0	610,0	520,0	360,0	330,0	160,0	140,0	120,0	50,0	40,0	30,0	0,0	0,0	0,0	0,0
17.09.2026 10:53:14	19760,0	7130,0	2850,0	1100,0	400,0	560,0	350,0	300,0	350,0	300,0	250,0	300,0	550,0	550,0	500,0	420,0	710,0	610,0	460,0	310,0	320,0	150,0	160,0	130,0	50,0	10,0	10,0	10,0	0,0	0,0	0,0
17.09.2026 10:53:20	21080,0	7130,0	3110,0	1450,0	900,0	850,0	450,0	300,0	260,0	350,0	400,0	450,0	650,0	800,0	830,0	680,0	800,0	550,0	480,0	430,0	180,0	120,0	110,0	90,0	20,0	40,0	20,0	0,0	0,0	0,0	0,0
17.09.2026 10:53:26	19910,0	5920,0	2500,0	1000,0	550,0	400,0	460,0	250,0	250,0	300,0	450,0	650,0	500,0	550,0	750,0	480,0	630,0	630,0	500,0	360,0	180,0	150,0	190,0	110,0	40,0	30,0	0,0	0,0	0,0	0,0	0,0
17.09.2026 10:53:32	19960,0	6720,0	3000,0	800,0	710,0	450,0	300,0	250,0	200,0	150,0	300,0	400,0	450,0	550,0	600,0	660,0	570,0	490,0	360,0	270,0	230,0	90,0	130,0	120,0	30,0	20,0	30,0	0,0	0,0	0,0	0,0
17.09.2026 10:53:38	20920,0	7370,0	1900,0	1100,0	510,0	500,0	300,0	250,0	250,0	250,0	150,0	200,0	450,0	500,0	600,0	610,0	730,0	620,0	480,0	360,0	200,0	130,0	180,0	90,0	50,0	0,0	0,0	0,0	0,0	0,0	0,0
17.09.2026 10:53:44	20260,0	6720,0	2700,0	850,0	760,0	450,0	150,0	200,0	200,0	300,0	300,0	350,0	550,0	450,0	380,0	610,0	670,0	530,0	460,0	380,0	330,0	90,0	50,0	60,0	60,0	10,0	20,0	0,0	0,0	0,0	0,0
17.09.2026 10:53:50	22030,0	6720,0	2050,0	1050,0	800,0	450,0	550,0	360,0	350,0	50,0	450,0	250,0	350,0	800,0	1000,0	880,0	590,0	590,0	430,0	360,0	290,0	100,0	140,0	40,0	20,0	30,0	20,0	10,0	0,0	0,0	0,0
17.09.2026 10:53:56	21830,0	6160,0	2960,0	1600,0	700,0	460,0	300,0	250,0	300,0	300,0	150,0	400,0	550,0	600,0	720,0	750,0	510,0	580,0	400,0	320,0	290,0	100,0	120,0	30,0	30,0	20,0	20,0	0,0	10,0	0,0	0,0
17.09.2026 10:54:02	23700,0	6770,0	2800,0	1450,0	600,0	360,0	150,0	250,0	350,0	100,0	250,0	350,0	750,0	450,0	590,0	820,0	690,0	720,0	420,0	280,0	320,0	100,0	80,0	40,0	30,0	10,0	0,0	0,0	0,0	0,0	0,0
17.09.2026 10:54:08	20070,0	6570,0	2960,0	1550,0	850,0	910,0	300,0	350,0	100,0	500,0	400,0	250,0	350,0	650,0	710,0	850,0	710,0	410,0	350,0	400,0	170,0	100,0	100,0	60,0	30,0	40,0	20,0	0,0	0,0	0,0	0,0
17.09.2026 10:54:14	19750,0	5820,0	2800,0	1050,0	760,0	450,0	700,0	300,0	150,0	400,0	450,0	350,0	400,0	300,0	170,0	340,0	620,0	670,0	400,0	350,0	260,0	100,0	110,0	70,0	30,0	10,0	10,0	10,0	0,0	0,0	0,0
17.09.2026 10:54:20	21670,0	6570,0	2050,0	1300,0	300,0	760,0	450,0	250,0	200,0	250,0	150,0	350,0	350,0	550,0	1020,0	690,0	580,0	500,0	440,0	260,0	270,0	120,0	100,0	60,0	40,0	10,0	10,0	0,0	0,0	0,0	0,0
17.09.2026 10:54:26	19360,0	5960,0	2960,0	1700,0	750,0	460,0	250,0	250,0	350,0	300,0	250,0	300,0	350,0	350,0	1170,0	980,0	540,0	390,0	380,0	390,0	200,0	100,0	120,0	50,0	20,0	0,0	10,0	0,0	0,0	0,0	0,0
17.09.2026 10:54:32	20200,0	5170,0	2300,0	1150,0	600,0	460,0	450,0	150,0	300,0	200,0	400,0	300,0	700,0	500,0	910,0	800,0	540,0	560,0	350,0	220,0	250,0	100,0	130,0	60,0	10,0	10,0	0,0	0,0	10,0	0,0	0,0
17.09.2026 10:54:38	22210,0	6170,0	3310,0	900,0	350,0	250,0	250,0	250,0	50,0	150,0	200,0	200,0	500,0	600,0	430,0	110,0	570,0	530,0	400,0	230,0	130,0	110,0	100,0	60,0	10,0	0,0	20,0	0,0	0,0	0,0	0,0
17.09.2026 10:54:44	20660,0	6970,0	2200,0	1000,0	510,0	500,0	350,0	200,0	450,0	400,0	250,0	700,0	450,0	550,0	420,0	390,0	550,0	510,0	370,0	230,0	150,0	90,0	110,0	40,0	20,0	10,0	10,0	0,0	0,0	0,0	0,0
17.09.2026 10:54:50	22180,0	6370,0	2250,0	1050,0	650,0	500,0	560,0	200,0	550,0	250,0	450,0	350,0	450,0	500,0	880,0	700,0	730,0	500,0	390,0	310,0	200,0	90,0	60,0	90,0	30,0	10,0	0,0	10,0	0,0	0,0	0,0
17.09.2026 10:54:56	20720,0	6220,0	2500,0	1600,0	410,0	250,0	300,0	150,0	450,0	50,0	300,0	650,0	450,0	500,0	960,0	330,0	540,0	390,0	430,0	330,0	340,0	150,0	120,0	80,0	30,0	40,0	10,0	0,0	0,0	0,0	0,0
17.09.2026 10:55:02	20610,0	6320,0	2650,0	1410,0	500,0	750,0	300,0	300,0	350,0	250,0	200,0	400,0	250,0	300,0	420,0	400,0	560,0	540,0	550,0	300,0	250,0	120,0	40,0	90,0	20,0	60,0	0,0	0,0	0,0	0,0	0,0
17.09.2026 10:55:08	19610,0	6270,0	2550,0	1350,0	1110,0	650,0	350,0	250,0	450,0	50,0	350,0	350,0	550,0	500,0	370,0	550,0	620,0	540,0	380,0	330,0	290,0	160,0	130,0	40,0	20,0	20,0	0,0	0,0	0,0	0,0	0,0
17.09.2026 10:55:14	20360,0	5370,0	2800,0	1360,0	700,0	500,0	500,0	200,0	150,0	250,0	200,0	250,0	700,0	450,0	540,0	410,0	630,0	520,0	330,0	220,0	170,0	120,0	130,0	40,0	20,0	20,0	0,0	0,0	0,0	0,0	0,0
17.09.2026 10:55:20	21560,0	5920,0	2900,0	860,0	550,0	450,0	450,0	200,0	150,0	250,0	250,0	500,0	500,0	400,0	280,0	530,0	520,0	410,0	350,0	270,0	210,0	150,0	80,0	100,0	50,0	40,0	10,0	0,0	0,0	0,0	0,0
17.09.2026 10:55:26	22920,0	5670,0	2350,0	950,0	460,0	550,0	350,0	150,0	150,0	300,0	350,0	150,0	800,0	600,0	440,0	780,0	480,0	630,0	400,0	290,0	190,0	100,0	130,0	70,0	30,0	0,0	10,0	0,0	0,0	0,0	0,0
17.09.2026 10:55:32	20220,0	5510,0	3260,0	1300,0	600,0	450,0	260,0	200,0	150,0	300,0	200,0	500,0	500,0	800,0	930,0	910,0	650,0	540,0	420,0	320,0	310,0	60,0	90,0	80,0	20,0	10,0	10,0	0,0	0,0	0,0	0,0
17.09.2026 10:55:38	20220,0	7420,0	2200,0	1000,0	550,0	510,0	550,0	450,0	200,0	150,0	300,0	350,0	600,0	450,0	710,0	670,0	540,0	420,0	360,0	400,0	150,0	70,0	110,0	60,0	50,0	10,0	0,0	0,0	0,0	0,0	0,0
17.09.2026 10:55:44	20410,0	6830,0	3100,0	1350,0	610,0	250,0	400,0	350,0	150,0	350,0	450,0	350,0	550,0	550,0	610,0	550,0	630,0	460,0	400,0	260,0	270,0	160,0	100,0	30,0	10,0	20,0	0,0	0,0	0,0	0,0	0,0
17.09.2026 10:55:50	21160,0	5720,0	2200,0	1050,0	600,0	660,0	800,0	250,0	350,0	350,0	250,0	400,0	700,0	500,0	300,0	350,0	710,0	380,0	400,0	270,0	250,0	180,0	90,0	20,0	10,0	40,0	0,0	0,0	0,0	0,0	0,0
17.09.2026 10:55:56	20250,0	5520,0	2150,0	800,0	550,0	710,0	700,0	300,0	200,0	300,0	150,0	550,0	250,0	650,0	690,0	820,0	550,0	490,0	360,0	280,0	190,0	80,0	130,0	50,0	40,0	10,0	0,0	10,0	0,0	0,0	0,0
17.09.2026 10:56:02	21620,0	6470,0	2450,0	850,0	510,0	450,0	650,0	450,0	250,0	150,0	100,0	350,0	500,0	500,0	550,0	450,0	610,0	470,0	360,0	320,0	230,0	130,0	50,0	50,0	10,0	10,0	10,0	0,0	0,0	0,0	0,0
17.09.2026 10:56:08	20460,0	5420,0	2850,0	1350,0	800,0	860,0	500,0	300,0	350,0	300,0	350,0	400,0	300,0	450,0	420,0	550,0	660,0	470,0	420,0	240,0	190,0	90,0	120,0	100,0	20,0	0,0	20,0	0,0	0,0	0,0	0,0
17.09.2026 10:56:14	19710,0	7580,0	2650,0	1300,0	450,0	510,0	400,0	300,0	150,0	300,0	250,0	550,0	650,0	750,0	580,0	760,0	580,0	450,0	360,0	300,0	200,0	50,0	120,0	70,0	30,0	0,0	0,0	0,0	0,0	0,0	0,0
17.09.2026 10:56:20	19950,0	5920,0	2450,0	1000,0	810,0	500,0	550,0	150,0	200,0	450,0	250,0	100,0	350,0	750,0	680,0	610,0	500,0	400,0	340,0	280,0	160,0	50,0	110,0	30,0	40,0	20,0	20,0	10,0	0,0	0,0	0,0
17.09.2026 10:56:26	18390,0	6770,0	2100,0	910,0	400,0	1050,0	300,0	350,0	100,0	350,0	250,0	400,0	450,0	550,0	410,0	460,0	450,0	500,0	300,0	190,0	180,0	70,0	70,0	30,0	10,0	20,0	0,0	10,0	0,0	0,0	0,0
17.09.2026 10:56:32	20420,0	5920,0	2200,0	1400,0	800,0	710,0	600,0	300,0	350,0	450,0	500,0	400,0	700,0	350,0	470,0	590,0	560,0	530,0	420,0	240,0	110,0	80,0	80,0	50,0	10,0	10,0	0,0	0,0	0,0	0,0	0,0
17.09.2026 10:56:38	21070,0	6570,0	3000,0	1150,0	810,0	350,0	350,0	600,0	150,0	250,0	50,0	350,0	350,0	350,0	980,0	490,0	630,0	560,0	390,0	280,0	210,0	80,0	150,0	50,0	40,0	40,0	0,0	0,0	0,0	0,0	0,0
17.09.2026 10:56:44	21880,0	6770,0	2250,0	1400,0	800,0	360,0	300,0	350,0	250,0	150,0	200,0	500,0	800,0	350,0	670,0	770,0	660,0	450,0	390,0	300,0	200,0	110,0	150,0	70,0	60,0	20,0	0,0	0,0	0,0	0,0	0,0
17.09.2026 10:56:50	21210,0	5320,0	1800,0	1200,0	660,0	400,0	400,0	400,0	200,0	350,0	250,0	400,0	450,0	700,0	690,0	500,0	640,0	510,0	350,0	190,0	260,0	140,0	60,0	50,0	40,0	10,0	10,0	0,0	0,0	0,0	0,0
17.09.2026 10:56:56	20960,0	5620,0	3150,0	1150,0	760,0	600,0	100,0	300,0	200,0	250,0	200,0	300,0	500,0	550,0	720,0	500,0	460,0	570,0	240,0	380,0	210,0	120,0	100,0	30,0	20,0	0,0	0,0	0,0	0,0	0,0	0,0
17.09.2026 10:57:02	21120,0	7180,0	2150,0	1600,0	400,0	560,0	400,0	200,0	350,0	350,0	200,0	400,0	400,0	450,0	1230,0	800,0	620,0	450,0	350,0	360,0	140,0	110,0	110,0	40,0	20,0	10,0	10,0	0,0	0,0	0,0	0,0
17.09.2026 10:57:08	22470,0	5470,0	2950,0	1210,0	400,0	500,0	350,0	250,0	200,0	250,0	250,0	250,0	500,0	300,0	770,0	600,0	510,0	580,0	440,0	210,0	260,0	110,0	120,0	70,0	10,0	20,0	0,0	0,0	0,0	0,0	0,0
17.09.2026 10:57:14	21630,0	7270,0	2400,0	1450,0	710,0	300,0	350,0	250,0	150,0	250,0	300,0	400,0	500,0	500,0	470,0	500,0	660,0	400,0	460,0	260,0	270,0	90,0	140,0	80,0	60,0	10,0	0,0	0,0	0,0	0,0	0,0
17.09.2026 10:57:20	20250,0	5620,0	2500,0	1100,0	410,0	400,0	600,0	400,0	400,0	200,0	400,0	500,0	450,0	300,0	460,0	440,0	650,0	410,0	470,0	270,0	180,0	130,0	120,0	30,0	20,0	20,0	0,0	0,0	0,0	0,0	0,0
17.09.2026 10:57:26	20110,0	5720,0	2800,0	1200,0	760,0	450,0	150,0	200,0	150,0	100,0	450,0	500,0	350,0	450,0	810,0	430,0	650,0	440,0	360,0	350,0	150,0	120,0	110,0	90,0	20,0	20,0	0,0	0,0	0,0	0,0	0,0
17.09.2026 10:57:32	20370,0	6770,0	2500,0	1250,0	650,0	350,0	360,0	600,0	300,0	300,0	300,0	400,0	750,0	750,0	600,0	570,0	680,0	520,0	420,0	220,0	90,0	110,0	110,0	20,0	10,0	0,0	0,0	0,0	0,0	0,0	0,0
17.09.2026 10:57:38	20460,0	7120,0	2250,0	910,0	950,0	600,0	250,0	200,0	150,0	150,0	250,0	200,0	300,0	600,0	950,0	500,0	470,0	490,0	350,0	220,0	140,0	60,0	110,0	40,0	10,0	10,0	0,0	0,0	0,0	0,0	0,0
17.09.2026 10:57:44	19650,0	5260,0	2500,0	1160,0	850,0	400,0	350,0	100,0	300,0	450,0	300,0	200,0	450,0	400,0	460,0	680,0	550,0	300,0	330,0	260,0	150,0	90,0	80,0	70,0	20,0	10,0	0,0	0,0	0,0	0,0	0,0
17.09.2026 10:57:50	19550,0	6120,0	2250,0	850,0	660,0	550,0	200,0	200,0	200,0	700,0	250,0	350,0	600,0	350,0	670,0	610,0	730,0	310,0	460,0	210,0	160,0	80,0	90,0	50,0	20,0	10,0	0,0	0,0	0,0	0,0	0,0
17.09.2026 10:57:56	20910,0	6270,0	2150,0	1400,0	610,0	700,0	200,0	150,0	250,0	350,0	200,0	550,0	400,0	400,0	740,0	480,0	570,0	530,0	360,0	280,0	150,0	100,0	70,0	50,0	20,0	0,0	0,0	0,0	0,0	0,0	0,0
17.09.2026 10:58:02	19450,0	5520,0	2550,0	1360,0	650,0	350,0	250,0	50,0	100,0	250,0	350,0	300,0	500,0	600,0	530,0	680,0	450,0	460,0	350,0	260,0	290,0	100,0	80,0	70,0	20,0	10,0	0,0	0,0	0,0	0,0	0,0
17.09.2026 10:58:08	19600,0	6070,0	2650,0	1060,0	850,0	400,0	550,0	200,0	150,0	150,0	350,0	500,0	350,0	500,0	150,0	490,0	630,0	600,0	290,0	290,0	160,0	130,0	80,0	30,0	20,0	30,0	0,0	0,0	0,0	0,0	0,0
17.09.2026 10:58:14	21160,0	6020,0	2600,0	1150,0	860,0	650,0	300,0	300,0	300,0	0,0	400,0	250,0	200,0	450,0	710,0	660,0	480,0	440,0	340,0	250,0	180,0	140,0	50,0	70,0	50,0	30,0	0,0	0,0	0,0	0,0	0,0
17.09.2026 10:58:20	19300,0	6020,0	2750,0	1050,0	560,0	550,0	450,0	300,0	150,0	400,0	300,0	400,0	650,0	450,0	520,0	740,0	650,0	480,0	280,0	270,0	160,0	40,0	50,0	50,0	10,0	0,0	0,0	0,0	0,0	0,0	0,0
17.09.2026 10:58:26	21260,0	6870,0	2250,0	760,0	450,0	350,0	350,0	500,0	200,0	150,0	300,0	250,0	300,0	600,0	600,0	720,0	550,0	420,0	380,0	330,0	110,0	60,0	120,0	30,0	0,0	10,0	10,0	10,0	0,0	0,0	0,0
17.09.2026 10:58:32	18850,0	5460,0	1950,0	1160,0	550,0	650,0	350,0	200,0	200,0	300,0	300,0	350,0	600,0	550,0	520,0	560,0	510,0	400,0	350,0	300,0	130,0	80,0	80,0	40,0	10,0	10,0	10,0	0,0	0,0	0,0	0,0
17.09.2026 10:58:38	18800,0	5970,0	2150,0	1300,0	760,0	750,0	400,0	100,0	500,0	150,0	200,0	500,0	350,0	500,0	940,0	710,0	390,0	550,0	310,0	230,0	110,0	60,0	80,0	40,0	20,0	10,0	0,0	0,0	0,0	0,0	0,0
17.09.2026 10:58:44	18600,0	6570,0	2250,0	1100,0	800,0	310,0	550,0	400,0	100,0	200,0	150,0	250,0	800,0	600,0	1170,0	570,0	490,0	480,0	360,0	320,0	210,0	70,0	120,0	50,0	40,0	20,0	0,0	0,0	0,0	0,0	0,0
17.09.2026 10:58:50	20760,0	6120,0	2100,0	1160,0	550,0	550,0	550,0	200,0	250,0	150,0	250,0	300,0	700,0	400,0	450,0	590,0	460,0	460,0	300,0	210,0	210,0	100,0	100,0	100,0	0,0	10,0	10,0	0,0	0,0	0,0	0,0
17.09.2026 10:58:56	19850,0	5920,0	2450,0	1210,0	600,0	250,0	500,0	200,0	50,0	100,0	450,0	400,0	300,0	800,0	400,0	650,0	470,0	490,0	410,0	230,0	190,0	40,0	90,0	50,0	10,0	10,0	10,0	0,0	0,0	0,0	0,0
17.09.2026 10:59:02	20820,0	6520,0	3500,0	950,0	350,0	460,0	450,0	350,0	250,0	150,0	350,0	450,0	850,0	750,0	400,0	650,0	560,0	350,0	370,0	260,0	150,0	130,0	130,0	20,0	20,0	0,0	10,0	0,0	0,0	0,0	0,0
17.09.2026 10:59:08	18840,0	5270,0	2550,0	1050,0	400,0	360,0	500,0	400,0	350,0	200,0	400,0	600,0	500,0	700,0	710,0	460,0	560,0	460,0	290,0	220,0	310,0	60,0	80,0	30,0	20,0	0,0	0,0	0,0	0,0	0,0	0,0
17.09.2026 10:59:14	18690,0	6620,0	2550,0	1160,0	600,0	550,0	150,0	150,0	200,0	100,0	450,0	300,0	350,0	350,0	330,0	460,0	540,0	580,0	310,0	270,0	200,0	70,0	90,0	20,0	0,0	20,0	10,0	0,0	0,0	0,0	0,0
17.09.2026 10:59:20	21260,0	5820,0	2050,0	800,0	500,0	410,0	450,0	150,0	450,0	350,0	300,0	600,0	550,0	500,0	790,0	460,0	590,0	490,0	370,0	250,0	160,0	110,0	60,0	40,0	30,0	0,0	0,0	0,0	0,0	0,0	0,0
17.09.2026 10:59:26	19560,0	6820,0	2050,0	1150,0	1060,0	700,0	250,0	200,0	200,0	350,0	400,0	400,0	600,0	850,0	630,0	520,0	440,0	420,0	260,0	270,0	180,0	70,0	80,0	50,0	20,0	10,0	0,0	0,0	0,0	0,0	0,0
17.09.2026 10:59:32	18690,0	6620,0	2150,0	1260,0	650,0	500,0	400,0	150,0	350,0	150,0	150,0	450,0	600,0	250,0	210,0	610,0	650,0	380,0	430,0	160,0	230,0	100,0	30,0	30,0	10,0	10,0	0,0	0,0	0,0	0,0	0,0
17.09.2026 10:59:38	19550,0	5560,0	2150,0	1210,0	450,0	650,0	200,0	450,0	250,0	100,0	400,0	400,0	450,0	300,0	480,0	570,0	330,0	480,0	360,0	180,0	190,0	60,0	80,0	40,0	10,0	20,0	0,0	0,0	0,0	0,0	0,0
17.09.2026 10:59:44	21420,0	6720,0	2300,0	1560,0	400,0	350,0	200,0	100,0	200,0	200,0	250,0	350,0	300,0	350,0	810,0	750,0	420,0	610,0	390,0	220,0	150,0	110,0	90,0	40,0	10,0	0,0	0,0	0,0	0,0	0,0	0,0
17.09.2026 10:59:50	21380,0	6010,0	2460,0	1200,0	750,0	600,0	400,0	560,0	250,0	350,0	400,0	300,0	750,0	500,0	1130,0	1060,0	480,0	320,0	430,0	220,0	150,0	80,0	90,0	20,0	10,0	10,0	0,0	0,0	0,0	0,0	0,0
17.09.2026 10:59:56	19700,0	6110,0	2210,0	700,0	450,0	750,0	300,0	200,0	250,0	200,0	200,0	250,0	600,0	300,0	510,0	270,0	600,0	330,0	380,0	320,0	150,0	20,0	70,0	30,0	10,0	10,0	0,0	0,0	0,0	0,0	0,0
17.09.2026 11:00:02	18940,0	6020,0	2250,0	1110,0	900,0	550,0	300,0	350,0	250,0	200,0	400,0	100,0	150,0	650,0	480,0	360,0	460,0	490,0	300,0	280,0	110,0	60,0	40,0	30,0	40,0	0,0	0,0	0,0	0,0	0,0	0,0
17.09.2026 11:00:08	17180,0	6270,0	2250,0	960,0	900,0	300,0	300,0	150,0	150,0	250,0	100,0	450,0	450,0	600,0	630,0	480,0	540,0	380,0	320,0	230,0	110,0	100,0	110,0	40,0	10,0	0,0	0,0	0,0	0,0	0,0	0,0
17.09.2026 11:00:14	13850,0	3650,0	1610,0	650,0	550,0	450,0	300,0	300,0	200,0	100,0	300,0	300,0	100,0	550,0	270,0	170,0	360,0	290,0	320,0	220,0	190,0	50,0	60,0	20,0	20,0	30,0	0,0	0,0	0,0	0,0	0,0
17.09.2026 11:00:20	15760,0	5210,0	1610,0	750,0	600,0	450,0	450,0	150,0	150,0	100,0	150,0	350,0	400,0	250,0	130,0	280,0	560,0	440,0	310,0	160,0	170,0	80,0	70,0	10,0	30,0	0,0	10,0	0,0	0,0	0,0	0,0
17.09.2026 11:00:26	18440,0	5320,0	2800,0	1060,0	700,0	500,0	300,0	300,0	50,0	100,0	450,0	500,0	350,0	700,0	1040,0	620,0	450,0	400,0	180,0	220,0	50,0	30,0	50,0	30,0	10,0	0,0	20,0	0,0	0,0	0,0	0,0
17.09.2026 11:00:32	14260,0	4250,0	1560,0	1000,0	700,0	300,0	250,0	150,0	150,0	300,0	300,0	150,0	350,0	350,0	210,0	160,0	340,0	290,0	180,0	170,0	180,0	50,0	40,0	50,0	30,0	0,0	0,0	0,0	0,0	0,0	0,0
17.09.2026 11:00:38	14250,0	4760,0	1810,0	900,0	500,0	550,0	350,0	250,0	100,0	400,0	350,0	250,0	300,0	400,0	0,0	110,0	410,0	270,0	220,0	150,0	120,0	90,0	50,0	30,0	0,0	0,0	0,0	0,0	0,0	0,0	0,0
17.09.2026 11:00:44	10880,0	3010,0	1050,0	800,0	300,0	300,0	200,0	100,0	100,0	100,0	150,0	200,0	350,0	500,0	140,0	280,0	340,0	250,0	90,0	120,0	80,0	20,0	40,0	20,0	20,0	0,0	0,0	0,0	0,0	0,0	0,0
17.09.2026 11:00:50	13700,0	4660,0	1350,0	650,0	500,0	150,0	350,0	200,0	100,0	200,0	50,0	450,0	300,0	50,0	280,0	310,0	180,0	280,0	190,0	150,0	60,0	70,0	50,0	20,0	0,0	0,0	0,0	10,0	0,0	0,0	0,0
17.09.2026 11:00:56	9170,0	2960,0	1700,0	400,0	200,0	250,0	200,0	250,0	150,0	50,0	200,0	100,0	300,0	300,0	0,0	80,0	220,0	280,0	220,0	60,0	100,0	40,0	40,0	20,0	20,0	10,0	10,0	0,0	0,0	0,0	0,0
17.09.2026 11:01:02	9970,0	2210,0	1000,0	250,0	250,0	250,0	200,0	150,0	200,0	50,0	150,0	250,0	350,0	200,0	530,0	460,0	160,0	220,0	120,0	100,0	90,0	20,0	50,0	20,0	0,0	20,0	10,0	0,0	0,0	0,0	0,0
17.09.2026 11:01:08	9770,0	3010,0	1150,0	450,0	400,0	100,0	450,0	200,0	0,0	150,0	150,0	50,0	300,0	200,0	570,0	450,0	190,0	240,0	100,0	130,0	50,0	10,0	50,0	0,0	10,0	0,0	0,0	0,0	0,0	0,0	0,0
17.09.2026 11:01:14	9220,0	3210,0	1600,0	400,0	100,0	250,0	200,0	0,0	50,0	100,0	200,0	0,0	50,0	350,0	260,0	220,0	210,0	190,0	110,0	110,0	60,0	10,0	10,0	20,0	0,0	0,0	0,0	0,0	0,0	0,0	0,0
17.09.2026 11:01:20	7870,0	2650,0	1050,0	500,0	300,0	200,0	100,0	50,0	50,0	50,0	50,0	100,0	250,0	150,0	370,0	330,0	100,0	90,0	140,0	60,0	50,0	30,0	20,0	10,0	0,0	0,0	0,0	0,0	0,0	0,0	0,0
17.09.2026 11:01:26	6960,0	2400,0	600,0	250,0	100,0	100,0	0,0	100,0	350,0	100,0	150,0	150,0	100,0	250,0	0,0	0,0	20,0	140,0	210,0	90,0	30,0	20,0	30,0	0,0	10,0	0,0	0,0	0,0	0,0	0,0	0,0
17.09.2026 11:01:32	6620,0	2200,0	850,0	300,0	250,0	150,0	100,0	100,0	50,0	50,0	200,0	100,0	50,0	150,0	560,0	360,0	90,0	160,0	130,0	50,0	30,0	40,0	20,0	0,0	10,0	0,0	0,0	0,0	0,0	0,0	0,0
17.09.2026 11:01:38	5960,0	1800,0	600,0	250,0	200,0	100,0	100,0	50,0	100,0	0,0	50,0	200,0	100,0	150,0	180,0	250,0	140,0	120,0	90,0	100,0	30,0	10,0	30,0	0,0	0,0	0,0	0,0	0,0	0,0	0,0	0,0
17.09.2026 11:01:44	5110,0	1850,0	400,0	300,0	300,0	0,0	100,0	50,0	100,0	0,0	100,0	100,0	0,0	200,0	100,0	0,0	140,0	120,0	70,0	60,0	0,0	30,0	20,0	0,0	10,0	0,0	0,0	0,0	0,0	0,0	0,0
17.09.2026 11:01:50	4510,0	1850,0	350,0	250,0	150,0	50,0	150,0	100,0	0,0	50,0	250,0	0,0	200,0	50,0	150,0	110,0	90,0	120,0	70,0	70,0	30,0	30,0	20,0	10,0	0,0	0,0	0,0	0,0	0,0	0,0	0,0
17.09.2026 11:01:56	4960,0	1250,0	350,0	400,0	200,0	200,0	0,0	0,0	50,0	100,0	50,0	50,0	50,0	250,0	110,0	150,0	120,0	70,0	70,0	60,0	30,0	10,0	20,0	10,0	0,0	0,0	0,0	0,0	0,0	0,0	0,0
17.09.2026 11:02:02	4410,0	1700,0	650,0	200,0	100,0	150,0	50,0	50,0	0,0	50,0	0,0	50,0	100,0	250,0	350,0	250,0	120,0	60,0	50,0	30,0	10,0	0,0	30,0	0,0	0,0	0,0	0,0	0,0	0,0	0,0	0,0
17.09.2026 11:02:08	3300,0	750,0	600,0	100,0	150,0	250,0	50,0	0,0	50,0	200,0	0,0	150,0	100,0	50,0	210,0	210,0	120,0	80,0	30,0	70,0	20,0	0,0	10,0	0,0	0,0	0,0	0,0	0,0	0,0	0,0	0,0
17.09.2026 11:02:14	4560,0	1550,0	400,0	250,0	200,0	50,0	100,0	50,0	0,0	50,0	0,0	0,0	0,0	100,0	260,0	270,0	50,0	70,0	50,0	70,0	60,0	10,0	0,0	10,0	0,0	0,0	0,0	0,0	0,0	0,0	0,0
17.09.2026 11:02:20	3500,0	1200,0	400,0	50,0	200,0	50,0	100,0	50,0	50,0	50,0	50,0	0,0	50,0	150,0	120,0	40,0	80,0	80,0	60,0	60,0	40,0	10,0	0,0	0,0	0,0	0,0	0,0	0,0	0,0	10,0	0,0
17.09.2026 11:02:26	4000,0	800,0	300,0	300,0	100,0	0,0	50,0	50,0	50,0	50,0	50,0	0,0	100,0	150,0	130,0	200,0	30,0	40,0	30,0	10,0	20,0	20,0	10,0	0,0	0,0	10,0	0,0	0,0	0,0	0,0	0,0
17.09.2026 11:02:32	2450,0	1000,0	400,0	250,0	100,0	50,0	50,0	0,0	50,0	0,0	0,0	100,0	50,0	250,0	110,0	40,0	50,0	80,0	50,0	40,0	0,0	10,0	0,0	20,0	0,0	0,0	0,0	0,0	0,0	0,0	0,0
17.09.2026 11:02:38	3550,0	900,0	300,0	150,0	100,0	50,0	100,0	100,0	50,0	50,0	50,0	100,0	0,0	100,0	80,0	30,0	80,0	50,0	20,0	10,0	40,0	10,0	10,0	20,0	0,0	0,0	0,0	0,0	0,0	0,0	0,0
17.09.2026 11:02:44	2500,0	550,0	250,0	250,0	150,0	0,0	50,0	0,0	100,0	100,0	0,0	0,0	50,0	0,0	0,0	70,0	70,0	30,0	30,0	20,0	50,0	20,0	0,0	0,0	0,0	0,0	0,0	10,0	0,0	0,0	0,0
17.09.2026 11:02:50	2350,0	950,0	300,0	100,0	50,0	50,0	100,0	0,0	50,0	50,0	50,0	0,0	0,0	0,0	80,0	30,0	80,0	50,0	40,0	10,0	10,0	0,0	0,0	0,0	0,0	0,0	0,0	0,0	0,0	0,0	0,0
17.09.2026 11:02:56	2600,0	750,0	250,0	300,0	50,0	0,0	0,0	50,0	0,0	0,0	0,0	0,0	50,0	100,0	0,0	20,0	50,0	20,0	60,0	20,0	30,0	0,0	0,0	0,0	0,0	0,0	0,0	0,0	0,0	0,0	0,0
17.09.2026 11:03:02	1950,0	650,0	300,0	50,0	100,0	100,0	0,0	0,0	0,0	0,0	0,0	0,0	0,0	0,0	0,0	0,0	20,0	40,0	40,0	40,0	0,0	0,0	10,0	0,0	0,0	0,0	0,0	0,0	0,0	0,0	0,0
17.09.2026 11:03:08	1700,0	650,0	150,0	50,0	0,0	50,0	150,0	0,0	50,0	50,0	50,0	0,0	100,0	0,0	20,0	30,0	30,0	20,0	20,0	10,0	0,0	0,0	10,0	10,0	0,0	0,0	0,0	0,0	0,0	0,0	0,0
17.09.2026 11:03:14	1750,0	700,0	100,0	150,0	100,0	100,0	50,0	0,0	50,0	0,0	0,0	100,0	100,0	0,0	210,0	190,0	30,0	0,0	10,0	10,0	0,0	0,0	0,0	0,0	0,0	0,0	0,0	0,0	0,0	0,0	0,0
17.09.2026 11:03:20	1000,0	950,0	300,0	50,0	100,0	0,0	0,0	0,0	0,0	0,0	100,0	0,0	50,0	50,0	130,0	20,0	40,0	70,0	20,0	20,0	0,0	0,0	0,0	0,0	0,0	0,0	0,0	0,0	0,0	0,0	0,0
17.09.2026 11:03:26	1550,0	400,0	300,0	100,0	0,0	0,0	100,0	0,0	0,0	0,0	0,0	0,0	50,0	0,0	150,0	200,0	10,0	10,0	10,0	10,0	10,0	0,0	0,0	0,0	0,0	0,0	0,0	0,0	0,0	0,0	0,0
17.09.2026 11:03:32	1500,0	350,0	50,0	100,0	50,0	50,0	50,0	0,0	0,0	0,0	50,0	50,0	0,0	0,0	90,0	0,0	20,0	20,0	40,0	20,0	0,0	10,0	0,0	0,0	0,0	0,0	0,0	0,0	0,0	0,0	0,0
17.09.2026 11:03:38	1200,0	600,0	200,0	50,0	50,0	0,0	50,0	0,0	0,0	0,0	0,0	0,0	50,0	0,0	20,0	60,0	40,0	50,0	10,0	0,0	10,0	0,0	10,0	0,0	0,0	0,0	0,0	0,0	0,0	0,0	0,0
17.09.2026 11:03:44	1100,0	350,0	100,0	150,0	0,0	0,0	50,0	0,0	50,0	0,0	0,0	0,0	0,0	0,0	0,0	0,0	50,0	10,0	10,0	0,0	30,0	0,0	0,0	0,0	0,0	0,0	0,0	0,0	0,0	0,0	0,0
17.09.2026 11:03:50	1500,0	150,0	200,0	0,0	0,0	50,0	0,0	0,0	50,0	0,0	0,0	0,0	0,0	0,0	0,0	0,0	0,0	10,0	0,0	30,0	10,0	0,0	0,0	0,0	0,0	0,0	0,0	0,0	0,0	0,0	0,0
17.09.2026 11:03:56	1050,0	300,0	50,0	150,0	50,0	50,0	50,0	0,0	0,0	50,0	0,0	0,0	0,0	0,0	0,0	0,0	0,0	20,0	30,0	0,0	0,0	0,0	0,0	0,0	0,0	0,0	0,0	0,0	0,0	0,0	0,0
17.09.2026 11:04:02	850,0	200,0	150,0	50,0	0,0	0,0	0,0	0,0	0,0	0,0	0,0	50,0	0,0	50,0	130,0	80,0	20,0	0,0	10,0	10,0	0,0	0,0	0,0	0,0	0,0	0,0	0,0	0,0	0,0	0,0	0,0
17.09.2026 11:04:08	900,0	400,0	150,0	0,0	0,0	0,0	0,0	0,0	0,0	0,0	0,0	0,0	0,0	0,0	0,0	0,0	10,0	20,0	0,0	10,0	0,0	10,0	0,0	0,0	0,0	0,0	0,0	0,0	0,0	0,0	0,0
17.09.2026 11:04:14	850,0	200,0	100,0	0,0	100,0	0,0	0,0	0,0	0,0	0,0	0,0	50,0	0,0	50,0	0,0	0,0	0,0	20,0	0,0	0,0	10,0	10,0	10,0	0,0	0,0	0,0	0,0	0,0	0,0	0,0	0,0
17.09.2026 11:04:20	900,0	200,0	100,0	50,0	0,0	0,0	0,0	0,0	0,0	0,0	100,0	0,0	0,0	0,0	0,0	10,0	0,0	30,0	10,0	0,0	0,0	0,0	0,0	0,0	0,0	0,0	0,0	0,0	0,0	0,0	0,0
17.09.2026 11:04:26	650,0	300,0	50,0	50,0	0,0	0,0	0,0	0,0	0,0	0,0	0,0	50,0	0,0	0,0	60,0	0,0	10,0	10,0	0,0	0,0	10,0	0,0	10,0	0,0	0,0	0,0	0,0	0,0	0,0	0,0	0,0
17.09.2026 11:04:32	900,0	250,0	100,0	0,0	0,0	50,0	0,0	0,0	0,0	0,0	0,0	0,0	0,0	0,0	0,0	0,0	10,0	20,0	10,0	10,0	0,0	0,0	0,0	0,0	0,0	0,0	0,0	0,0	0,0	0,0	0,0
17.09.2026 11:04:38	400,0	100,0	100,0	0,0	50,0	0,0	0,0	50,0	0,0	0,0	50,0	50,0	100,0	0,0	70,0	60,0	10,0	0,0	10,0	0,0	0,0	0,0	0,0	0,0	0,0	0,0	0,0	0,0	0,0	0,0	0,0
17.09.2026 11:04:44	500,0	150,0	100,0	100,0	0,0	0,0	0,0	0,0	0,0	0,0	0,0	50,0	0,0	0,0	10,0	0,0	30,0	10,0	0,0	0,0	0,0	0,0	0,0	0,0	0,0	0,0	0,0	0,0	0,0	0,0	0,0
17.09.2026 11:04:50	450,0	150,0	100,0	100,0	0,0	0,0	0,0	0,0	0,0	0,0	0,0	0,0	0,0	0,0	40,0	0,0	0,0	0,0	0,0	0,0	0,0	0,0	10,0	0,0	0,0	0,0	0,0	0,0	0,0	0,0	0,0
17.09.2026 11:04:56	550,0	50,0	0,0	50,0	0,0	0,0	50,0	0,0	0,0	0,0	0,0	50,0	0,0	0,0	0,0	0,0	0,0	0,0	0,0	0,0	0,0	0,0	0,0	0,0	0,0	0,0	0,0	0,0	0,0	0,0	0,0
17.09.2026 11:05:02	400,0	300,0	50,0	0,0	0,0	0,0	0,0	0,0	0,0	0,0	0,0	0,0	0,0	0,0	0,0	30,0	20,0	0,0	0,0	0,0	0,0	0,0	0,0	0,0	0,0	0,0	0,0	0,0	0,0	0,0	0,0
17.09.2026 11:05:08	250,0	150,0	50,0	50,0	50,0	50,0	0,0	0,0	0,0	0,0	50,0	0,0	0,0	0,0	0,0	10,0	10,0	10,0	10,0	10,0	0,0	0,0	0,0	0,0	0,0	0,0	0,0	0,0	0,0	0,0	0,0
17.09.2026 11:05:14	250,0	50,0	50,0	0,0	0,0	50,0	0,0	0,0	0,0	0,0	0,0	0,0	0,0	0,0	60,0	20,0	0,0	10,0	0,0	10,0	0,0	0,0	0,0	0,0	0,0	0,0	0,0	0,0	0,0	0,0	0,0
17.09.2026 11:05:20	250,0	100,0	100,0	100,0	0,0	0,0	0,0	0,0	0,0	0,0	0,0	0,0	0,0	50,0	70,0	10,0	0,0	10,0	10,0	0,0	0,0	0,0	0,0	0,0	0,0	0,0	0,0	0,0	0,0	0,0	0,0
17.09.2026 11:05:26	350,0	50,0	0,0	50,0	0,0	0,0	0,0	0,0	0,0	0,0	0,0	0,0	0,0	0,0	0,0	30,0	20,0	0,0	0,0	0,0	0,0	0,0	0,0	0,0	0,0	0,0	0,0	0,0	0,0	0,0	0,0
17.09.2026 11:05:32	200,0	350,0	150,0	0,0	0,0	0,0	0,0	0,0	0,0	0,0	0,0	0,0	0,0	0,0	20,0	20,0	0,0	0,0	10,0	0,0	0,0	0,0	0,0	0,0	0,0	0,0	0,0	0,0	0,0	0,0	0,0
17.09.2026 11:05:38	250,0	0,0	0,0	50,0	50,0	0,0	0,0	0,0	0,0	0,0	0,0	0,0	0,0	0,0	0,0	0,0	0,0	0,0	0,0	0,0	0,0	0,0	0,0	0,0	0,0	0,0	0,0	0,0	0,0	0,0	0,0
17.09.2026 11:05:44	250,0	150,0	0,0	150,0	0,0	0,0	0,0	0,0	0,0	0,0	0,0	0,0	0,0	0,0	0,0	0,0	0,0	0,0	0,0	0,0	0,0	0,0	0,0	0,0	0,0	0,0	0,0	0,0	0,0	0,0	0,0
17.09.2026 11:05:50	300,0	0,0	50,0	0,0	0,0	0,0	0,0	0,0	0,0	0,0	0,0	0,0	0,0	0,0	0,0	0,0	0,0	0,0	0,0	0,0	0,0	0,0	0,0	0,0	0,0	0,0	0,0	0,0	0,0	0,0	0,0
17.09.2026 11:05:56	200,0	100,0	0,0	0,0	0,0	0,0	0,0	0,0	0,0	0,0	0,0	50,0	0,0	0,0	0,0	0,0	0,0	0,0	0,0	0,0	0,0	0,0	0,0	0,0	0,0	0,0	0,0	0,0	0,0	0,0	0,0
17.09.2026 11:06:02	100,0	0,0	50,0	0,0	0,0	0,0	0,0	0,0	0,0	0,0	0,0	0,0	0,0	0,0	0,0	0,0	0,0	0,0	0,0	0,0	0,0	0,0	0,0	0,0	0,0	0,0	0,0	0,0	0,0	0,0	0,0
17.09.2026 11:06:08	100,0	0,0	0,0	0,0	0,0	0,0	0,0	0,0	0,0	0,0	0,0	0,0	0,0	0,0	0,0	0,0	0,0	0,0	0,0	0,0	0,0	0,0	0,0	0,0	0,0	0,0	0,0	0,0	0,0	0,0	0,0
17.09.2026 11:06:14	200,0	50,0	100,0	0,0	50,0	0,0	0,0	0,0	0,0	0,0	0,0	50,0	0,0	0,0	0,0	0,0	0,0	0,0	0,0	0,0	0,0	0,0	0,0	0,0	0,0	0,0	0,0	0,0	0,0	0,0	0,0
17.09.2026 11:06:20	250,0	0,0	0,0	0,0	0,0	0,0	0,0	0,0	0,0	0,0	0,0	0,0	0,0	0,0	0,0	0,0	0,0	0,0	0,0	0,0	0,0	0,0	0,0	0,0	0,0	0,0	0,0	0,0	0,0	0,0	0,0
17.09.2026 11:06:26	200,0	0,0	0,0	0,0	0,0	0,0	0,0	0,0	0,0	0,0	0,0	50,0	0,0	50,0	20,0	20,0	0,0	10,0	0,0	0,0	0,0	0,0	0,0	0,0	0,0	0,0	0,0	0,0	0,0	0,0	0,0
17.09.2026 11:06:32	0,0	50,0	0,0	0,0	0,0	0,0	0,0	0,0	0,0	0,0	0,0	0,0	0,0	0,0	0,0	0,0	0,0	0,0	0,0	0,0	0,0	0,0	0,0	0,0	0,0	0,0	0,0	0,0	0,0	0,0	0,0
17.09.2026 11:06:38	200,0	0,0	50,0	0,0	0,0	0,0	0,0	0,0	0,0	0,0	0,0	50,0	0,0	0,0	0,0	0,0	0,0	0,0	0,0	0,0	0,0	0,0	0,0	0,0	0,0	0,0	0,0	0,0	0,0	0,0	0,0
17.09.2026 11:06:44	150,0	0,0	50,0	0,0	0,0	0,0	0,0	0,0	0,0	0,0	0,0	0,0	0,0	0,0	0,0	0,0	0,0	0,0	0,0	0,0	0,0	0,0	0,0	0,0	0,0	0,0	0,0	0,0	0,0	0,0	0,0
17.09.2026 11:06:50	150,0	50,0	0,0	0,0	0,0	0,0	0,0	0,0	0,0	0,0	0,0	0,0	0,0	0,0	0,0	0,0	0,0	0,0	0,0	0,0	0,0	0,0	0,0	0,0	0,0	0,0	0,0	0,0	0,0	0,0	0,0
17.09.2026 11:06:56	150,0	50,0	0,0	0,0	0,0	0,0	0,0	0,0	0,0	0,0	0,0	0,0	0,0	0,0	0,0	0,0	0,0	0,0	0,0	0,0	0,0	0,0	0,0	0,0	0,0	0,0	0,0	0,0	0,0	0,0	0,0
17.09.2026 11:07:02	200,0	100,0	50,0	0,0	0,0	0,0	0,0	0,0	0,0	0,0	0,0	0,0	50,0	0,0	0,0	0,0	0,0	0,0	0,0	0,0	0,0	0,0	0,0	0,0	0,0	0,0	0,0	0,0	0,0	0,0	0,0
17.09.2026 11:07:08	100,0	0,0	0,0	0,0	0,0	0,0	0,0	0,0	0,0	0,0	0,0	0,0	0,0	0,0	0,0	0,0	0,0	0,0	0,0	0,0	0,0	0,0	0,0	0,0	0,0	0,0	0,0	0,0	0,0	0,0	0,0
17.09.2026 11:07:14	50,0	0,0	0,0	50,0	0,0	50,0	0,0	0,0	0,0	0,0	0,0	0,0	0,0	0,0	0,0	0,0	0,0	0,0	0,0	0,0	0,0	0,0	0,0	0,0	0,0	0,0	0,0	0,0	0,0	0,0	0,0
17.09.2026 11:07:20	150,0	0,0	0,0	50,0	0,0	0,0	0,0	0,0	0,0	0,0	0,0	0,0	0,0	0,0	0,0	0,0	0,0	0,0	0,0	0,0	0,0	0,0	0,0	0,0	0,0	0,0	0,0	0,0	0,0	0,0	0,0
17.09.2026 11:07:26	150,0	50,0	0,0	0,0	0,0	0,0	0,0	0,0	0,0	0,0	0,0	0,0	0,0	0,0	0,0	0,0	0,0	0,0	0,0	0,0	0,0	0,0	0,0	0,0	0,0	0,0	0,0	0,0	0,0	0,0	0,0
17.09.2026 11:07:32	50,0	0,0	0,0	0,0	0,0	0,0	0,0	0,0	0,0	0,0	0,0	0,0	0,0	0,0	30,0	20,0	0,0	0,0	0,0	0,0	0,0	0,0	0,0	0,0	0,0	0,0	0,0	0,0	0,0	0,0	0,0
17.09.2026 11:07:38	100,0	50,0	50,0	0,0	0,0	0,0	0,0	0,0	0,0	0,0	0,0	0,0	0,0	0,0	0,0	0,0	0,0	0,0	0,0	0,0	0,0	0,0	0,0	0,0	0,0	0,0	0,0	0,0	0,0	0,0	0,0
17.09.2026 11:07:44	50,0	0,0	50,0	50,0	0,0	0,0	0,0	0,0	0,0	0,0	0,0	0,0	0,0	0,0	0,0	0,0	0,0	0,0	0,0	0,0	0,0	0,0	0,0	0,0	0,0	0,0	0,0	0,0	0,0	0,0	0,0
17.09.2026 11:07:50	100,0	0,0	0,0	0,0	0,0	0,0	0,0	0,0	0,0	0,0	0,0	0,0	0,0	0,0	30,0	20,0	0,0	0,0	0,0	0,0	0,0	0,0	0,0	0,0	0,0	0,0	0,0	0,0	0,0	0,0	0,0
17.09.2026 11:07:56	50,0	0,0	0,0	0,0	0,0	0,0	0,0	0,0	0,0	0,0	0,0	0,0	0,0	0,0	0,0	0,0	0,0	0,0	0,0	0,0	0,0	0,0	0,0	0,0	0,0	0,0	0,0	0,0	0,0	0,0	0,0
17.09.2026 11:08:02	0,0	50,0	0,0	0,0	0,0	0,0	0,0	0,0	0,0	0,0	0,0	0,0	0,0	0,0	30,0	20,0	0,0	0,0	0,0	0,0	0,0	0,0	0,0	0,0	0,0	0,0	0,0	0,0	0,0	0,0	0,0
17.09.2026 11:08:08	0,0	0,0	0,0	0,0	0,0	0,0	0,0	0,0	0,0	0,0	0,0	0,0	0,0	0,0	0,0	0,0	0,0	0,0	0,0	0,0	0,0	0,0	0,0	0,0	0,0	0,0	0,0	0,0	0,0	0,0	0,0
17.09.2026 11:08:14	50,0	0,0	0,0	50,0	0,0	0,0	0,0	0,0	0,0	0,0	0,0	0,0	0,0	0,0	50,0	50,0	0,0	0,0	0,0	0,0	0,0	0,0	0,0	0,0	0,0	0,0	0,0	0,0	0,0	0,0	0,0
17.09.2026 11:08:20	50,0	0,0	0,0	0,0	0,0	0,0	0,0	0,0	0,0	0,0	0,0	0,0	0,0	0,0	0,0	0,0	0,0	0,0	0,0	0,0	0,0	0,0	0,0	0,0	0,0	0,0	0,0	0,0	0,0	0,0	0,0
17.09.2026 11:08:26	0,0	0,0	0,0	0,0	0,0	0,0	0,0	0,0	0,0	0,0	0,0	0,0	0,0	0,0	0,0	0,0	0,0	0,0	0,0	0,0	0,0	0,0	0,0	0,0	0,0	0,0	0,0	0,0	0,0	0,0	0,0
17.09.2026 11:08:32	50,0	100,0	0,0	0,0	0,0	0,0	0,0	0,0	0,0	0,0	0,0	0,0	0,0	0,0	0,0	0,0	0,0	0,0	0,0	0,0	0,0	0,0	0,0	0,0	0,0	0,0	0,0	0,0	0,0	0,0	0,0
17.09.2026 11:08:38	50,0	0,0	0,0	0,0	0,0	0,0	0,0	0,0	0,0	0,0	0,0	0,0	0,0	0,0	0,0	0,0	0,0	0,0	0,0	0,0	0,0	0,0	0,0	0,0	0,0	0,0	0,0	0,0	0,0	0,0	0,0
17.09.2026 11:08:44	50,0	0,0	0,0	0,0	0,0	0,0	0,0	0,0	0,0	0,0	0,0	0,0	0,0	0,0	0,0	0,0	0,0	0,0	0,0	0,0	0,0	0,0	0,0	0,0	0,0	0,0	0,0	0,0	0,0	0,0	0,0
17.09.2026 11:08:50	0,0	50,0	0,0	50,0	0,0	0,0	0,0	0,0	0,0	0,0	0,0	0,0	0,0	0,0	0,0	0,0	0,0	0,0	0,0	0,0	0,0	0,0	0,0	0,0	0,0	0,0	0,0	0,0	0,0	0,0	0,0
17.09.2026 11:08:56	0,0	0,0	0,0	0,0	0,0	0,0	0,0	0,0	0,0	0,0	0,0	0,0	0,0	0,0	0,0	0,0	0,0	0,0	0,0	0,0	0,0	0,0	0,0	0,0	0,0	0,0	0,0	0,0	0,0	0,0	0,0
17.09.2026 11:09:02	0,0	0,0	0,0	0,0	50,0	0,0	0,0	0,0	0,0	0,0	0,0	0,0	0,0	0,0	0,0	0,0	0,0	0,0	0,0	0,0	0,0	0,0	0,0	0,0	0,0	0,0	0,0	0,0	0,0	0,0	0,0
17.09.2026 11:09:08	0,0	0,0	0,0	0,0	0,0	0,0	0,0	0,0	0,0	0,0	0,0	0,0	0,0	0,0	0,0	0,0	0,0	0,0	0,0	0,0	0,0	0,0	0,0	0,0	0,0	0,0	0,0	0,0	0,0	0,0	0,0
17.09.2026 11:09:14	50,0	50,0	0,0	0,0	0,0	0,0	0,0	0,0	0,0	0,0	0,0	0,0	0,0	0,0	0,0	0,0	0,0	0,0	0,0	0,0	0,0	0,0	0,0	0,0	0,0	0,0	0,0	0,0	0,0	0,0	0,0
17.09.2026 11:09:20	0,0	50,0	0,0	0,0	0,0	0,0	0,0	0,0	0,0	0,0	0,0	0,0	0,0	0,0	0,0	0,0	0,0	0,0	0,0	0,0	0,0	0,0	0,0	0,0	0,0	0,0	0,0	0,0	0,0	0,0	0,0
17.09.2026 11:09:26	0,0	0,0	0,0	0,0	0,0	0,0	0,0	0,0	0,0	0,0	0,0	0,0	0,0	0,0	0,0	0,0	0,0	0,0	0,0	0,0	0,0	0,0	0,0	0,0	0,0	0,0	0,0	0,0	0,0	0,0	0,0
17.09.2026 11:09:32	0,0	50,0	0,0	0,0	0,0	0,0	0,0	0,0	0,0	0,0	0,0	0,0	0,0	0,0	0,0	0,0	0,0	0,0	0,0	0,0	0,0	0,0	0,0	0,0	0,0	0,0	0,0	0,0	0,0	0,0	0,0
17.09.2026 11:09:38	50,0	0,0	0,0	0,0	0,0	0,0	0,0	0,0	0,0	0,0	0,0	0,0	0,0	0,0	0,0	0,0	0,0	0,0	0,0	0,0	0,0	0,0	0,0	0,0	0,0	0,0	0,0	0,0	0,0	0,0	0,0
17.09.2026 11:09:44	100,0	50,0	0,0	0,0	0,0	0,0	0,0	0,0	0,0	0,0	0,0	0,0	0,0	0,0	0,0	0,0	0,0	0,0	0,0	0,0	0,0	0,0	0,0	0,0	0,0	0,0	0,0	0,0	0,0	0,0	0,0
17.09.2026 11:09:50	0,0	0,0	0,0	0,0	0,0	0,0	0,0	0,0	0,0	0,0	0,0	0,0	0,0	0,0	0,0	0,0	0,0	0,0	0,0	0,0	0,0	0,0	0,0	0,0	0,0	0,0	0,0	0,0	0,0	0,0	0,0
17.09.2026 11:09:56	0,0	0,0	0,0	0,0	0,0	0,0	0,0	0,0	0,0	0,0	0,0	0,0	0,0	0,0	0,0	0,0	0,0	0,0	0,0	0,0	0,0	0,0	0,0	0,0	0,0	0,0	0,0	0,0	0,0	0,0	0,0
17.09.2026 11:10:02	0,0	0,0	0,0	0,0	0,0	0,0	0,0	0,0	0,0	0,0	0,0	0,0	0,0	0,0	0,0	0,0	0,0	0,0	0,0	0,0	0,0	0,0	0,0	0,0	0,0	0,0	0,0	0,0	0,0	0,0	0,0
17.09.2026 11:10:08	0,0	0,0	0,0	0,0	0,0	0,0	0,0	0,0	0,0	0,0	0,0	0,0	0,0	0,0	0,0	0,0	0,0	0,0	0,0	0,0	0,0	0,0	0,0	0,0	0,0	0,0	0,0	0,0	0,0	0,0	0,0
17.09.2026 11:10:14	0,0	0,0	0,0	0,0	0,0	0,0	0,0	0,0	0,0	0,0	0,0	0,0	0,0	0,0	0,0	0,0	0,0	0,0	0,0	0,0	0,0	0,0	0,0	0,0	0,0	0,0	0,0	0,0	0,0	0,0	0,0
17.09.2026 11:10:20	0,0	0,0	50,0	0,0	0,0	0,0	0,0	0,0	0,0	0,0	0,0	0,0	0,0	0,0	0,0	0,0	0,0	0,0	0,0	0,0	0,0	0,0	0,0	0,0	0,0	0,0	0,0	0,0	0,0	0,0	0,0
17.09.2026 11:10:26	0,0	0,0	0,0	0,0	0,0	0,0	0,0	0,0	0,0	0,0	0,0	0,0	0,0	0,0	0,0	0,0	0,0	0,0	0,0	0,0	0,0	0,0	0,0	0,0	0,0	0,0	0,0	0,0	0,0	0,0	0,0
17.09.2026 11:10:32	50,0	0,0	0,0	0,0	0,0	0,0	0,0	0,0	0,0	0,0	0,0	0,0	0,0	0,0	0,0	0,0	0,0	0,0	0,0	0,0	0,0	0,0	0,0	0,0	0,0	0,0	0,0	0,0	0,0	0,0	0,0
17.09.2026 11:10:38	0,0	0,0	0,0	0,0	0,0	0,0	0,0	0,0	0,0	0,0	0,0	0,0	0,0	0,0	0,0	0,0	0,0	0,0	0,0	0,0	0,0	0,0	0,0	0,0	0,0	0,0	0,0	0,0	0,0	0,0	0,0
17.09.2026 11:10:44	0,0	0,0	0,0	0,0	0,0	0,0	0,0	0,0	0,0	0,0	0,0	0,0	0,0	0,0	0,0	0,0	0,0	0,0	0,0	0,0	0,0	0,0	0,0	0,0	0,0	0,0	0,0	0,0	0,0	0,0	0,0
17.09.2026 11:10:50	0,0	0,0	0,0	0,0	0,0	0,0	0,0	0,0	0,0	0,0	0,0	0,0	0,0	0,0	0,0	0,0	0,0	0,0	0,0	0,0	0,0	0,0	0,0	0,0	0,0	0,0	0,0	0,0	0,0	0,0	0,0
17.09.2026 11:10:56	0,0	0,0	0,0	0,0	0,0	0,0	0,0	0,0	0,0	0,0	0,0	0,0	0,0	0,0	0,0	0,0	0,0	0,0	0,0	0,0	0,0	0,0	0,0	0,0	0,0	0,0	0,0	0,0	0,0	0,0	0,0
17.09.2026 11:11:02	100,0	0,0	0,0	0,0	0,0	0,0	0,0	0,0	0,0	0,0	0,0	0,0	0,0	0,0	0,0	0,0	0,0	0,0	0,0	0,0	0,0	0,0	0,0	0,0	0,0	0,0	0,0	0,0	0,0	0,0	0,0
17.09.2026 11:11:08	0,0	0,0	50,0	0,0	0,0	0,0	0,0	0,0	0,0	0,0	0,0	0,0	0,0	0,0	0,0	0,0	0,0	0,0	0,0	0,0	0,0	0,0	0,0	0,0	0,0	0,0	0,0	0,0	0,0	0,0	0,0
17.09.2026 11:11:14	50,0	0,0	0,0	0,0	0,0	0,0	0,0	0,0	0,0	0,0	0,0	0,0	0,0	0,0	0,0	0,0	0,0	0,0	0,0	0,0	0,0	0,0	0,0	0,0	0,0	0,0	0,0	0,0	0,0	0,0	0,0
17.09.2026 11:11:20	0,0	0,0	0,0	0,0	0,0	0,0	0,0	0,0	0,0	0,0	0,0	0,0	0,0	0,0	0,0	0,0	0,0	0,0	0,0	0,0	0,0	0,0	0,0	0,0	0,0	0,0	0,0	0,0	0,0	0,0	0,0
17.09.2026 11:11:26	0,0	50,0	0,0	0,0	0,0	0,0	0,0	0,0	0,0	0,0	0,0	0,0	0,0	0,0	0,0	0,0	0,0	0,0	0,0	0,0	0,0	0,0	0,0	0,0	0,0	0,0	0,0	0,0	0,0	0,0	0,0
17.09.2026 11:11:32	50,0	0,0	0,0	50,0	0,0	0,0	0,0	0,0	0,0	0,0	0,0	0,0	0,0	0,0	0,0	0,0	0,0	0,0	0,0	0,0	0,0	0,0	0,0	0,0	0,0	0,0	0,0	0,0	0,0	0,0	0,0
17.09.2026 11:11:38	0,0	50,0	0,0	0,0	0,0	0,0	0,0	0,0	0,0	0,0	0,0	0,0	0,0	0,0	0,0	0,0	0,0	0,0	0,0	0,0	0,0	0,0	0,0	0,0	0,0	0,0	0,0	0,0	0,0	0,0	0,0
17.09.2026 11:11:44	50,0	0,0	0,0	0,0	0,0	0,0	0,0	0,0	0,0	0,0	0,0	0,0	0,0	0,0	0,0	0,0	0,0	0,0	0,0	0,0	0,0	0,0	0,0	0,0	0,0	0,0	0,0	0,0	0,0	0,0	0,0
17.09.2026 11:11:50	0,0	0,0	0,0	0,0	0,0	0,0	0,0	0,0	0,0	0,0	0,0	0,0	0,0	0,0	0,0	0,0	0,0	0,0	0,0	0,0	0,0	0,0	0,0	0,0	0,0	0,0	0,0	0,0	0,0	0,0	0,0
17.09.2026 11:11:56	50,0	0,0	0,0	0,0	0,0	0,0	0,0	0,0	0,0	0,0	0,0	0,0	0,0	0,0	0,0	0,0	0,0	0,0	0,0	0,0	0,0	0,0	0,0	0,0	0,0	0,0	0,0	0,0	0,0	0,0	0,0
17.09.2026 11:12:02	50,0	0,0	0,0	0,0	0,0	0,0	0,0	0,0	0,0	0,0	0,0	0,0	0,0	0,0	0,0	0,0	0,0	0,0	0,0	0,0	0,0	0,0	0,0	0,0	0,0	0,0	0,0	0,0	0,0	0,0	0,0
17.09.2026 11:12:08	0,0	0,0	0,0	0,0	0,0	0,0	0,0	0,0	0,0	0,0	0,0	0,0	0,0	0,0	0,0	0,0	0,0	0,0	0,0	0,0	0,0	0,0	0,0	0,0	0,0	0,0	0,0	0,0	0,0	0,0	0,0
17.09.2026 11:12:14	0,0	0,0	0,0	0,0	0,0	0,0	50,0	0,0	0,0	0,0	0,0	0,0	0,0	0,0	0,0	0,0	0,0	0,0	0,0	0,0	0,0	0,0	0,0	0,0	0,0	0,0	0,0	0,0	0,0	0,0	0,0
17.09.2026 11:12:20	0,0	0,0	0,0	0,0	0,0	0,0	0,0	0,0	0,0	0,0	0,0	0,0	0,0	0,0	0,0	0,0	0,0	0,0	0,0	0,0	0,0	0,0	0,0	0,0	0,0	0,0	0,0	0,0	0,0	0,0	0,0
17.09.2026 11:12:26	0,0	0,0	0,0	0,0	0,0	0,0	0,0	0,0	0,0	0,0	0,0	0,0	0,0	0,0	0,0	0,0	0,0	0,0	0,0	0,0	0,0	0,0	0,0	0,0	0,0	0,0	0,0	0,0	0,0	0,0	0,0
17.09.2026 11:12:32	0,0	0,0	0,0	0,0	0,0	0,0	0,0	0,0	0,0	0,0	0,0	0,0	0,0	0,0	0,0	0,0	0,0	0,0	0,0	0,0	0,0	0,0	0,0	0,0	0,0	0,0	0,0	0,0	0,0	0,0	0,0
17.09.2026 11:12:38	50,0	0,0	0,0	0,0	0,0	0,0	0,0	0,0	0,0	0,0	0,0	0,0	0,0	0,0	0,0	0,0	0,0	0,0	0,0	0,0	0,0	0,0	0,0	0,0	0,0	0,0	0,0	0,0	0,0	0,0	0,0
17.09.2026 11:12:44	0,0	0,0	0,0	0,0	0,0	0,0	0,0	0,0	0,0	0,0	0,0	0,0	0,0	0,0	0,0	0,0	0,0	0,0	0,0	0,0	0,0	0,0	0,0	0,0	0,0	0,0	0,0	0,0	0,0	0,0	0,0
17.09.2026 11:12:50	0,0	0,0	0,0	0,0	0,0	0,0	0,0	0,0	0,0	0,0	0,0	0,0	0,0	0,0	0,0	0,0	0,0	0,0	0,0	0,0	0,0	0,0	0,0	0,0	0,0	0,0	0,0	0,0	0,0	0,0	0,0
17.09.2026 11:12:56	50,0	0,0	0,0	0,0	0,0	0,0	0,0	0,0	0,0	0,0	0,0	0,0	0,0	0,0	0,0	0,0	0,0	0,0	0,0	0,0	0,0	0,0	0,0	0,0	0,0	0,0	0,0	0,0	0,0	0,0	0,0
17.09.2026 11:13:02	0,0	0,0	0,0	0,0	0,0	0,0	0,0	0,0	0,0	0,0	0,0	0,0	0,0	0,0	0,0	0,0	0,0	0,0	0,0	0,0	0,0	0,0	0,0	0,0	0,0	0,0	0,0	0,0	0,0	0,0	0,0
17.09.2026 11:13:08	50,0	0,0	0,0	0,0	0,0	0,0	0,0	0,0	0,0	0,0	0,0	0,0	0,0	0,0	0,0	0,0	0,0	0,0	0,0	0,0	0,0	0,0	0,0	0,0	0,0	0,0	0,0	0,0	0,0	0,0	0,0
17.09.2026 11:13:14	50,0	0,0	0,0	0,0	0,0	0,0	0,0	0,0	0,0	0,0	0,0	0,0	0,0	0,0	0,0	0,0	0,0	0,0	0,0	0,0	0,0	0,0	0,0	0,0	0,0	0,0	0,0	0,0	0,0	0,0	0,0
17.09.2026 11:13:20	0,0	0,0	0,0	0,0	0,0	0,0	0,0	0,0	0,0	0,0	0,0	0,0	0,0	0,0	0,0	0,0	0,0	0,0	0,0	0,0	0,0	0,0	0,0	0,0	0,0	0,0	0,0	0,0	0,0	0,0	0,0
17.09.2026 11:13:26	0,0	50,0	0,0	0,0	0,0	0,0	0,0	0,0	0,0	0,0	0,0	0,0	0,0	0,0	0,0	0,0	0,0	0,0	0,0	0,0	0,0	0,0	0,0	0,0	0,0	0,0	0,0	0,0	0,0	0,0	0,0
17.09.2026 11:13:32	0,0	0,0	0,0	0,0	0,0	0,0	0,0	0,0	0,0	0,0	0,0	0,0	0,0	0,0	0,0	0,0	0,0	0,0	0,0	0,0	0,0	0,0	0,0	0,0	0,0	0,0	0,0	0,0	0,0	0,0	0,0
17.09.2026 11:13:38	0,0	0,0	0,0	0,0	0,0	0,0	0,0	0,0	0,0	0,0	0,0	0,0	0,0	0,0	0,0	0,0	0,0	0,0	0,0	0,0	0,0	0,0	0,0	0,0	0,0	0,0	0,0	0,0	0,0	0,0	0,0
17.09.2026 11:13:44	0,0	0,0	0,0	0,0	0,0	0,0	0,0	0,0	0,0	0,0	0,0	0,0	0,0	0,0	0,0	0,0	0,0	0,0	0,0	0,0	0,0	0,0	0,0	0,0	0,0	0,0	0,0	0,0	0,0	0,0	0,0
17.09.2026 11:13:50	0,0	0,0	0,0	0,0	0,0	0,0	0,0	0,0	0,0	0,0	0,0	0,0	0,0	0,0	0,0	0,0	0,0	0,0	0,0	0,0	0,0	0,0	0,0	0,0	0,0	0,0	0,0	0,0	0,0	0,0	0,0
17.09.2026 11:13:56	0,0	0,0	0,0	0,0	0,0	0,0	0,0	0,0	0,0	0,0	0,0	0,0	0,0	0,0	0,0	0,0	0,0	0,0	0,0	0,0	0,0	0,0	0,0	0,0	0,0	0,0	0,0	0,0	0,0	0,0	0,0
17.09.2026 11:14:02	50,0	0,0	0,0	0,0	0,0	0,0	0,0	0,0	0,0	0,0	0,0	0,0	0,0	0,0	0,0	0,0	0,0	0,0	0,0	0,0	0,0	0,0	0,0	0,0	0,0	0,0	0,0	0,0	0,0	0,0	0,0
17.09.2026 11:14:08	50,0	0,0	0,0	0,0	50,0	0,0	0,0	0,0	0,0	0,0	0,0	0,0	0,0	0,0	0,0	0,0	0,0	0,0	0,0	0,0	0,0	0,0	0,0	0,0	0,0	0,0	0,0	0,0	0,0	0,0	0,0
17.09.2026 11:14:14	50,0	0,0	0,0	0,0	0,0	0,0	0,0	0,0	0,0	0,0	0,0	0,0	0,0	0,0	0,0	0,0	0,0	0,0	0,0	0,0	0,0	0,0	0,0	0,0	0,0	0,0	0,0	0,0	0,0	0,0	0,0
17.09.2026 11:14:20	0,0	0,0	0,0	0,0	0,0	0,0	0,0	0,0	0,0	0,0	0,0	0,0	0,0	0,0	0,0	0,0	0,0	0,0	0,0	0,0	0,0	0,0	0,0	0,0	0,0	0,0	0,0	0,0	0,0	0,0	0,0
17.09.2026 11:14:26	0,0	50,0	0,0	0,0	0,0	0,0	0,0	0,0	0,0	0,0	0,0	0,0	0,0	0,0	0,0	0,0	0,0	0,0	0,0	0,0	0,0	0,0	0,0	0,0	0,0	0,0	0,0	0,0	0,0	0,0	0,0
17.09.2026 11:14:32	0,0	0,0	0,0	0,0	0,0	50,0	0,0	0,0	0,0	0,0	0,0	0,0	0,0	0,0	0,0	0,0	0,0	0,0	0,0	0,0	0,0	0,0	0,0	0,0	0,0	0,0	0,0	0,0	0,0	0,0	0,0
17.09.2026 11:14:38	0,0	0,0	0,0	0,0	0,0	0,0	0,0	0,0	0,0	0,0	0,0	0,0	0,0	0,0	0,0	0,0	0,0	0,0	0,0	0,0	0,0	0,0	0,0	0,0	0,0	0,0	0,0	0,0	0,0	0,0	0,0
17.09.2026 11:14:44	50,0	0,0	0,0	0,0	0,0	0,0	0,0	0,0	0,0	0,0	0,0	0,0	0,0	0,0	0,0	0,0	0,0	0,0	0,0	0,0	0,0	0,0	0,0	0,0	0,0	0,0	0,0	0,0	0,0	0,0	0,0
17.09.2026 11:14:50	50,0	0,0	0,0	0,0	0,0	0,0	0,0	0,0	0,0	0,0	0,0	0,0	0,0	0,0	0,0	0,0	0,0	0,0	0,0	0,0	0,0	0,0	0,0	0,0	0,0	0,0	0,0	0,0	0,0	0,0	0,0
17.09.2026 11:14:56	100,0	0,0	0,0	0,0	0,0	0,0	0,0	0,0	0,0	0,0	0,0	0,0	0,0	0,0	0,0	0,0	0,0	0,0	0,0	0,0	0,0	0,0	0,0	0,0	0,0	0,0	0,0	0,0	0,0	0,0	0,0
17.09.2026 11:15:02	0,0	0,0	0,0	0,0	0,0	0,0	0,0	0,0	0,0	0,0	0,0	0,0	0,0	0,0	20,0	20,0	0,0	0,0	0,0	0,0	0,0	0,0	0,0	10,0	0,0	0,0	0,0	0,0	0,0	0,0	0,0
17.09.2026 11:15:08	0,0	0,0	0,0	0,0	0,0	0,0	0,0	0,0	0,0	0,0	0,0	0,0	0,0	0,0	0,0	0,0	0,0	0,0	0,0	0,0	0,0	0,0	0,0	0,0	0,0	0,0	0,0	0,0	0,0	0,0	0,0
17.09.2026 11:15:14	100,0	0,0	200,0	0,0	0,0	0,0	0,0	0,0	0,0	0,0	0,0	0,0	0,0	0,0	10,0	0,0	0,0	10,0	0,0	0,0	0,0	30,0	0,0	0,0	0,0	0,0	0,0	0,0	0,0	0,0	0,0
17.09.2026 11:15:20	50,0	0,0	100,0	0,0	50,0	0,0	0,0	50,0	0,0	0,0	0,0	0,0	0,0	0,0	0,0	0,0	0,0	0,0	0,0	0,0	0,0	0,0	0,0	0,0	0,0	0,0	0,0	0,0	0,0	0,0	0,0
17.09.2026 11:15:26	50,0	0,0	0,0	0,0	0,0	0,0	0,0	0,0	50,0	100,0	50,0	0,0	0,0	0,0	10,0	0,0	10,0	0,0	0,0	0,0	10,0	0,0	20,0	0,0	0,0	0,0	0,0	0,0	0,0	0,0	0,0
17.09.2026 11:15:32	0,0	50,0	50,0	50,0	100,0	50,0	50,0	50,0	0,0	50,0	0,0	50,0	0,0	0,0	20,0	40,0	10,0	0,0	0,0	0,0	0,0	10,0	10,0	0,0	10,0	0,0	0,0	0,0	0,0	0,0	0,0
17.09.2026 11:15:38	50,0	100,0	50,0	100,0	50,0	50,0	0,0	0,0	50,0	0,0	0,0	0,0	0,0	0,0	0,0	0,0	30,0	0,0	10,0	10,0	10,0	10,0	10,0	0,0	10,0	10,0	0,0	0,0	0,0	0,0	0,0
17.09.2026 11:15:44	50,0	150,0	50,0	0,0	0,0	0,0	0,0	0,0	0,0	0,0	0,0	0,0	0,0	0,0	80,0	30,0	20,0	0,0	0,0	0,0	10,0	0,0	0,0	0,0	0,0	0,0	0,0	10,0	0,0	0,0	0,0
17.09.2026 11:15:50	0,0	0,0	0,0	50,0	50,0	50,0	0,0	0,0	0,0	0,0	50,0	0,0	50,0	50,0	0,0	0,0	10,0	0,0	10,0	10,0	0,0	0,0	10,0	10,0	0,0	0,0	0,0	0,0	0,0	0,0	0,0
17.09.2026 11:15:56	50,0	0,0	0,0	50,0	50,0	100,0	0,0	0,0	0,0	0,0	0,0	0,0	0,0	0,0	0,0	10,0	10,0	0,0	0,0	0,0	0,0	0,0	0,0	0,0	20,0	0,0	10,0	0,0	0,0	0,0	0,0
17.09.2026 11:16:02	0,0	50,0	100,0	0,0	50,0	50,0	50,0	0,0	50,0	50,0	50,0	0,0	0,0	0,0	50,0	0,0	0,0	0,0	10,0	0,0	0,0	0,0	10,0	20,0	0,0	0,0	0,0	0,0	10,0	0,0	0,0
17.09.2026 11:16:08	100,0	0,0	100,0	50,0	50,0	50,0	100,0	0,0	0,0	50,0	0,0	0,0	0,0	0,0	0,0	0,0	0,0	10,0	0,0	10,0	20,0	0,0	0,0	0,0	10,0	0,0	0,0	0,0	0,0	0,0	0,0
17.09.2026 11:16:14	50,0	50,0	0,0	100,0	0,0	0,0	0,0	0,0	100,0	50,0	0,0	0,0	0,0	0,0	20,0	40,0	10,0	10,0	0,0	0,0	10,0	0,0	0,0	10,0	0,0	0,0	0,0	0,0	0,0	0,0	0,0
17.09.2026 11:16:20	0,0	0,0	100,0	0,0	50,0	0,0	0,0	0,0	0,0	0,0	50,0	0,0	0,0	0,0	40,0	40,0	10,0	0,0	0,0	10,0	0,0	0,0	0,0	0,0	0,0	0,0	0,0	0,0	0,0	0,0	0,0
17.09.2026 11:16:26	50,0	50,0	0,0	50,0	50,0	0,0	0,0	0,0	0,0	0,0	0,0	0,0	50,0	50,0	20,0	20,0	10,0	0,0	0,0	0,0	0,0	0,0	0,0	0,0	0,0	0,0	0,0	0,0	0,0	0,0	0,0
17.09.2026 11:16:32	50,0	100,0	0,0	100,0	50,0	100,0	0,0	0,0	0,0	0,0	0,0	0,0	0,0	50,0	100,0	0,0	0,0	0,0	20,0	0,0	10,0	10,0	10,0	0,0	0,0	0,0	0,0	0,0	0,0	0,0	0,0
17.09.2026 11:16:38	100,0	50,0	100,0	0,0	0,0	0,0	0,0	50,0	0,0	50,0	0,0	0,0	0,0	0,0	100,0	40,0	0,0	0,0	0,0	0,0	0,0	0,0	0,0	10,0	0,0	0,0	0,0	0,0	0,0	0,0	0,0
17.09.2026 11:16:44	50,0	0,0	0,0	0,0	0,0	0,0	0,0	50,0	0,0	0,0	0,0	0,0	0,0	0,0	40,0	40,0	0,0	0,0	0,0	0,0	0,0	10,0	10,0	0,0	0,0	0,0	0,0	0,0	0,0	0,0	0,0
17.09.2026 11:16:50	0,0	0,0	100,0	0,0	50,0	0,0	0,0	0,0	0,0	0,0	50,0	0,0	0,0	0,0	100,0	40,0	10,0	0,0	0,0	0,0	0,0	0,0	20,0	10,0	20,0	0,0	0,0	0,0	0,0	0,0	0,0
17.09.2026 11:16:56	0,0	50,0	50,0	0,0	0,0	0,0	50,0	50,0	0,0	0,0	0,0	0,0	0,0	50,0	0,0	0,0	0,0	0,0	0,0	0,0	0,0	0,0	0,0	0,0	0,0	0,0	0,0	0,0	0,0	0,0	0,0
17.09.2026 11:17:02	100,0	50,0	50,0	50,0	300,0	50,0	0,0	0,0	0,0	0,0	0,0	0,0	0,0	0,0	30,0	10,0	0,0	10,0	0,0	0,0	20,0	0,0	10,0	10,0	0,0	0,0	0,0	0,0	0,0	10,0	0,0
17.09.2026 11:17:08	50,0	50,0	200,0	250,0	0,0	200,0	0,0	200,0	0,0	100,0	50,0	0,0	50,0	0,0	70,0	60,0	50,0	20,0	20,0	0,0	10,0	0,0	30,0	60,0	10,0	10,0	10,0	0,0	0,0	0,0	0,0
17.09.2026 11:17:14	100,0	150,0	150,0	250,0	450,0	350,0	150,0	0,0	50,0	50,0	150,0	100,0	0,0	150,0	80,0	120,0	50,0	30,0	20,0	10,0	0,0	10,0	10,0	20,0	10,0	20,0	20,0	0,0	0,0	0,0	0,0
17.09.2026 11:17:20	100,0	50,0	200,0	50,0	50,0	0,0	50,0	0,0	100,0	0,0	100,0	100,0	50,0	0,0	160,0	110,0	40,0	0,0	20,0	40,0	10,0	0,0	10,0	30,0	30,0	10,0	30,0	10,0	0,0	0,0	0,0
17.09.2026 11:17:26	50,0	100,0	150,0	300,0	150,0	200,0	0,0	0,0	50,0	0,0	50,0	100,0	50,0	50,0	130,0	60,0	70,0	30,0	20,0	20,0	30,0	40,0	40,0	10,0	0,0	0,0	0,0	0,0	0,0	0,0	0,0
17.09.2026 11:17:32	150,0	50,0	50,0	200,0	300,0	100,0	50,0	100,0	100,0	0,0	0,0	50,0	100,0	0,0	50,0	40,0	20,0	30,0	10,0	30,0	0,0	20,0	30,0	20,0	20,0	20,0	0,0	10,0	0,0	0,0	0,0
17.09.2026 11:17:38	50,0	100,0	200,0	50,0	100,0	150,0	150,0	0,0	100,0	100,0	50,0	100,0	0,0	50,0	190,0	70,0	40,0	20,0	40,0	10,0	10,0	0,0	20,0	10,0	40,0	0,0	0,0	0,0	0,0	0,0	0,0
17.09.2026 11:17:44	200,0	100,0	100,0	100,0	200,0	50,0	150,0	50,0	100,0	150,0	0,0	100,0	0,0	0,0	60,0	90,0	10,0	30,0	20,0	0,0	30,0	50,0	20,0	20,0	20,0	0,0	0,0	0,0	0,0	0,0	0,0
17.09.2026 11:17:50	100,0	50,0	200,0	250,0	350,0	150,0	100,0	50,0	0,0	100,0	0,0	150,0	150,0	100,0	40,0	90,0	20,0	10,0	40,0	20,0	10,0	40,0	20,0	20,0	30,0	0,0	10,0	0,0	0,0	0,0	0,0
17.09.2026 11:17:56	100,0	0,0	300,0	200,0	250,0	200,0	350,0	150,0	100,0	0,0	0,0	50,0	0,0	100,0	140,0	0,0	10,0	50,0	20,0	10,0	10,0	20,0	10,0	20,0	0,0	10,0	0,0	0,0	0,0	0,0	0,0
17.09.2026 11:18:02	300,0	100,0	100,0	100,0	200,0	50,0	50,0	100,0	300,0	150,0	0,0	100,0	50,0	150,0	110,0	100,0	40,0	20,0	10,0	20,0	20,0	20,0	60,0	80,0	10,0	10,0	0,0	0,0	0,0	0,0	0,0
17.09.2026 11:18:08	200,0	100,0	200,0	100,0	350,0	200,0	50,0	50,0	0,0	50,0	50,0	50,0	100,0	50,0	40,0	50,0	60,0	10,0	70,0	20,0	60,0	10,0	40,0	30,0	0,0	0,0	10,0	0,0	0,0	0,0	0,0
17.09.2026 11:18:14	50,0	150,0	200,0	200,0	300,0	250,0	150,0	150,0	100,0	50,0	0,0	0,0	50,0	150,0	110,0	30,0	40,0	40,0	10,0	10,0	10,0	10,0	30,0	20,0	40,0	0,0	0,0	0,0	0,0	0,0	0,0
17.09.2026 11:18:20	100,0	100,0	250,0	200,0	300,0	200,0	350,0	100,0	50,0	100,0	0,0	50,0	50,0	0,0	20,0	0,0	20,0	40,0	20,0	30,0	0,0	30,0	30,0	20,0	10,0	20,0	0,0	10,0	0,0	0,0	0,0
17.09.2026 11:18:26	150,0	150,0	150,0	150,0	250,0	450,0	350,0	100,0	100,0	100,0	150,0	50,0	50,0	50,0	60,0	20,0	30,0	50,0	30,0	20,0	40,0	40,0	50,0	30,0	30,0	0,0	0,0	0,0	0,0	0,0	0,0
17.09.2026 11:18:32	150,0	150,0	50,0	400,0	250,0	300,0	450,0	150,0	150,0	200,0	100,0	0,0	50,0	200,0	80,0	70,0	30,0	40,0	30,0	20,0	20,0	20,0	50,0	40,0	30,0	0,0	0,0	10,0	10,0	0,0	0,0
17.09.2026 11:18:38	200,0	100,0	250,0	150,0	600,0	350,0	50,0	100,0	200,0	50,0	50,0	0,0	100,0	150,0	110,0	150,0	70,0	30,0	30,0	50,0	10,0	20,0	60,0	10,0	0,0	10,0	0,0	0,0	0,0	0,0	0,0
17.09.2026 11:18:44	100,0	100,0	50,0	100,0	400,0	300,0	250,0	100,0	0,0	50,0	100,0	150,0	50,0	50,0	0,0	0,0	0,0	20,0	30,0	30,0	20,0	40,0	40,0	0,0	60,0	0,0	0,0	0,0	10,0	0,0	0,0
17.09.2026 11:18:50	150,0	100,0	150,0	500,0	450,0	200,0	200,0	200,0	150,0	150,0	100,0	250,0	50,0	0,0	30,0	0,0	30,0	100,0	30,0	20,0	30,0	10,0	30,0	30,0	10,0	10,0	10,0	0,0	10,0	0,0	0,0
17.09.2026 11:18:56	150,0	150,0	150,0	300,0	300,0	550,0	150,0	250,0	200,0	50,0	100,0	100,0	150,0	200,0	210,0	110,0	50,0	90,0	20,0	20,0	40,0	10,0	20,0	10,0	20,0	20,0	20,0	10,0	0,0	0,0	0,0
17.09.2026 11:19:02	150,0	50,0	100,0	200,0	300,0	350,0	300,0	100,0	100,0	50,0	150,0	100,0	250,0	0,0	10,0	50,0	70,0	70,0	40,0	10,0	20,0	40,0	20,0	70,0	20,0	20,0	0,0	0,0	0,0	10,0	0,0
17.09.2026 11:19:08	100,0	200,0	100,0	50,0	600,0	200,0	250,0	100,0	150,0	200,0	50,0	100,0	200,0	50,0	240,0	220,0	20,0	30,0	50,0	10,0	20,0	30,0	40,0	20,0	0,0	10,0	0,0	0,0	10,0	0,0	0,0
17.09.2026 11:19:14	150,0	0,0	150,0	300,0	200,0	150,0	250,0	0,0	100,0	100,0	150,0	150,0	150,0	50,0	0,0	0,0	50,0	80,0	40,0	30,0	30,0	10,0	70,0	60,0	30,0	0,0	0,0	0,0	0,0	0,0	0,0
17.09.2026 11:19:20	100,0	150,0	200,0	150,0	250,0	450,0	400,0	300,0	300,0	0,0	100,0	50,0	100,0	200,0	250,0	70,0	70,0	60,0	50,0	30,0	10,0	20,0	20,0	20,0	30,0	20,0	0,0	0,0	0,0	0,0	0,0
17.09.2026 11:19:26	150,0	250,0	250,0	300,0	450,0	50,0	250,0	150,0	150,0	100,0	200,0	200,0	200,0	100,0	40,0	60,0	120,0	70,0	50,0	40,0	50,0	10,0	50,0	30,0	20,0	10,0	0,0	0,0	0,0	0,0	0,0
17.09.2026 11:19:32	50,0	150,0	50,0	500,0	450,0	350,0	250,0	250,0	200,0	250,0	300,0	0,0	100,0	150,0	150,0	170,0	80,0	20,0	30,0	0,0	10,0	20,0	30,0	40,0	20,0	20,0	10,0	0,0	0,0	0,0	0,0
17.09.2026 11:19:38	250,0	250,0	200,0	450,0	550,0	200,0	200,0	250,0	150,0	100,0	100,0	150,0	100,0	0,0	100,0	30,0	60,0	60,0	40,0	40,0	40,0	10,0	60,0	0,0	30,0	30,0	0,0	0,0	0,0	0,0	0,0
17.09.2026 11:19:44	150,0	250,0	50,0	400,0	700,0	300,0	500,0	100,0	150,0	300,0	100,0	100,0	0,0	150,0	330,0	190,0	40,0	50,0	70,0	50,0	30,0	70,0	60,0	60,0	10,0	30,0	10,0	0,0	0,0	0,0	0,0
17.09.2026 11:19:50	150,0	250,0	350,0	400,0	200,0	350,0	250,0	300,0	100,0	150,0	250,0	200,0	400,0	50,0	150,0	180,0	100,0	40,0	20,0	20,0	10,0	30,0	50,0	30,0	50,0	20,0	0,0	0,0	0,0	0,0	0,0
17.09.2026 11:19:56	50,0	400,0	200,0	400,0	250,0	300,0	250,0	50,0	50,0	50,0	50,0	100,0	100,0	150,0	70,0	60,0	130,0	60,0	20,0	20,0	30,0	30,0	30,0	60,0	50,0	10,0	30,0	0,0	0,0	0,0	0,0
17.09.2026 11:20:02	350,0	250,0	200,0	350,0	400,0	550,0	400,0	50,0	150,0	100,0	300,0	100,0	50,0	150,0	110,0	110,0	80,0	40,0	30,0	10,0	70,0	30,0	10,0	40,0	30,0	10,0	0,0	20,0	10,0	0,0	0,0
17.09.2026 11:20:08	200,0	200,0	50,0	350,0	600,0	350,0	150,0	100,0	200,0	100,0	150,0	50,0	100,0	100,0	40,0	70,0	90,0	0,0	30,0	70,0	10,0	50,0	40,0	50,0	40,0	10,0	0,0	0,0	0,0	0,0	0,0
17.09.2026 11:20:14	300,0	200,0	350,0	300,0	450,0	200,0	150,0	350,0	200,0	150,0	200,0	50,0	50,0	200,0	90,0	160,0	60,0	80,0	40,0	80,0	20,0	20,0	30,0	40,0	20,0	10,0	0,0	0,0	0,0	0,0	0,0
17.09.2026 11:20:20	150,0	150,0	550,0	150,0	900,0	700,0	200,0	100,0	50,0	250,0	200,0	150,0	200,0	200,0	0,0	0,0	100,0	80,0	10,0	30,0	30,0	20,0	50,0	10,0	40,0	10,0	10,0	10,0	0,0	0,0	0,0
17.09.2026 11:20:26	200,0	100,0	200,0	300,0	700,0	150,0	700,0	250,0	200,0	150,0	150,0	50,0	200,0	50,0	10,0	0,0	100,0	40,0	30,0	30,0	40,0	10,0	10,0	60,0	30,0	40,0	0,0	0,0	0,0	0,0	0,0
17.09.2026 11:20:32	500,0	300,0	200,0	500,0	700,0	450,0	300,0	50,0	100,0	150,0	100,0	50,0	150,0	100,0	0,0	0,0	0,0	70,0	50,0	10,0	30,0	20,0	40,0	70,0	50,0	0,0	10,0	0,0	0,0	0,0	0,0
17.09.2026 11:20:38	150,0	300,0	350,0	400,0	800,0	400,0	250,0	350,0	0,0	50,0	150,0	100,0	150,0	200,0	50,0	70,0	80,0	50,0	40,0	30,0	30,0	40,0	40,0	10,0	40,0	20,0	0,0	0,0	0,0	0,0	0,0
17.09.2026 11:20:44	150,0	100,0	350,0	450,0	500,0	550,0	300,0	200,0	100,0	200,0	200,0	50,0	100,0	50,0	170,0	20,0	80,0	30,0	60,0	30,0	10,0	40,0	20,0	50,0	40,0	0,0	0,0	0,0	0,0	0,0	0,0
17.09.2026 11:20:50	100,0	200,0	200,0	450,0	350,0	700,0	300,0	200,0	200,0	200,0	0,0	100,0	300,0	50,0	200,0	100,0	70,0	70,0	30,0	50,0	30,0	10,0	70,0	40,0	10,0	0,0	20,0	0,0	0,0	0,0	0,0
17.09.2026 11:20:56	250,0	200,0	350,0	300,0	600,0	600,0	400,0	200,0	300,0	200,0	250,0	200,0	50,0	400,0	190,0	90,0	90,0	90,0	30,0	20,0	30,0	40,0	40,0	30,0	30,0	50,0	20,0	0,0	0,0	0,0	0,0
17.09.2026 11:21:02	250,0	200,0	250,0	300,0	350,0	550,0	200,0	150,0	200,0	150,0	200,0	250,0	100,0	200,0	90,0	70,0	80,0	50,0	30,0	40,0	60,0	10,0	30,0	30,0	10,0	0,0	0,0	0,0	0,0	0,0	0,0
17.09.2026 11:21:08	100,0	250,0	650,0	400,0	400,0	450,0	150,0	150,0	100,0	100,0	300,0	200,0	100,0	300,0	140,0	140,0	60,0	80,0	80,0	10,0	40,0	30,0	40,0	70,0	20,0	10,0	10,0	10,0	10,0	0,0	0,0
17.09.2026 11:21:14	250,0	150,0	150,0	350,0	650,0	550,0	300,0	350,0	200,0	200,0	100,0	100,0	100,0	150,0	120,0	80,0	80,0	80,0	40,0	0,0	50,0	20,0	30,0	10,0	20,0	10,0	0,0	0,0	0,0	10,0	0,0
17.09.2026 11:21:20	400,0	250,0	250,0	350,0	500,0	500,0	400,0	100,0	200,0	100,0	150,0	200,0	100,0	200,0	260,0	130,0	100,0	50,0	30,0	10,0	0,0	20,0	40,0	40,0	10,0	10,0	30,0	20,0	0,0	0,0	0,0
17.09.2026 11:21:26	150,0	300,0	550,0	450,0	650,0	550,0	400,0	150,0	250,0	150,0	300,0	0,0	100,0	50,0	140,0	120,0	80,0	60,0	30,0	50,0	20,0	40,0	50,0	20,0	40,0	0,0	0,0	0,0	0,0	0,0	0,0
17.09.2026 11:21:32	300,0	150,0	400,0	350,0	450,0	500,0	350,0	200,0	100,0	100,0	300,0	250,0	100,0	200,0	90,0	20,0	100,0	80,0	20,0	50,0	30,0	30,0	20,0	40,0	30,0	20,0	10,0	10,0	0,0	0,0	0,0
17.09.2026 11:21:38	200,0	250,0	250,0	350,0	650,0	750,0	550,0	300,0	400,0	100,0	150,0	350,0	250,0	150,0	180,0	80,0	80,0	20,0	80,0	40,0	20,0	30,0	20,0	70,0	10,0	10,0	10,0	0,0	0,0	0,0	0,0
17.09.2026 11:21:44	400,0	200,0	350,0	550,0	400,0	700,0	550,0	150,0	150,0	300,0	150,0	250,0	200,0	100,0	120,0	30,0	90,0	60,0	70,0	10,0	50,0	20,0	50,0	30,0	80,0	10,0	30,0	0,0	0,0	0,0	0,0
17.09.2026 11:21:50	400,0	100,0	150,0	450,0	750,0	500,0	400,0	400,0	100,0	100,0	150,0	100,0	250,0	50,0	30,0	50,0	110,0	80,0	40,0	90,0	20,0	30,0	120,0	30,0	20,0	10,0	20,0	0,0	0,0	0,0	0,0
17.09.2026 11:21:56	400,0	600,0	450,0	500,0	900,0	400,0	400,0	150,0	200,0	200,0	300,0	150,0	250,0	100,0	70,0	0,0	80,0	80,0	40,0	10,0	60,0	30,0	70,0	20,0	10,0	20,0	10,0	0,0	0,0	0,0	0,0
17.09.2026 11:22:02	250,0	50,0	400,0	450,0	1050,0	450,0	100,0	350,0	200,0	200,0	250,0	100,0	100,0	550,0	290,0	220,0	60,0	30,0	60,0	50,0	60,0	20,0	20,0	50,0	100,0	10,0	10,0	20,0	0,0	0,0	0,0
17.09.2026 11:22:08	350,0	250,0	100,0	250,0	750,0	950,0	600,0	200,0	0,0	150,0	350,0	150,0	250,0	100,0	0,0	50,0	110,0	30,0	50,0	40,0	60,0	40,0	60,0	30,0	20,0	0,0	0,0	10,0	0,0	0,0	0,0
17.09.2026 11:22:14	500,0	350,0	350,0	550,0	1000,0	650,0	700,0	400,0	300,0	150,0	100,0	200,0	300,0	150,0	260,0	80,0	100,0	30,0	80,0	20,0	90,0	60,0	10,0	80,0	20,0	20,0	0,0	0,0	0,0	0,0	0,0
17.09.2026 11:22:20	600,0	450,0	250,0	1000,0	1000,0	500,0	300,0	400,0	250,0	50,0	150,0	200,0	50,0	200,0	220,0	190,0	100,0	90,0	50,0	20,0	90,0	30,0	20,0	30,0	10,0	30,0	10,0	0,0	10,0	0,0	0,0
17.09.2026 11:22:26	500,0	300,0	350,0	700,0	1100,0	750,0	350,0	200,0	100,0	150,0	500,0	200,0	350,0	200,0	160,0	200,0	40,0	70,0	20,0	60,0	10,0	10,0	50,0	40,0	30,0	0,0	10,0	0,0	0,0	0,0	0,0
17.09.2026 11:22:32	400,0	450,0	350,0	550,0	1100,0	700,0	350,0	300,0	150,0	250,0	300,0	250,0	200,0	50,0	370,0	140,0	100,0	110,0	40,0	50,0	30,0	40,0	50,0	130,0	20,0	10,0	10,0	0,0	0,0	0,0	0,0
17.09.2026 11:22:38	450,0	450,0	450,0	800,0	550,0	1300,0	700,0	400,0	200,0	200,0	150,0	250,0	100,0	200,0	130,0	100,0	130,0	50,0	50,0	30,0	50,0	40,0	50,0	40,0	20,0	20,0	30,0	0,0	0,0	10,0	0,0
17.09.2026 11:22:44	200,0	300,0	250,0	250,0	800,0	450,0	250,0	250,0	100,0	200,0	150,0	100,0	300,0	300,0	60,0	40,0	90,0	80,0	20,0	30,0	40,0	20,0	30,0	40,0	40,0	10,0	0,0	0,0	0,0	0,0	0,0
17.09.2026 11:22:50	300,0	350,0	550,0	950,0	950,0	600,0	550,0	350,0	250,0	150,0	250,0	150,0	250,0	350,0	90,0	220,0	150,0	100,0	50,0	70,0	30,0	20,0	60,0	60,0	50,0	20,0	10,0	20,0	0,0	0,0	0,0
17.09.2026 11:22:56	350,0	150,0	650,0	800,0	750,0	650,0	600,0	200,0	300,0	300,0	200,0	300,0	250,0	350,0	60,0	20,0	80,0	70,0	10,0	60,0	30,0	30,0	90,0	30,0	30,0	0,0	30,0	0,0	10,0	0,0	0,0
17.09.2026 11:23:02	500,0	550,0	500,0	650,0	1000,0	800,0	550,0	200,0	250,0	100,0	150,0	150,0	250,0	300,0	250,0	150,0	60,0	90,0	50,0	30,0	20,0	40,0	90,0	60,0	10,0	0,0	0,0	0,0	0,0	0,0	0,0
17.09.2026 11:23:08	400,0	400,0	550,0	450,0	700,0	1150,0	450,0	250,0	150,0	300,0	400,0	150,0	150,0	100,0	0,0	60,0	110,0	50,0	40,0	10,0	40,0	20,0	70,0	90,0	60,0	0,0	0,0	0,0	0,0	0,0	0,0
17.09.2026 11:23:14	250,0	200,0	400,0	700,0	1200,0	900,0	800,0	500,0	150,0	400,0	150,0	300,0	150,0	100,0	30,0	30,0	120,0	80,0	50,0	20,0	20,0	10,0	30,0	60,0	10,0	20,0	20,0	0,0	0,0	0,0	0,0
17.09.2026 11:23:20	310,0	450,0	850,0	1000,0	650,0	900,0	350,0	500,0	250,0	400,0	350,0	100,0	50,0	200,0	340,0	170,0	80,0	60,0	30,0	30,0	50,0	20,0	30,0	60,0	10,0	10,0	10,0	0,0	0,0	0,0	0,0
17.09.2026 11:23:26	510,0	550,0	600,0	650,0	850,0	550,0	450,0	450,0	400,0	250,0	250,0	150,0	300,0	200,0	290,0	190,0	120,0	100,0	50,0	30,0	20,0	50,0	30,0	60,0	0,0	0,0	10,0	0,0	0,0	0,0	0,0
17.09.2026 11:23:32	510,0	350,0	550,0	850,0	1050,0	1050,0	500,0	550,0	200,0	300,0	150,0	200,0	100,0	250,0	220,0	110,0	110,0	40,0	30,0	30,0	40,0	10,0	50,0	60,0	20,0	30,0	0,0	0,0	0,0	0,0	0,0
17.09.2026 11:23:38	550,0	460,0	500,0	550,0	1000,0	700,0	750,0	500,0	450,0	50,0	300,0	400,0	300,0	50,0	390,0	190,0	100,0	90,0	70,0	20,0	30,0	50,0	90,0	50,0	40,0	50,0	20,0	10,0	0,0	0,0	0,0
17.09.2026 11:23:44	600,0	300,0	100,0	600,0	1050,0	900,0	600,0	300,0	250,0	150,0	200,0	100,0	200,0	300,0	300,0	180,0	100,0	70,0	100,0	60,0	80,0	30,0	40,0	40,0	10,0	40,0	0,0	0,0	0,0	0,0	0,0
17.09.2026 11:23:50	300,0	500,0	400,0	600,0	1200,0	700,0	550,0	100,0	100,0	300,0	300,0	150,0	100,0	300,0	240,0	130,0	90,0	90,0	120,0	50,0	10,0	10,0	40,0	10,0	40,0	0,0	10,0	10,0	0,0	0,0	0,0
17.09.2026 11:23:56	550,0	600,0	660,0	700,0	950,0	950,0	650,0	400,0	250,0	450,0	350,0	600,0	300,0	100,0	320,0	160,0	140,0	70,0	30,0	50,0	50,0	30,0	80,0	30,0	10,0	30,0	0,0	0,0	0,0	0,0	0,0
17.09.2026 11:24:02	250,0	460,0	550,0	750,0	1150,0	700,0	1000,0	350,0	450,0	150,0	50,0	250,0	350,0	100,0	160,0	140,0	80,0	70,0	60,0	50,0	40,0	30,0	60,0	70,0	50,0	30,0	10,0	0,0	0,0	0,0	0,0
17.09.2026 11:24:08	700,0	410,0	700,0	950,0	1100,0	1000,0	600,0	450,0	300,0	250,0	200,0	250,0	250,0	300,0	0,0	10,0	230,0	70,0	90,0	40,0	40,0	0,0	30,0	80,0	30,0	30,0	0,0	0,0	0,0	0,0	0,0
17.09.2026 11:24:14	650,0	460,0	650,0	850,0	1250,0	750,0	450,0	400,0	200,0	150,0	200,0	150,0	250,0	550,0	370,0	180,0	70,0	90,0	70,0	40,0	0,0	40,0	10,0	20,0	30,0	20,0	10,0	0,0	0,0	0,0	0,0
17.09.2026 11:24:20	600,0	600,0	600,0	910,0	1300,0	1100,0	950,0	500,0	400,0	250,0	300,0	200,0	200,0	250,0	320,0	90,0	170,0	60,0	80,0	30,0	20,0	30,0	50,0	40,0	40,0	20,0	0,0	0,0	0,0	0,0	0,0
17.09.2026 11:24:26	650,0	400,0	550,0	850,0	1200,0	550,0	650,0	300,0	200,0	300,0	300,0	150,0	300,0	0,0	100,0	0,0	70,0	120,0	70,0	20,0	30,0	10,0	100,0	30,0	40,0	0,0	0,0	10,0	0,0	0,0	0,0
17.09.2026 11:24:32	410,0	500,0	700,0	800,0	550,0	800,0	750,0	250,0	500,0	300,0	400,0	350,0	300,0	100,0	40,0	80,0	130,0	200,0	60,0	50,0	40,0	0,0	10,0	30,0	40,0	20,0	0,0	0,0	0,0	0,0	0,0
17.09.2026 11:24:38	900,0	710,0	900,0	750,0	900,0	1150,0	400,0	150,0	250,0	450,0	250,0	300,0	350,0	200,0	0,0	10,0	180,0	70,0	60,0	60,0	40,0	10,0	60,0	30,0	60,0	20,0	0,0	0,0	0,0	0,0	0,0
17.09.2026 11:24:44	800,0	650,0	560,0	900,0	1100,0	1200,0	650,0	400,0	500,0	500,0	250,0	350,0	300,0	150,0	80,0	0,0	100,0	40,0	60,0	50,0	20,0	30,0	80,0	50,0	20,0	10,0	0,0	0,0	10,0	0,0	0,0
17.09.2026 11:24:50	760,0	300,0	450,0	1100,0	1100,0	1100,0	450,0	450,0	250,0	450,0	250,0	150,0	100,0	200,0	0,0	0,0	130,0	80,0	40,0	80,0	0,0	50,0	70,0	30,0	40,0	20,0	10,0	0,0	0,0	0,0	0,0
17.09.2026 11:24:56	700,0	410,0	450,0	850,0	750,0	1000,0	900,0	450,0	300,0	350,0	300,0	100,0	100,0	350,0	380,0	140,0	80,0	80,0	70,0	10,0	60,0	20,0	110,0	60,0	20,0	0,0	20,0	0,0	0,0	0,0	0,0
17.09.2026 11:25:02	850,0	350,0	900,0	1060,0	1250,0	950,0	850,0	350,0	350,0	450,0	300,0	350,0	250,0	200,0	130,0	110,0	110,0	80,0	40,0	10,0	50,0	0,0	70,0	60,0	60,0	10,0	20,0	0,0	0,0	0,0	0,0
17.09.2026 11:25:08	350,0	600,0	900,0	1360,0	1550,0	1150,0	950,0	300,0	200,0	400,0	300,0	200,0	300,0	150,0	310,0	210,0	80,0	60,0	70,0	60,0	70,0	30,0	30,0	30,0	10,0	30,0	10,0	0,0	0,0	0,0	0,0
17.09.2026 11:25:14	550,0	700,0	1060,0	800,0	1200,0	1200,0	650,0	300,0	350,0	300,0	200,0	400,0	350,0	100,0	30,0	70,0	120,0	130,0	60,0	40,0	30,0	50,0	40,0	70,0	20,0	20,0	20,0	0,0	0,0	0,0	0,0
17.09.2026 11:25:20	900,0	650,0	650,0	1310,0	900,0	600,0	950,0	350,0	450,0	600,0	450,0	150,0	200,0	300,0	150,0	160,0	140,0	30,0	60,0	60,0	60,0	50,0	50,0	70,0	10,0	10,0	0,0	0,0	0,0	0,0	0,0
17.09.2026 11:25:26	550,0	1260,0	700,0	850,0	1100,0	1350,0	650,0	300,0	350,0	150,0	100,0	50,0	200,0	300,0	240,0	210,0	110,0	120,0	20,0	10,0	40,0	30,0	30,0	40,0	20,0	0,0	10,0	10,0	0,0	0,0	10,0
17.09.2026 11:25:32	850,0	550,0	960,0	1300,0	1100,0	1250,0	500,0	850,0	300,0	350,0	200,0	200,0	250,0	150,0	0,0	0,0	20,0	110,0	80,0	30,0	20,0	10,0	120,0	40,0	50,0	50,0	20,0	0,0	0,0	0,0	0,0
17.09.2026 11:25:38	600,0	450,0	800,0	1660,0	1150,0	1050,0	650,0	550,0	250,0	200,0	350,0	400,0	400,0	300,0	160,0	190,0	80,0	80,0	50,0	40,0	50,0	40,0	40,0	30,0	20,0	0,0	10,0	10,0	0,0	0,0	0,0
17.09.2026 11:25:44	960,0	200,0	500,0	1200,0	1150,0	1000,0	400,0	450,0	300,0	150,0	200,0	200,0	250,0	100,0	200,0	0,0	150,0	70,0	110,0	40,0	0,0	30,0	10,0	20,0	20,0	0,0	0,0	0,0	0,0	0,0	0,0
17.09.2026 11:25:50	800,0	500,0	910,0	750,0	950,0	850,0	850,0	300,0	300,0	250,0	350,0	300,0	200,0	300,0	440,0	350,0	90,0	60,0	70,0	20,0	50,0	0,0	40,0	50,0	10,0	20,0	0,0	0,0	0,0	0,0	0,0
17.09.2026 11:25:56	550,0	900,0	860,0	750,0	1300,0	1000,0	550,0	500,0	450,0	150,0	250,0	300,0	150,0	300,0	110,0	70,0	150,0	30,0	80,0	80,0	30,0	30,0	100,0	30,0	30,0	10,0	0,0	0,0	0,0	0,0	0,0
17.09.2026 11:26:02	700,0	400,0	1060,0	850,0	950,0	1100,0	700,0	500,0	500,0	500,0	250,0	450,0	400,0	350,0	0,0	0,0	0,0	90,0	60,0	70,0	50,0	30,0	50,0	40,0	50,0	0,0	0,0	10,0	0,0	0,0	0,0
17.09.2026 11:26:08	700,0	860,0	650,0	1150,0	1200,0	1100,0	550,0	200,0	250,0	50,0	400,0	150,0	250,0	200,0	250,0	110,0	130,0	70,0	60,0	30,0	0,0	40,0	60,0	70,0	10,0	0,0	10,0	0,0	10,0	0,0	0,0
17.09.2026 11:26:14	900,0	550,0	860,0	1100,0	1500,0	950,0	700,0	400,0	250,0	200,0	400,0	200,0	300,0	150,0	100,0	90,0	90,0	100,0	60,0	50,0	40,0	40,0	20,0	30,0	20,0	10,0	0,0	0,0	0,0	0,0	0,0
17.09.2026 11:26:20	850,0	950,0	1060,0	700,0	1400,0	950,0	750,0	550,0	250,0	450,0	400,0	300,0	150,0	250,0	0,0	110,0	140,0	30,0	80,0	60,0	40,0	10,0	40,0	70,0	10,0	0,0	0,0	10,0	0,0	0,0	0,0
17.09.2026 11:26:26	900,0	750,0	800,0	1160,0	1300,0	1200,0	650,0	550,0	500,0	250,0	300,0	350,0	150,0	250,0	100,0	210,0	80,0	80,0	50,0	10,0	70,0	10,0	30,0	30,0	0,0	0,0	20,0	10,0	0,0	0,0	0,0
17.09.2026 11:26:32	800,0	1000,0	650,0	860,0	1500,0	950,0	900,0	650,0	350,0	150,0	150,0	400,0	500,0	150,0	50,0	10,0	110,0	70,0	50,0	60,0	10,0	40,0	70,0	30,0	20,0	20,0	10,0	0,0	0,0	0,0	0,0
17.09.2026 11:26:38	700,0	500,0	950,0	960,0	1250,0	1150,0	750,0	550,0	600,0	400,0	500,0	250,0	350,0	200,0	50,0	0,0	120,0	120,0	80,0	10,0	40,0	30,0	30,0	60,0	10,0	0,0	0,0	0,0	0,0	0,0	0,0
17.09.2026 11:26:44	950,0	600,0	510,0	900,0	1350,0	850,0	450,0	650,0	200,0	400,0	200,0	350,0	400,0	400,0	40,0	50,0	80,0	80,0	90,0	80,0	10,0	20,0	70,0	60,0	40,0	10,0	10,0	0,0	10,0	0,0	0,0
17.09.2026 11:26:50	650,0	850,0	850,0	1050,0	1710,0	1150,0	1000,0	400,0	250,0	300,0	300,0	350,0	250,0	350,0	340,0	250,0	70,0	60,0	30,0	90,0	20,0	10,0	40,0	70,0	10,0	50,0	10,0	0,0	0,0	0,0	0,0
17.09.2026 11:26:56	950,0	600,0	1310,0	1300,0	1050,0	1200,0	600,0	400,0	300,0	200,0	200,0	600,0	100,0	300,0	140,0	70,0	120,0	70,0	40,0	90,0	30,0	60,0	30,0	30,0	30,0	10,0	0,0	20,0	0,0	10,0	0,0
17.09.2026 11:27:02	750,0	550,0	960,0	900,0	1300,0	1050,0	900,0	450,0	400,0	250,0	200,0	150,0	400,0	250,0	90,0	0,0	100,0	80,0	40,0	30,0	50,0	30,0	80,0	10,0	60,0	30,0	0,0	0,0	0,0	0,0	0,0
17.09.2026 11:27:08	600,0	550,0	1010,0	1000,0	1300,0	1150,0	750,0	500,0	250,0	50,0	300,0	250,0	150,0	100,0	130,0	90,0	60,0	100,0	70,0	60,0	40,0	10,0	30,0	40,0	10,0	0,0	10,0	0,0	0,0	0,0	0,0
17.09.2026 11:27:14	1010,0	1050,0	1250,0	1300,0	1660,0	1650,0	750,0	550,0	600,0	500,0	450,0	450,0	250,0	400,0	630,0	310,0	70,0	50,0	70,0	60,0	50,0	10,0	10,0	10,0	20,0	0,0	0,0	10,0	0,0	0,0	0,0
17.09.2026 11:27:20	1150,0	1050,0	660,0	600,0	1250,0	900,0	450,0	450,0	550,0	300,0	300,0	300,0	150,0	250,0	260,0	170,0	80,0	90,0	80,0	40,0	50,0	40,0	50,0	50,0	50,0	10,0	10,0	0,0	0,0	0,0	20,0
17.09.2026 11:27:26	810,0	650,0	1050,0	550,0	750,0	1050,0	900,0	250,0	450,0	250,0	100,0	300,0	250,0	50,0	60,0	40,0	40,0	90,0	50,0	30,0	40,0	0,0	10,0	20,0	10,0	0,0	10,0	0,0	0,0	0,0	0,0
17.09.2026 11:27:32	1710,0	800,0	700,0	750,0	1100,0	650,0	350,0	400,0	250,0	300,0	250,0	250,0	300,0	150,0	210,0	190,0	80,0	60,0	50,0	0,0	20,0	20,0	50,0	10,0	20,0	0,0	20,0	10,0	10,0	0,0	0,0
17.09.2026 11:27:38	1200,0	1000,0	760,0	1150,0	1300,0	700,0	800,0	550,0	300,0	200,0	400,0	150,0	250,0	100,0	270,0	80,0	110,0	80,0	60,0	10,0	40,0	10,0	80,0	20,0	20,0	10,0	0,0	0,0	0,0	10,0	0,0
17.09.2026 11:27:44	1250,0	950,0	860,0	1150,0	1350,0	700,0	600,0	350,0	250,0	300,0	200,0	400,0	200,0	100,0	290,0	130,0	130,0	120,0	70,0	40,0	50,0	10,0	20,0	60,0	0,0	10,0	20,0	0,0	0,0	0,0	0,0
17.09.2026 11:27:50	1750,0	950,0	960,0	650,0	1500,0	850,0	450,0	700,0	400,0	350,0	300,0	100,0	400,0	200,0	0,0	0,0	0,0	80,0	50,0	30,0	50,0	10,0	50,0	20,0	0,0	0,0	0,0	10,0	0,0	0,0	0,0
17.09.2026 11:27:56	2460,0	800,0	800,0	650,0	550,0	650,0	400,0	250,0	400,0	300,0	400,0	50,0	200,0	100,0	330,0	200,0	30,0	30,0	30,0	0,0	10,0	10,0	10,0	30,0	30,0	10,0	20,0	10,0	0,0	0,0	0,0
17.09.2026 11:28:02	1560,0	600,0	750,0	750,0	1050,0	700,0	300,0	400,0	150,0	200,0	0,0	150,0	0,0	100,0	60,0	190,0	40,0	20,0	20,0	50,0	30,0	10,0	10,0	30,0	40,0	0,0	0,0	0,0	0,0	0,0	0,0
17.09.2026 11:28:08	1860,0	1100,0	900,0	900,0	800,0	700,0	400,0	150,0	100,0	250,0	300,0	200,0	150,0	100,0	250,0	210,0	110,0	70,0	20,0	30,0	10,0	10,0	10,0	10,0	10,0	0,0	10,0	0,0	0,0	0,0	0,0
17.09.2026 11:28:14	4860,0	1450,0	700,0	550,0	500,0	450,0	350,0	250,0	150,0	250,0	0,0	200,0	200,0	150,0	60,0	150,0	10,0	50,0	0,0	0,0	10,0	10,0	30,0	0,0	10,0	0,0	10,0	10,0	0,0	0,0	0,0
17.09.2026 11:28:20	6020,0	1850,0	950,0	1050,0	400,0	950,0	150,0	100,0	50,0	50,0	200,0	100,0	250,0	150,0	70,0	0,0	70,0	40,0	10,0	30,0	30,0	10,0	20,0	10,0	0,0	10,0	0,0	0,0	0,0	0,0	0,0
17.09.2026 11:28:26	6760,0	2050,0	600,0	350,0	700,0	350,0	250,0	100,0	100,0	100,0	50,0	250,0	200,0	50,0	100,0	80,0	0,0	40,0	20,0	0,0	0,0	0,0	40,0	20,0	0,0	0,0	0,0	0,0	0,0	0,0	0,0
17.09.2026 11:28:32	6260,0	2050,0	1250,0	550,0	350,0	400,0	150,0	250,0	150,0	150,0	150,0	100,0	0,0	50,0	0,0	0,0	20,0	30,0	30,0	10,0	0,0	30,0	10,0	20,0	0,0	0,0	0,0	0,0	0,0	0,0	0,0
17.09.2026 11:28:38	6720,0	1900,0	900,0	650,0	650,0	300,0	200,0	200,0	50,0	200,0	50,0	0,0	200,0	0,0	150,0	90,0	10,0	20,0	20,0	10,0	10,0	0,0	20,0	10,0	10,0	0,0	0,0	0,0	0,0	0,0	0,0
17.09.2026 11:28:44	7070,0	2000,0	1150,0	800,0	500,0	300,0	250,0	100,0	50,0	150,0	100,0	0,0	100,0	100,0	110,0	20,0	30,0	0,0	10,0	10,0	10,0	0,0	0,0	0,0	0,0	10,0	0,0	0,0	0,0	0,0	0,0
17.09.2026 11:28:50	6870,0	2450,0	1200,0	850,0	750,0	400,0	300,0	150,0	50,0	50,0	50,0	100,0	0,0	100,0	70,0	0,0	70,0	30,0	10,0	30,0	10,0	0,0	0,0	20,0	0,0	0,0	0,0	10,0	0,0	0,0	0,0
17.09.2026 11:28:56	6410,0	2400,0	1250,0	500,0	400,0	250,0	250,0	100,0	50,0	0,0	50,0	0,0	100,0	100,0	0,0	80,0	50,0	10,0	20,0	0,0	10,0	0,0	10,0	10,0	0,0	10,0	0,0	0,0	0,0	0,0	0,0
17.09.2026 11:29:02	7820,0	2900,0	1200,0	400,0	500,0	400,0	150,0	300,0	0,0	150,0	150,0	100,0	50,0	50,0	20,0	10,0	20,0	0,0	0,0	10,0	20,0	10,0	10,0	20,0	10,0	0,0	20,0	0,0	0,0	0,0	0,0
17.09.2026 11:29:08	7370,0	2200,0	1050,0	550,0	250,0	500,0	500,0	200,0	50,0	100,0	150,0	50,0	150,0	50,0	190,0	40,0	10,0	30,0	20,0	10,0	0,0	10,0	30,0	0,0	0,0	10,0	0,0	0,0	0,0	0,0	0,0
17.09.2026 11:29:14	8020,0	3100,0	1100,0	500,0	500,0	400,0	350,0	100,0	100,0	50,0	0,0	100,0	50,0	50,0	70,0	10,0	10,0	10,0	0,0	10,0	0,0	0,0	30,0	0,0	10,0	0,0	0,0	0,0	0,0	0,0	0,0
17.09.2026 11:29:20	9830,0	2950,0	1800,0	700,0	200,0	300,0	150,0	150,0	50,0	50,0	0,0	50,0	150,0	50,0	60,0	90,0	30,0	30,0	30,0	20,0	0,0	0,0	10,0	10,0	20,0	0,0	0,0	0,0	0,0	0,0	0,0
17.09.2026 11:29:26	9280,0	2800,0	1400,0	1050,0	350,0	350,0	300,0	100,0	100,0	200,0	100,0	100,0	50,0	0,0	40,0	0,0	30,0	10,0	30,0	0,0	20,0	0,0	20,0	0,0	0,0	0,0	0,0	0,0	0,0	0,0	0,0
17.09.2026 11:29:32	9570,0	2900,0	1250,0	600,0	450,0	300,0	250,0	100,0	50,0	150,0	0,0	50,0	50,0	0,0	0,0	0,0	40,0	20,0	20,0	0,0	0,0	0,0	10,0	0,0	10,0	0,0	0,0	0,0	0,0	0,0	0,0
17.09.2026 11:29:38	10920,0	3760,0	1550,0	600,0	500,0	350,0	150,0	0,0	50,0	100,0	100,0	50,0	50,0	100,0	0,0	30,0	10,0	30,0	10,0	0,0	10,0	0,0	0,0	0,0	10,0	0,0	0,0	0,0	0,0	0,0	0,0
17.09.2026 11:29:44	10580,0	3600,0	1350,0	400,0	700,0	200,0	100,0	0,0	100,0	0,0	150,0	0,0	100,0	50,0	50,0	0,0	0,0	0,0	10,0	10,0	20,0	0,0	20,0	20,0	10,0	10,0	0,0	0,0	0,0	0,0	0,0
17.09.2026 11:29:50	11780,0	3350,0	1400,0	600,0	500,0	250,0	100,0	300,0	0,0	0,0	0,0	150,0	100,0	50,0	0,0	0,0	0,0	20,0	30,0	30,0	0,0	0,0	10,0	10,0	0,0	0,0	0,0	0,0	0,0	0,0	0,0
17.09.2026 11:29:56	13440,0	4510,0	1550,0	750,0	300,0	200,0	150,0	100,0	100,0	100,0	250,0	50,0	150,0	50,0	0,0	0,0	10,0	10,0	10,0	10,0	10,0	0,0	0,0	0,0	0,0	0,0	0,0	0,0	0,0	0,0	0,0
17.09.2026 11:30:02	12780,0	3960,0	1550,0	550,0	400,0	300,0	150,0	50,0	250,0	50,0	100,0	0,0	100,0	50,0	0,0	0,0	0,0	20,0	10,0	10,0	20,0	0,0	30,0	10,0	0,0	0,0	0,0	0,0	0,0	0,0	0,0
17.09.2026 11:30:08	13990,0	4710,0	1900,0	750,0	400,0	200,0	400,0	150,0	100,0	50,0	100,0	0,0	100,0	0,0	90,0	10,0	30,0	0,0	0,0	10,0	10,0	0,0	0,0	0,0	0,0	0,0	0,0	0,0	0,0	0,0	0,0
17.09.2026 11:30:14	11980,0	4110,0	1400,0	600,0	450,0	350,0	250,0	0,0	200,0	0,0	100,0	100,0	0,0	50,0	0,0	0,0	30,0	10,0	20,0	10,0	0,0	10,0	10,0	10,0	0,0	0,0	0,0	0,0	0,0	0,0	0,0
17.09.2026 11:30:20	12930,0	4260,0	1200,0	1150,0	500,0	100,0	150,0	150,0	250,0	50,0	100,0	50,0	150,0	50,0	60,0	0,0	20,0	20,0	10,0	0,0	10,0	10,0	10,0	0,0	0,0	0,0	0,0	10,0	0,0	0,0	0,0
17.09.2026 11:30:26	12180,0	3560,0	1750,0	800,0	600,0	100,0	250,0	50,0	0,0	50,0	100,0	0,0	100,0	150,0	0,0	0,0	0,0	10,0	10,0	20,0	0,0	10,0	0,0	0,0	0,0	0,0	0,0	0,0	0,0	0,0	0,0
17.09.2026 11:30:32	15290,0	4960,0	1050,0	700,0	300,0	350,0	100,0	0,0	0,0	100,0	50,0	150,0	150,0	50,0	10,0	30,0	20,0	20,0	0,0	30,0	20,0	0,0	10,0	0,0	0,0	0,0	0,0	10,0	0,0	0,0	0,0
17.09.2026 11:30:38	14590,0	4710,0	1700,0	750,0	400,0	150,0	150,0	50,0	100,0	0,0	0,0	50,0	150,0	100,0	0,0	0,0	10,0	30,0	0,0	10,0	0,0	10,0	10,0	10,0	20,0	0,0	0,0	0,0	0,0	0,0	0,0
17.09.2026 11:30:44	15300,0	4610,0	2100,0	600,0	350,0	550,0	50,0	100,0	50,0	0,0	50,0	50,0	50,0	50,0	0,0	0,0	20,0	10,0	0,0	10,0	0,0	0,0	0,0	0,0	0,0	0,0	10,0	0,0	0,0	0,0	0,0
17.09.2026 11:30:50	14750,0	4660,0	2050,0	1150,0	450,0	200,0	150,0	150,0	250,0	50,0	100,0	100,0	100,0	50,0	10,0	30,0	20,0	20,0	0,0	10,0	0,0	0,0	10,0	0,0	0,0	0,0	0,0	0,0	0,0	0,0	0,0
