<Header>
User name: 
Location: laboratory
# of Location: 1
Model: 1.109
Serial No.: 9G050007
Firmware revision: 12.30E
Software revision: 7-1 Rev XII (27-02-2019)
Unit: ug/m3
C-factor: 1,00
Comment: participat test
online data
<Data>
[d&t31.12.2035 11:50:55]	PM10 [ug/m3]	PM2,5 [ug/m3]	PM1 [ug/m3]	Inhalable [ug/m3]	Thoracic [ug/m3]	Alveolic [ug/m3]
17.09.2026 10:49:10	216,0	15,1	6,3	3775,6	408,7	48,3
17.09.2026 10:49:16	150,4	14,0	5,9	2441,9	223,9	28,7
17.09.2026 10:49:22	222,3	11,5	6,1	1390,1	272,9	31,2
17.09.2026 10:49:28	139,7	12,7	5,8	1306,4	184,8	31,4
17.09.2026 10:49:34	358,1	11,8	6,0	2560,2	456,7	41,8
17.09.2026 10:49:40	298,9	14,0	5,5	2708,1	390,2	43,1
17.09.2026 10:49:46	132,1	12,5	5,6	2983,1	241,2	31,6
17.09.2026 10:49:52	291,7	18,5	6,5	1684,2	346,2	47,3
17.09.2026 10:49:58	115,1	14,8	6,0	1061,1	160,1	45,9
17.09.2026 10:50:04	399,7	12,9	6,2	6820,1	706,0	43,5
17.09.2026 10:50:10	223,3	13,6	6,4	3086,9	339,6	26,2
17.09.2026 10:50:16	221,5	13,4	5,6	419,7	244,1	33,3
17.09.2026 10:50:22	373,3	14,1	6,4	3680,3	585,1	52,2
17.09.2026 10:50:28	315,1	12,7	6,2	3990,5	477,6	38,4
17.09.2026 10:50:34	270,4	16,8	6,3	2996,4	393,0	47,7
17.09.2026 10:50:40	148,0	15,2	6,2	1800,8	228,6	38,1
17.09.2026 10:50:46	254,5	14,0	6,4	4334,5	446,9	36,6
17.09.2026 10:50:52	318,1	13,6	6,5	4129,8	479,7	43,8
17.09.2026 10:50:58	507,1	13,6	6,3	3949,0	650,2	51,5
17.09.2026 10:51:04	189,5	17,4	6,7	3477,5	344,5	57,2
17.09.2026 10:51:10	282,8	15,7	6,3	2110,3	375,7	41,2
17.09.2026 10:51:16	253,2	11,8	5,6	2568,0	383,0	54,4
17.09.2026 10:51:22	199,6	14,8	6,1	5734,6	495,9	41,5
17.09.2026 10:51:28	91,6	14,2	5,9	1237,7	129,1	30,2
17.09.2026 10:51:34	174,7	12,2	5,2	1835,1	259,9	38,1
17.09.2026 10:51:40	369,0	16,0	6,1	3493,3	501,1	44,4
17.09.2026 10:51:46	206,8	17,5	6,3	5649,5	501,1	43,1
17.09.2026 10:51:52	284,8	17,5	6,4	3799,2	443,2	41,5
17.09.2026 10:51:58	277,5	16,9	6,7	6043,0	580,5	46,3
17.09.2026 10:52:04	215,1	13,6	6,2	2989,7	374,1	54,4
17.09.2026 10:52:10	237,0	15,0	5,7	2564,0	322,8	42,5
17.09.2026 10:52:16	165,2	15,0	6,4	2942,0	318,9	29,4
17.09.2026 10:52:22	356,8	18,5	6,8	4121,1	642,6	64,7
17.09.2026 10:52:28	196,4	13,1	5,9	2565,4	272,6	29,7
17.09.2026 10:52:34	301,9	16,7	6,1	3476,6	425,9	51,5
17.09.2026 10:52:40	251,0	11,5	5,5	1860,9	344,9	36,9
17.09.2026 10:52:46	304,6	13,3	6,0	1661,5	366,5	36,2
17.09.2026 10:52:52	207,2	16,8	6,3	2518,6	288,4	41,7
17.09.2026 10:52:58	296,3	16,4	6,4	2213,5	394,5	45,1
17.09.2026 10:53:04	196,2	11,2	5,8	4332,3	383,3	34,3
17.09.2026 10:53:10	125,7	12,5	5,7	4653,0	340,1	41,2
17.09.2026 10:53:16	279,6	13,2	5,6	3976,0	485,9	42,6
17.09.2026 10:53:22	148,6	12,9	6,1	2322,6	230,0	36,3
17.09.2026 10:53:28	195,3	13,4	5,7	2013,9	282,7	37,4
17.09.2026 10:53:34	197,7	14,5	5,8	2010,1	327,3	44,5
17.09.2026 10:53:40	311,4	12,5	5,6	1227,1	377,0	42,5
17.09.2026 10:53:46	315,9	15,0	6,0	4760,9	553,8	41,3
17.09.2026 10:53:52	162,7	11,0	5,1	2252,1	242,5	38,6
17.09.2026 10:53:58	207,1	14,1	6,0	3065,8	320,5	27,4
17.09.2026 10:54:04	446,8	14,8	6,4	2947,3	549,1	43,9
17.09.2026 10:54:10	227,8	13,8	5,9	5340,9	488,8	44,8
17.09.2026 10:54:16	217,4	16,4	5,8	3176,2	339,6	66,3
17.09.2026 10:54:22	206,2	11,7	5,6	1516,0	254,0	25,0
17.09.2026 10:54:28	273,0	17,6	5,9	3224,8	440,4	54,4
17.09.2026 10:54:34	300,2	13,3	5,9	2624,6	389,0	36,0
17.09.2026 10:54:40	293,3	11,6	6,1	2771,5	381,1	23,7
17.09.2026 10:54:46	357,9	16,5	6,1	2616,7	451,5	45,2
17.09.2026 10:54:52	144,2	12,0	5,7	3279,5	294,7	39,4
17.09.2026 10:54:58	305,9	12,2	5,9	3586,2	434,4	42,5
17.09.2026 10:55:04	296,4	15,7	6,5	3898,5	459,2	50,3
17.09.2026 10:55:10	218,2	17,6	6,9	6620,9	509,6	55,2
17.09.2026 10:55:16	338,3	13,0	5,7	3582,0	464,5	45,7
17.09.2026 10:55:22	195,2	14,4	6,1	3454,4	387,6	42,1
17.09.2026 10:55:28	266,4	17,4	6,6	3851,3	423,9	54,7
17.09.2026 10:55:34	462,5	17,5	6,4	3573,2	642,8	61,1
17.09.2026 10:55:40	279,5	15,4	6,0	2106,8	372,2	37,7
17.09.2026 10:55:46	207,0	16,2	6,1	4209,2	396,4	36,6
17.09.2026 10:55:52	180,6	10,8	5,6	3970,5	328,9	34,7
17.09.2026 10:55:58	164,3	9,7	5,4	2180,7	242,9	20,4
17.09.2026 10:56:04	276,2	17,5	6,4	4007,2	519,9	51,8
17.09.2026 10:56:10	311,4	16,4	6,1	3199,4	438,9	53,0
17.09.2026 10:56:16	238,9	13,6	5,9	1879,5	337,1	48,1
17.09.2026 10:56:22	353,3	14,6	6,0	1849,7	462,8	57,7
17.09.2026 10:56:28	283,6	11,8	5,3	1958,4	377,7	43,8
17.09.2026 10:56:34	111,5	11,7	5,7	199,3	121,4	30,8
17.09.2026 10:56:40	278,2	13,0	5,3	1609,3	335,1	46,5
17.09.2026 10:56:46	175,8	14,0	5,6	2743,8	291,7	50,4
17.09.2026 10:56:52	165,2	15,1	5,8	2026,9	244,0	32,3
17.09.2026 10:56:58	98,9	13,2	5,8	183,9	107,0	28,2
17.09.2026 10:57:04	132,1	13,7	5,9	2360,2	206,8	31,0
17.09.2026 10:57:10	136,3	12,7	5,5	2287,4	214,5	50,7
17.09.2026 10:57:16	231,9	10,9	5,5	4294,3	464,1	31,8
17.09.2026 10:57:22	205,4	12,2	5,5	1462,4	256,1	33,9
17.09.2026 10:57:28	388,6	13,8	6,0	4407,0	592,3	30,2
17.09.2026 10:57:34	279,4	19,2	6,4	1465,0	336,8	51,7
17.09.2026 10:57:40	392,4	13,4	6,1	2044,6	501,5	32,0
17.09.2026 10:57:46	224,9	12,5	5,3	415,9	248,2	35,6
17.09.2026 10:57:52	200,7	15,1	5,8	3271,6	356,3	45,9
17.09.2026 10:57:58	274,5	15,6	5,9	1595,9	330,5	51,0
17.09.2026 10:58:04	396,6	13,9	5,8	2248,6	505,7	65,3
17.09.2026 10:58:10	225,5	15,6	6,1	2500,1	313,8	40,4
17.09.2026 10:58:16	178,6	17,3	5,6	2605,7	296,9	46,3
17.09.2026 10:58:22	95,2	14,0	5,6	1183,0	137,0	36,6
17.09.2026 10:58:28	70,4	11,2	5,5	1145,0	109,1	30,8
17.09.2026 10:58:34	203,4	13,7	5,4	1427,6	295,4	50,4
17.09.2026 10:58:40	362,3	16,1	6,0	2396,1	503,8	59,8
17.09.2026 10:58:46	269,5	17,7	5,8	4007,8	426,4	52,5
17.09.2026 10:58:52	253,9	13,7	5,8	3752,6	407,7	38,9
17.09.2026 10:58:58	207,8	14,2	5,5	4539,4	476,6	35,9
17.09.2026 10:59:04	307,2	14,1	5,8	1661,4	368,2	46,2
17.09.2026 10:59:10	413,1	15,8	5,8	3398,6	551,0	63,4
17.09.2026 10:59:16	405,7	19,3	5,8	5557,0	685,3	64,7
17.09.2026 10:59:22	395,5	14,4	5,5	5736,7	667,9	63,7
17.09.2026 10:59:28	211,7	13,6	5,2	3160,2	371,2	33,1
17.09.2026 10:59:34	191,2	11,8	5,3	4810,6	412,0	36,4
17.09.2026 10:59:40	319,5	13,1	5,5	4616,9	516,2	44,4
17.09.2026 10:59:46	307,1	13,3	5,6	5510,3	619,0	44,7
17.09.2026 10:59:52	220,2	15,4	5,6	4632,1	401,7	28,5
17.09.2026 10:59:58	256,1	14,6	5,9	3707,5	370,7	46,9
17.09.2026 11:00:04	206,4	14,9	5,8	7773,3	606,0	35,7
17.09.2026 11:00:10	413,5	16,7	6,0	5704,8	694,2	62,0
17.09.2026 11:00:16	260,7	16,1	5,8	4893,4	490,6	59,0
17.09.2026 11:00:22	304,1	13,4	5,3	4975,5	541,9	46,0
17.09.2026 11:00:28	219,9	13,5	5,4	4313,4	370,6	49,2
17.09.2026 11:00:34	251,9	12,4	5,2	3205,2	374,3	43,3
17.09.2026 11:00:40	244,6	14,1	5,5	2061,0	337,3	63,1
17.09.2026 11:00:46	180,3	14,4	5,8	4598,9	361,7	40,7
17.09.2026 11:00:52	215,0	11,6	5,5	5530,9	470,1	30,1
17.09.2026 11:00:58	300,7	14,1	5,2	1694,5	356,3	49,8
17.09.2026 11:01:04	175,7	12,6	5,5	3326,4	330,7	43,8
17.09.2026 11:01:10	245,8	14,8	5,9	3694,2	403,2	34,3
17.09.2026 11:01:16	131,7	14,9	5,8	2359,7	206,3	31,3
17.09.2026 11:01:22	323,1	14,0	5,1	2608,4	424,6	69,1
17.09.2026 11:01:28	196,1	13,6	5,6	5101,7	458,6	36,5
17.09.2026 11:01:34	302,9	13,1	5,1	7981,9	670,5	35,5
17.09.2026 11:01:40	360,6	10,8	4,8	1838,3	422,5	41,3
17.09.2026 11:01:46	511,2	15,8	5,7	8518,5	856,5	65,8
17.09.2026 11:01:52	157,5	11,4	5,0	1315,7	203,6	48,2
17.09.2026 11:01:58	278,5	13,4	5,2	3579,0	440,8	49,7
17.09.2026 11:02:04	220,3	15,6	5,0	3941,3	371,1	38,8
17.09.2026 11:02:10	436,8	10,8	4,4	7207,4	784,9	49,6
17.09.2026 11:02:16	103,0	11,4	4,2	1672,7	182,2	31,4
17.09.2026 11:02:22	155,0	17,0	5,1	6398,2	396,7	38,5
17.09.2026 11:02:28	90,7	9,9	4,4	3503,2	231,5	29,0
17.09.2026 11:02:34	215,4	16,4	5,3	5042,5	434,2	42,8
17.09.2026 11:02:40	224,8	14,8	5,3	7376,5	587,8	32,9
17.09.2026 11:02:46	422,7	12,8	4,3	6485,1	732,7	33,7
17.09.2026 11:02:52	240,0	8,7	4,1	4713,2	464,5	16,0
17.09.2026 11:02:58	261,7	6,9	3,5	5408,2	486,8	31,0
17.09.2026 11:03:04	355,8	10,5	3,7	1723,1	424,8	48,8
17.09.2026 11:03:10	302,9	11,0	4,0	4355,9	539,2	32,5
17.09.2026 11:03:16	113,0	8,4	3,9	2039,5	187,1	28,8
17.09.2026 11:03:22	172,3	9,5	3,8	3244,3	282,5	28,8
17.09.2026 11:03:28	140,9	11,2	3,3	1306,3	185,6	36,8
17.09.2026 11:03:34	263,2	7,5	3,3	3919,8	418,8	26,4
17.09.2026 11:03:40	299,9	9,6	3,6	3285,9	472,8	38,8
17.09.2026 11:03:46	211,4	8,0	3,4	458,8	229,3	23,5
17.09.2026 11:03:52	217,3	8,6	3,4	3411,4	337,5	29,5
17.09.2026 11:03:58	157,8	7,9	3,3	2591,3	274,6	26,2
17.09.2026 11:04:04	296,9	7,7	2,6	1644,6	358,3	32,6
17.09.2026 11:04:10	172,5	9,6	3,6	3542,7	281,0	23,7
17.09.2026 11:04:16	198,8	11,5	3,4	7420,5	560,5	40,9
17.09.2026 11:04:22	343,9	7,6	3,0	2733,6	478,7	33,5
17.09.2026 11:04:28	227,5	8,3	3,1	1550,7	278,6	23,8
17.09.2026 11:04:34	253,6	11,1	3,4	1769,4	344,7	38,5
17.09.2026 11:04:40	164,7	8,7	3,0	2802,9	277,4	24,7
17.09.2026 11:04:46	79,3	11,0	3,5	3003,8	183,7	26,3
17.09.2026 11:04:52	392,8	7,3	2,6	884,8	426,0	29,4
17.09.2026 11:04:58	193,9	8,2	2,9	2407,0	314,7	25,0
17.09.2026 11:05:04	176,5	9,5	2,9	4743,4	399,8	32,6
17.09.2026 11:05:10	154,3	7,3	3,2	4039,0	376,8	19,1
17.09.2026 11:05:16	236,5	7,6	3,0	3053,9	359,4	26,0
17.09.2026 11:05:22	263,8	4,4	2,4	3628,3	465,0	21,4
17.09.2026 11:05:28	256,8	8,2	3,1	3373,2	379,4	34,8
17.09.2026 11:05:34	139,0	4,3	2,2	1736,0	224,7	23,1
17.09.2026 11:05:40	71,3	7,8	2,8	1215,9	107,4	15,0
17.09.2026 11:05:46	275,1	9,1	2,6	2673,0	364,1	33,2
17.09.2026 11:05:52	141,9	7,1	2,5	1301,8	188,0	29,5
17.09.2026 11:05:58	284,2	8,2	2,6	3701,6	483,4	31,4
17.09.2026 11:06:04	270,9	9,5	3,1	1467,2	329,1	31,7
17.09.2026 11:06:10	121,8	11,0	3,1	2059,8	197,7	26,2
17.09.2026 11:06:16	24,9	8,5	2,6	1090,3	57,5	19,3
17.09.2026 11:06:22	47,0	7,4	2,3	1115,0	82,0	28,6
17.09.2026 11:06:28	159,3	4,5	2,1	1333,5	208,9	23,6
17.09.2026 11:06:34	171,1	5,2	2,4	2275,6	254,3	22,2
17.09.2026 11:06:40	204,8	4,6	2,0	2578,6	283,8	20,3
17.09.2026 11:06:46	136,2	5,5	2,0	2074,4	257,7	21,4
17.09.2026 11:06:52	270,3	10,1	2,6	3499,0	386,8	33,6
17.09.2026 11:06:58	230,3	7,4	2,4	2756,4	354,0	27,7
17.09.2026 11:07:04	282,6	4,7	1,9	4196,2	517,7	19,4
17.09.2026 11:07:10	181,3	5,4	2,2	2495,4	303,9	15,2
17.09.2026 11:07:16	104,2	4,8	2,2	2756,4	215,5	17,8
17.09.2026 11:07:22	255,2	4,9	2,1	1593,9	310,8	22,5
17.09.2026 11:07:28	98,4	7,6	2,3	3286,3	240,1	13,6
17.09.2026 11:07:34	25,2	5,9	2,0	1090,8	58,0	18,8
17.09.2026 11:07:40	134,8	5,1	2,0	1243,0	184,1	28,4
17.09.2026 11:07:46	114,4	6,2	2,2	2962,4	221,5	23,5
17.09.2026 11:07:52	143,1	5,0	2,0	2140,9	261,4	19,5
17.09.2026 11:07:58	226,2	4,9	1,9	3101,5	344,3	13,7
17.09.2026 11:08:04	154,4	7,3	2,4	3655,8	344,9	18,5
17.09.2026 11:08:10	100,4	6,2	1,9	1251,3	140,6	21,7
17.09.2026 11:08:16	35,7	4,5	1,8	1105,7	70,9	13,3
17.09.2026 11:08:22	88,7	5,4	2,0	2088,6	163,0	26,8
17.09.2026 11:08:28	28,8	6,1	2,0	2934,5	126,3	15,0
17.09.2026 11:08:34	170,3	5,8	1,8	3441,5	318,5	20,0
17.09.2026 11:08:40	12,6	5,2	1,8	1077,0	44,3	10,6
17.09.2026 11:08:46	97,0	7,1	2,3	1247,5	136,9	19,2
17.09.2026 11:08:52	66,0	4,5	1,6	1972,4	177,7	11,7
17.09.2026 11:08:58	122,8	6,1	1,8	1919,0	200,9	17,9
17.09.2026 11:09:04	141,4	6,2	2,0	3338,6	289,2	23,0
17.09.2026 11:09:10	100,6	7,4	2,1	2945,7	205,8	19,8
17.09.2026 11:09:16	116,4	4,7	1,8	1956,7	232,3	14,4
17.09.2026 11:09:22	257,5	6,5	2,0	4887,4	483,6	16,6
17.09.2026 11:09:28	94,0	5,7	1,9	3369,8	194,7	21,1
17.09.2026 11:09:34	154,9	6,3	2,0	2433,7	271,9	31,6
17.09.2026 11:09:40	60,2	5,2	2,0	140,3	64,6	7,4
17.09.2026 11:09:46	63,0	3,8	1,8	3334,2	160,2	7,5
17.09.2026 11:09:52	53,9	4,6	1,8	2101,3	162,5	11,2
17.09.2026 11:09:58	130,0	5,0	1,9	3190,0	277,9	12,7
17.09.2026 11:10:04	202,2	7,2	2,1	3778,3	353,2	21,6
17.09.2026 11:10:10	46,1	8,4	2,1	1747,5	116,1	21,4
17.09.2026 11:10:16	226,5	4,1	1,5	2027,6	312,9	23,0
17.09.2026 11:10:22	252,3	6,6	1,7	2212,1	341,4	26,3
17.09.2026 11:10:28	92,2	4,4	1,3	117,0	103,7	28,8
17.09.2026 11:10:34	149,8	7,0	1,9	4476,1	369,0	13,4
17.09.2026 11:10:40	98,9	4,6	1,7	3432,4	240,1	9,8
17.09.2026 11:10:46	86,8	5,3	1,9	2929,0	190,2	16,1
17.09.2026 11:10:52	159,8	4,8	1,9	3037,4	274,7	17,1
17.09.2026 11:10:58	89,7	5,6	2,0	3992,5	267,5	13,4
17.09.2026 11:11:04	80,4	6,7	1,8	1176,6	121,8	17,8
17.09.2026 11:11:10	296,0	7,5	1,9	3883,3	453,7	24,2
17.09.2026 11:11:16	211,9	4,8	1,5	3023,8	331,4	20,1
17.09.2026 11:11:22	65,1	3,0	1,3	145,9	70,0	8,8
17.09.2026 11:11:28	98,9	6,1	1,9	3415,3	281,2	24,5
17.09.2026 11:11:34	173,2	3,9	1,6	3446,6	322,5	14,3
17.09.2026 11:11:40	45,2	4,2	1,8	2955,9	145,7	13,5
17.09.2026 11:11:46	130,5	6,0	2,0	2703,6	242,9	17,0
17.09.2026 11:11:52	15,1	3,5	1,5	16,4	16,3	9,4
17.09.2026 11:11:58	118,2	5,7	1,8	3652,9	299,3	14,0
17.09.2026 11:12:04	73,7	5,7	1,7	3474,2	212,4	26,1
17.09.2026 11:12:10	122,0	5,0	1,6	2828,7	231,9	20,3
17.09.2026 11:12:16	109,5	5,8	1,6	2954,2	215,1	27,5
17.09.2026 11:12:22	122,8	4,7	1,4	2829,7	232,9	19,6
17.09.2026 11:12:28	74,9	3,5	1,5	2141,5	144,4	7,8
17.09.2026 11:12:34	77,6	2,9	1,2	2288,3	146,0	12,0
17.09.2026 11:12:40	79,9	6,3	2,0	2285,9	191,1	14,5
17.09.2026 11:12:46	128,8	5,6	1,4	2417,2	200,2	17,8
17.09.2026 11:12:52	110,7	4,7	1,6	2193,3	185,1	13,8
17.09.2026 11:12:58	136,4	3,3	1,1	2283,7	210,7	13,0
17.09.2026 11:13:04	76,8	2,6	1,2	109,3	87,2	13,6
17.09.2026 11:13:10	108,0	2,4	1,2	198,0	119,0	17,2
17.09.2026 11:13:16	96,6	4,8	1,6	2927,5	244,0	21,5
17.09.2026 11:13:22	26,8	3,9	1,3	1581,2	96,0	10,1
17.09.2026 11:13:28	57,5	3,9	1,4	2264,6	123,4	4,9
17.09.2026 11:13:34	40,6	3,7	1,5	1308,9	113,7	12,3
17.09.2026 11:13:40	111,8	4,6	1,6	2672,2	221,5	15,9
17.09.2026 11:13:46	39,5	4,4	1,5	2660,5	141,4	11,3
17.09.2026 11:13:52	111,2	5,4	1,8	3788,9	290,3	12,8
17.09.2026 11:13:58	143,6	4,3	1,6	4121,5	368,3	13,5
17.09.2026 11:14:04	123,7	3,2	1,5	2413,5	195,5	7,6
17.09.2026 11:14:10	81,7	4,6	1,6	1945,0	156,5	18,7
17.09.2026 11:14:16	38,2	3,6	1,4	2082,2	144,6	7,7
17.09.2026 11:14:22	122,3	5,2	1,6	1059,0	164,9	9,0
17.09.2026 11:14:28	38,7	3,4	1,2	2515,8	141,9	9,0
17.09.2026 11:14:34	122,3	2,3	1,1	284,9	132,3	6,2
17.09.2026 11:14:40	77,0	4,3	1,5	2287,5	145,3	12,1
17.09.2026 11:14:46	141,6	7,2	1,7	3839,5	282,4	15,9
17.09.2026 11:14:52	182,4	4,9	1,5	1960,2	305,0	19,2
17.09.2026 11:14:58	212,3	6,8	1,9	4132,4	400,9	22,7
17.09.2026 11:15:04	144,3	4,5	1,2	1367,6	229,8	21,2
17.09.2026 11:15:10	47,6	3,2	1,4	1760,4	119,1	7,5
17.09.2026 11:15:16	66,2	4,3	1,4	3476,7	205,1	12,3
17.09.2026 11:15:22	150,1	6,8	1,8	3417,6	295,7	14,1
17.09.2026 11:15:28	54,1	5,2	1,5	2731,9	196,7	12,0
17.09.2026 11:15:34	197,0	5,5	1,7	2137,2	278,6	14,4
17.09.2026 11:15:40	190,8	6,1	1,8	2844,3	307,8	22,5
17.09.2026 11:15:46	87,6	5,4	1,9	3418,2	227,0	8,7
17.09.2026 11:15:52	76,0	7,3	2,0	3821,3	252,2	18,9
17.09.2026 11:15:58	146,6	3,8	1,2	1385,8	190,6	11,3
17.09.2026 11:16:04	18,2	3,8	1,5	2779,0	116,1	6,5
17.09.2026 11:16:10	23,2	4,0	1,7	2497,0	124,2	4,9
17.09.2026 11:16:16	100,0	4,8	1,7	2956,0	206,3	8,0
17.09.2026 11:16:22	57,4	6,0	1,9	2834,6	160,6	14,4
17.09.2026 11:16:28	284,7	4,3	1,4	2614,3	416,4	12,5
17.09.2026 11:16:34	74,1	2,1	1,1	3059,0	175,1	8,4
17.09.2026 11:16:40	95,4	4,6	1,5	2309,4	166,1	17,4
17.09.2026 11:16:46	30,2	4,8	1,6	2792,4	129,3	12,9
17.09.2026 11:16:52	73,5	4,0	1,5	4107,7	247,5	15,5
17.09.2026 11:16:58	10,9	3,9	1,3	2138,8	73,3	7,9
17.09.2026 11:17:04	204,8	5,4	1,6	5953,1	456,1	23,4
17.09.2026 11:17:10	108,6	4,3	1,3	2335,0	181,7	13,9
17.09.2026 11:17:16	214,3	6,1	1,5	462,1	232,6	25,4
17.09.2026 11:17:22	171,4	2,9	1,2	1470,5	258,0	9,3
17.09.2026 11:17:28	153,2	3,1	1,4	1394,9	198,6	8,7
17.09.2026 11:17:34	76,0	4,5	1,6	2424,1	185,1	16,7
17.09.2026 11:17:40	113,1	2,1	1,2	214,4	125,6	10,4
17.09.2026 11:17:46	222,7	6,4	1,6	4433,0	410,3	28,3
17.09.2026 11:17:52	106,2	4,4	1,5	2809,8	214,0	15,9
17.09.2026 11:17:58	64,8	4,0	1,3	1150,3	104,5	14,1
17.09.2026 11:18:04	54,4	5,5	1,6	3598,1	190,5	14,0
17.09.2026 11:18:10	122,2	5,2	1,7	4379,5	298,5	16,0
17.09.2026 11:18:16	99,6	6,6	1,5	128,2	113,0	25,0
17.09.2026 11:18:22	239,2	7,5	1,8	3602,6	393,9	19,4
17.09.2026 11:18:28	43,5	3,8	1,3	2178,1	110,5	16,2
17.09.2026 11:18:34	153,2	5,2	1,8	4340,9	331,3	13,0
17.09.2026 11:18:40	102,0	4,6	1,5	1590,1	221,5	18,6
17.09.2026 11:18:46	136,3	3,8	1,5	1363,8	178,4	14,4
17.09.2026 11:18:52	147,0	4,9	1,4	2231,8	269,0	24,5
17.09.2026 11:18:58	254,5	3,7	1,3	2658,4	341,7	17,4
17.09.2026 11:19:04	152,5	2,4	1,3	1394,1	197,9	8,0
17.09.2026 11:19:10	99,6	5,4	1,6	3287,8	241,6	13,6
17.09.2026 11:19:16	120,2	4,0	1,4	2537,6	231,9	19,1
17.09.2026 11:19:22	232,1	4,6	1,5	5652,6	451,0	27,6
17.09.2026 11:19:28	259,3	5,5	1,6	3832,2	412,7	12,3
17.09.2026 11:19:34	154,4	5,9	1,3	4852,2	373,5	31,1
17.09.2026 11:19:40	252,5	5,7	1,6	3572,8	370,3	24,2
17.09.2026 11:19:46	257,8	2,0	1,0	3339,1	418,5	12,8
17.09.2026 11:19:52	270,6	5,6	1,6	7596,1	640,5	26,9
17.09.2026 11:19:58	98,1	4,9	1,2	1258,1	138,6	13,4
17.09.2026 11:20:04	334,9	3,6	1,3	2784,2	465,6	17,4
17.09.2026 11:20:10	128,0	5,0	1,7	4441,4	344,2	10,0
17.09.2026 11:20:16	46,8	3,5	1,2	3011,6	186,2	9,9
17.09.2026 11:20:22	255,1	3,9	1,4	4383,9	488,0	22,9
17.09.2026 11:20:28	185,5	3,4	1,2	2194,2	310,6	23,0
17.09.2026 11:20:34	168,6	3,7	1,4	2665,5	284,0	16,3
17.09.2026 11:20:40	98,8	4,1	1,4	2855,7	244,7	6,1
17.09.2026 11:20:46	77,1	3,9	1,4	1224,3	114,7	10,8
17.09.2026 11:20:52	247,1	3,6	1,2	2147,7	339,8	26,6
17.09.2026 11:20:58	132,9	4,9	1,4	2278,3	206,3	15,4
17.09.2026 11:21:04	62,3	7,0	1,7	3948,2	235,1	18,7
17.09.2026 11:21:10	85,1	4,5	1,3	2291,6	196,8	17,5
17.09.2026 11:21:16	10,3	4,0	1,4	2138,1	72,7	8,8
17.09.2026 11:21:22	223,0	4,4	1,2	2884,8	345,2	24,4
17.09.2026 11:21:28	145,3	3,9	1,2	2924,3	254,7	16,2
17.09.2026 11:21:34	78,6	2,8	0,9	162,3	85,5	11,5
17.09.2026 11:21:40	250,7	7,1	2,3	6028,4	509,6	19,7
17.09.2026 11:21:46	82,1	5,0	1,3	2293,2	150,9	15,0
17.09.2026 11:21:52	154,0	4,4	1,3	6365,3	476,5	10,6
17.09.2026 11:21:58	61,3	3,8	1,3	73,6	69,5	17,5
17.09.2026 11:22:04	82,1	6,4	1,7	2719,7	189,7	21,3
17.09.2026 11:22:10	21,8	4,4	1,4	2783,1	120,1	8,0
17.09.2026 11:22:16	214,2	7,2	1,7	5327,9	475,0	31,2
17.09.2026 11:22:22	135,0	5,2	1,2	297,2	145,5	19,7
17.09.2026 11:22:28	95,9	4,8	1,4	1300,3	174,5	13,4
17.09.2026 11:22:34	57,9	4,4	1,2	1185,7	134,6	16,7
17.09.2026 11:22:40	79,3	3,1	1,2	1713,6	152,6	8,6
17.09.2026 11:22:46	98,1	4,1	1,3	2460,6	210,8	15,2
17.09.2026 11:22:52	192,4	6,4	1,4	2071,6	276,8	22,4
17.09.2026 11:22:58	41,7	2,5	1,0	1112,7	77,7	14,4
17.09.2026 11:23:04	90,9	5,4	1,3	1726,0	165,0	17,9
17.09.2026 11:23:10	45,4	6,4	1,6	2189,1	112,6	13,9
17.09.2026 11:23:16	123,4	1,2	0,6	1980,3	198,5	5,8
17.09.2026 11:23:22	71,5	4,7	1,1	1157,7	111,8	18,0
17.09.2026 11:23:28	116,6	4,8	1,6	3451,9	259,5	19,9
17.09.2026 11:23:34	32,2	4,2	1,3	1100,2	66,4	16,4
17.09.2026 11:23:40	102,6	5,8	1,4	2178,1	218,4	13,9
17.09.2026 11:23:46	94,7	4,3	1,3	2164,9	166,7	15,4
17.09.2026 11:23:52	37,5	3,5	1,4	2802,0	137,9	12,1
17.09.2026 11:23:58	130,4	2,8	1,1	1297,2	175,5	19,3
17.09.2026 11:24:04	95,1	2,8	1,1	1254,9	135,4	10,4
17.09.2026 11:24:10	56,5	2,5	1,2	1915,6	128,3	9,3
17.09.2026 11:24:16	53,6	6,1	1,6	1757,5	125,1	18,9
17.09.2026 11:24:22	36,1	4,2	1,5	1880,7	104,2	13,8
17.09.2026 11:24:28	26,8	3,3	1,0	30,9	29,8	12,3
17.09.2026 11:24:34	130,3	2,9	1,3	244,2	145,5	10,1
17.09.2026 11:24:40	203,8	3,4	1,4	2920,7	319,5	13,2
17.09.2026 11:24:46	122,7	5,0	1,6	3554,4	269,8	20,4
17.09.2026 11:24:52	4,3	3,4	1,1	1068,1	35,3	4,3
17.09.2026 11:24:58	41,5	3,1	1,2	1311,6	115,4	8,2
17.09.2026 11:25:04	129,9	4,6	1,3	1973,2	247,8	17,2
17.09.2026 11:25:10	88,8	3,0	1,1	1187,8	131,9	15,5
17.09.2026 11:25:16	82,8	3,8	1,3	2924,8	185,9	12,8
17.09.2026 11:25:22	65,6	3,4	1,2	1209,9	101,4	9,3
17.09.2026 11:25:28	74,5	3,8	1,3	3198,2	216,8	12,7
17.09.2026 11:25:34	69,0	3,7	1,1	1020,4	110,8	8,5
17.09.2026 11:25:40	75,4	3,0	1,3	158,8	82,0	9,1
17.09.2026 11:25:46	96,9	2,6	1,2	816,3	141,0	11,0
17.09.2026 11:25:52	16,4	1,7	0,9	937,8	50,0	7,1
17.09.2026 11:25:58	134,8	3,1	1,2	4115,3	315,5	11,7
17.09.2026 11:26:04	72,3	4,2	1,5	2556,0	179,9	18,2
17.09.2026 11:26:10	74,9	4,7	1,2	97,8	84,6	20,5
17.09.2026 11:26:16	56,6	4,5	1,4	2968,5	158,2	19,2
17.09.2026 11:26:22	27,8	3,8	1,2	2646,0	128,0	9,7
17.09.2026 11:26:28	64,0	3,3	1,1	84,3	72,2	17,7
17.09.2026 11:26:34	15,5	4,9	1,4	936,6	48,9	9,0
17.09.2026 11:26:40	263,7	4,1	1,3	2520,1	395,8	19,7
17.09.2026 11:26:46	184,8	2,5	1,2	1381,9	238,3	19,7
17.09.2026 11:26:52	91,5	3,1	1,0	2646,7	198,0	13,5
17.09.2026 11:26:58	114,1	5,5	1,6	2524,6	267,3	20,5
17.09.2026 11:27:04	145,6	3,0	1,0	312,1	158,5	15,1
17.09.2026 11:27:10	201,5	4,1	1,0	1565,5	288,1	13,7
17.09.2026 11:27:16	87,4	2,9	1,4	1091,9	127,3	13,9
17.09.2026 11:27:22	114,1	3,1	1,3	3794,0	294,4	7,1
17.09.2026 11:27:28	22,9	2,7	1,1	944,8	57,0	12,1
17.09.2026 11:27:34	52,9	1,9	1,0	1910,2	123,8	10,9
17.09.2026 11:27:40	19,8	3,7	1,1	797,5	54,9	10,4
17.09.2026 11:27:46	79,3	5,6	1,6	162,8	86,0	14,3
17.09.2026 11:27:52	117,1	4,2	1,5	2390,6	229,9	14,5
17.09.2026 11:27:58	86,9	2,5	1,0	1091,4	126,8	13,4
17.09.2026 11:28:04	82,8	3,8	1,3	2493,3	189,7	7,5
17.09.2026 11:28:10	122,3	2,9	1,2	1297,4	166,9	10,0
17.09.2026 11:28:16	87,6	7,1	3,1	2294,2	199,4	20,1
17.09.2026 11:28:22	95,6	4,2	2,2	1246,1	135,4	17,1
17.09.2026 11:28:28	95,9	7,5	3,4	4288,3	272,2	16,7
17.09.2026 11:28:34	147,3	7,8	3,3	2245,7	226,6	21,2
17.09.2026 11:28:40	15,0	6,1	3,1	16,0	16,0	11,4
17.09.2026 11:28:46	152,9	8,9	3,7	661,2	202,1	21,6
17.09.2026 11:28:52	68,9	7,1	3,0	1641,4	144,2	14,4
17.09.2026 11:28:58	159,9	7,4	3,1	1340,0	208,3	29,0
17.09.2026 11:29:04	108,8	6,6	3,3	2473,9	223,1	16,5
17.09.2026 11:29:10	121,3	8,9	3,5	1285,0	164,4	23,0
17.09.2026 11:29:16	275,7	7,6	3,2	3730,9	437,7	36,5
17.09.2026 11:29:22	202,8	8,8	3,5	4341,3	391,3	32,8
17.09.2026 11:29:28	233,2	9,5	4,4	2988,2	358,3	39,3
17.09.2026 11:29:34	269,7	9,4	3,9	5379,6	532,3	23,1
17.09.2026 11:29:40	42,0	10,0	4,4	47,2	46,0	24,0
17.09.2026 11:29:46	195,1	10,5	4,0	2994,0	311,5	24,3
17.09.2026 11:29:52	87,3	8,6	4,0	2298,5	156,2	19,5
17.09.2026 11:29:58	300,1	9,7	4,3	3740,7	502,8	20,0
17.09.2026 11:30:04	154,4	9,1	4,0	1893,4	238,8	44,6
17.09.2026 11:30:10	316,8	10,7	4,2	5493,3	550,1	36,2
17.09.2026 11:30:16	224,1	11,7	4,4	3369,2	380,1	34,1
17.09.2026 11:30:22	192,6	8,4	4,1	1439,5	242,1	28,0
17.09.2026 11:30:28	191,6	11,8	4,7	2258,8	312,5	27,6
17.09.2026 11:30:34	36,2	10,0	4,1	40,8	39,7	19,7
17.09.2026 11:30:40	172,0	8,9	3,7	2317,8	292,1	34,7
17.09.2026 11:30:46	74,5	8,7	3,8	1979,6	185,8	24,6
17.09.2026 11:30:52	120,8	7,8	3,9	2776,1	234,1	23,7
17.09.2026 11:30:58	119,9	8,7	4,2	1472,0	199,9	24,7
17.09.2026 11:31:04	131,4	10,7	4,4	1829,0	249,7	23,5
17.09.2026 11:31:10	73,5	10,8	4,4	84,8	81,6	34,0
17.09.2026 11:31:16	50,9	11,3	4,7	975,1	87,2	31,4
17.09.2026 11:31:22	139,6	10,6	4,7	2122,5	299,5	27,1
17.09.2026 11:31:28	110,7	12,1	5,0	1605,2	188,2	24,2
17.09.2026 11:31:34	141,1	11,6	4,8	2271,2	256,4	33,5
17.09.2026 11:31:40	103,5	10,3	4,3	141,2	117,2	24,2
