<Header>
User name: 
Location: laboratory
# of Location: 1
Model: 1.109
Serial No.: 9G050007
Firmware revision: 12.30E
Software revision: 7-1 Rev XII (27-02-2019)
Unit: dM [ug/m3]
C-factor: 1,00
Comment: participat test
online data
<Data>
[d&t31.12.2035 11:50:55]	0,30 um	0,40 um	0,50 um	0,65 um	0,80 um	1,00 um	1,60 um	2,00 um	3,00 um	4,00 um	5,00 um	7,50 um	10,00 um	15,00 um	20,00 um
17.09.2026 10:49:10	0,78	1,15	1,02	1,12	0,74	1,05	3,57	6,38	14,59	31,01	33,24	45,60	132,95	948,48	2552,54
17.09.2026 10:49:16	0,67	1,11	1,09	1,04	0,60	1,50	5,16	2,13	11,67	6,20	16,62	0,00	265,89	0,00	2127,12
17.09.2026 10:49:22	0,80	1,11	1,18	1,30	0,45	0,90	1,59	4,25	8,76	12,41	33,24	0,00	398,84	72,96	850,85
17.09.2026 10:49:28	0,67	1,11	0,96	1,35	0,50	0,90	4,37	2,13	11,67	6,20	33,24	45,60	132,95	0,00	1063,56
17.09.2026 10:49:34	0,68	1,07	1,27	1,37	0,69	1,05	1,19	4,25	14,59	12,41	49,85	91,20	531,78	145,92	1701,70
17.09.2026 10:49:40	0,62	0,95	0,94	1,12	0,74	0,90	3,18	7,44	11,67	12,41	49,85	91,20	398,84	0,00	2127,12
17.09.2026 10:49:46	0,70	1,00	1,10	0,83	0,60	1,35	0,40	9,57	5,84	6,20	49,85	0,00	132,95	218,88	2552,54
17.09.2026 10:49:52	0,71	1,18	1,20	0,99	0,79	1,20	5,56	9,57	14,59	18,61	33,24	0,00	531,78	0,00	1063,56
17.09.2026 10:49:58	0,74	1,08	1,05	1,04	0,60	1,05	3,97	5,32	17,51	24,81	33,24	45,60	0,00	72,96	850,85
17.09.2026 10:50:04	0,76	1,22	1,11	1,17	0,89	0,60	2,38	6,38	2,92	24,81	66,47	45,60	531,78	1240,32	4892,38
17.09.2026 10:50:10	0,79	1,07	1,10	1,30	0,69	1,05	3,18	6,38	0,00	6,20	33,24	0,00	398,84	291,84	2339,83
17.09.2026 10:50:16	0,70	0,99	0,98	1,04	0,79	0,30	2,78	8,51	5,84	6,20	33,24	91,20	265,89	0,00	0,00
17.09.2026 10:50:22	0,76	1,15	1,26	1,22	0,74	1,64	0,79	7,44	17,51	24,81	49,85	91,20	398,84	1167,36	1914,41
17.09.2026 10:50:28	0,82	1,15	1,13	1,04	0,65	0,75	3,57	3,19	8,76	12,41	49,85	91,20	398,84	437,76	2977,97
17.09.2026 10:50:34	0,75	1,20	1,16	1,14	0,45	0,60	6,35	6,38	11,67	24,81	49,85	0,00	398,84	364,80	2127,12
17.09.2026 10:50:40	0,72	1,10	1,13	1,09	0,65	1,35	3,97	6,38	11,67	24,81	0,00	45,60	132,95	291,84	1276,27
17.09.2026 10:50:46	0,82	1,35	1,11	1,19	0,69	0,30	3,18	6,38	11,67	12,41	16,62	91,20	265,89	729,60	3190,68
17.09.2026 10:50:52	0,78	1,06	1,14	1,40	0,69	1,35	3,18	4,25	8,76	6,20	99,71	45,60	398,84	364,80	3190,68
17.09.2026 10:50:58	0,72	1,05	1,22	1,37	0,79	1,35	3,18	3,19	14,59	24,81	49,85	136,80	797,67	145,92	2765,26
17.09.2026 10:51:04	0,72	1,23	1,26	1,50	0,65	0,75	3,57	11,70	8,76	24,81	99,71	45,60	0,00	510,72	2765,26
17.09.2026 10:51:10	0,73	1,10	1,13	1,19	0,79	1,05	3,18	8,51	14,59	18,61	0,00	91,20	398,84	291,84	1276,27
17.09.2026 10:51:16	0,74	1,10	1,11	0,93	0,79	0,30	1,59	5,32	14,59	37,22	66,47	91,20	132,95	510,72	1701,70
17.09.2026 10:51:22	0,72	1,08	1,18	1,14	0,69	0,90	4,37	5,32	11,67	24,81	16,62	91,20	0,00	1532,16	4041,53
17.09.2026 10:51:28	0,68	1,24	1,06	1,17	0,50	1,05	2,78	7,44	11,67	12,41	0,00	0,00	132,95	0,00	1063,56
17.09.2026 10:51:34	0,65	0,99	1,05	0,83	0,65	0,45	2,38	6,38	11,67	12,41	49,85	45,60	132,95	291,84	1276,27
17.09.2026 10:51:40	0,73	1,09	1,11	0,93	0,89	0,45	3,57	10,64	11,67	0,00	66,47	91,20	531,78	218,88	2552,54
17.09.2026 10:51:46	0,73	1,11	1,10	0,99	0,65	1,64	3,18	11,70	14,59	12,41	33,24	0,00	132,95	1605,12	3828,82
17.09.2026 10:51:52	0,75	1,12	1,15	1,06	0,45	1,05	6,75	7,44	5,84	18,61	33,24	45,60	398,84	510,72	2765,26
17.09.2026 10:51:58	0,78	1,10	1,27	1,22	0,74	1,05	3,97	9,57	11,67	6,20	66,47	91,20	132,95	1459,20	4254,24
17.09.2026 10:52:04	0,71	1,08	1,18	1,12	1,34	0,45	3,57	4,25	8,76	49,62	66,47	0,00	132,95	802,56	1914,41
17.09.2026 10:52:10	0,72	1,01	1,02	1,04	0,50	0,45	3,57	9,57	8,76	18,61	33,24	91,20	265,89	0,00	2127,12
17.09.2026 10:52:16	0,79	1,08	1,18	1,32	0,65	0,60	1,98	11,70	2,92	6,20	16,62	45,60	132,95	802,56	1914,41
17.09.2026 10:52:22	0,75	1,20	1,29	1,22	0,89	0,45	4,76	11,70	8,76	55,82	49,85	45,60	265,89	1969,93	1701,70
17.09.2026 10:52:28	0,67	1,03	1,07	1,09	0,74	1,64	1,59	6,38	11,67	12,41	0,00	0,00	398,84	0,00	2127,12
17.09.2026 10:52:34	0,68	0,96	1,10	0,91	0,79	1,35	4,37	9,57	8,76	24,81	66,47	45,60	398,84	145,92	2765,26
17.09.2026 10:52:40	0,69	1,04	1,15	1,04	0,50	0,45	1,98	6,38	2,92	24,81	33,24	91,20	265,89	364,80	1063,56
17.09.2026 10:52:46	0,63	1,10	1,19	1,01	1,09	1,35	2,78	4,25	14,59	0,00	33,24	136,80	398,84	0,00	1063,56
17.09.2026 10:52:52	0,63	1,12	1,22	1,45	0,65	0,90	3,57	11,70	5,84	18,61	33,24	45,60	265,89	0,00	2127,12
17.09.2026 10:52:58	0,75	1,02	1,02	1,19	0,65	1,64	3,97	9,57	2,92	12,41	66,47	136,80	265,89	218,88	1488,98
17.09.2026 10:53:04	0,78	1,23	0,98	1,17	0,25	0,90	2,38	3,19	8,76	6,20	66,47	45,60	132,95	656,64	3403,39
17.09.2026 10:53:10	0,69	1,01	1,13	0,96	0,99	0,45	3,18	3,19	17,51	24,81	33,24	0,00	0,00	948,48	3616,10
17.09.2026 10:53:16	0,66	1,07	0,92	0,99	0,45	1,50	1,98	8,51	2,92	24,81	16,62	273,60	0,00	875,52	2765,26
17.09.2026 10:53:22	0,65	1,17	1,32	1,27	0,69	1,05	2,78	5,32	5,84	0,00	83,09	91,20	0,00	0,00	2127,12
17.09.2026 10:53:28	0,76	1,09	0,92	1,19	0,25	0,60	2,38	8,51	8,76	6,20	49,85	91,20	132,95	218,88	1488,98
17.09.2026 10:53:34	0,67	1,08	1,07	1,04	0,79	0,90	2,78	7,44	17,51	12,41	33,24	136,80	0,00	729,60	1063,56
17.09.2026 10:53:40	0,57	1,09	1,05	1,22	0,94	1,05	1,19	7,44	8,76	18,61	49,85	91,20	398,84	218,88	425,42
17.09.2026 10:53:46	0,70	1,02	1,15	1,12	0,50	1,35	3,18	8,51	8,76	12,41	33,24	136,80	265,89	1094,40	3190,68
17.09.2026 10:53:52	0,62	1,18	0,83	0,88	0,55	0,60	2,78	4,25	2,92	37,22	33,24	45,60	132,95	72,96	1914,41
17.09.2026 10:53:58	0,76	1,06	1,16	0,88	0,55	0,90	3,97	6,38	5,84	12,41	0,00	0,00	398,84	291,84	2339,83
17.09.2026 10:54:04	0,72	1,10	1,05	1,04	1,19	1,64	3,18	6,38	5,84	31,01	16,62	91,20	797,67	72,96	1914,41
17.09.2026 10:54:10	0,71	0,96	1,13	1,25	0,55	0,90	2,78	7,44	5,84	37,22	33,24	45,60	132,95	1240,32	3828,82
17.09.2026 10:54:16	0,64	1,10	0,91	0,91	0,99	0,75	2,78	12,76	8,76	43,42	99,71	91,20	0,00	145,92	2765,26
17.09.2026 10:54:22	0,70	1,00	0,98	1,06	0,84	0,75	1,59	6,38	5,84	0,00	33,24	0,00	398,84	0,00	1063,56
17.09.2026 10:54:28	0,64	1,02	0,79	1,04	0,79	1,20	4,76	11,70	8,76	12,41	99,71	91,20	132,95	729,60	2127,12
17.09.2026 10:54:34	0,71	1,07	1,10	1,06	0,89	0,60	2,78	6,38	8,76	18,61	16,62	45,60	531,78	72,96	1914,41
17.09.2026 10:54:40	0,78	1,06	1,06	1,32	0,79	1,05	1,98	3,19	8,76	0,00	0,00	91,20	531,78	0,00	2127,12
17.09.2026 10:54:46	0,72	1,18	1,02	0,99	0,79	1,05	3,18	9,57	20,43	18,61	0,00	45,60	664,73	145,92	1701,70
17.09.2026 10:54:52	0,74	1,18	0,83	1,25	0,60	0,15	3,57	4,25	2,92	31,01	49,85	45,60	0,00	583,68	2552,54
17.09.2026 10:54:58	0,72	1,01	1,05	1,19	1,14	0,30	3,18	3,19	11,67	12,41	49,85	182,40	265,89	72,96	2977,97
17.09.2026 10:55:04	0,75	1,00	1,22	1,53	0,74	0,90	1,19	12,76	8,76	12,41	83,09	91,20	265,89	437,76	2977,97
17.09.2026 10:55:10	0,86	1,26	1,16	0,93	0,60	1,79	3,97	9,57	8,76	37,22	49,85	91,20	0,00	1094,40	5317,80
17.09.2026 10:55:16	0,69	1,08	1,11	0,88	0,60	1,05	3,97	4,25	5,84	18,61	99,71	0,00	531,78	145,92	2765,26
17.09.2026 10:55:22	0,72	1,09	1,23	1,25	0,55	0,75	4,37	5,32	8,76	24,81	49,85	0,00	132,95	1094,40	2127,12
17.09.2026 10:55:28	0,68	1,06	1,26	1,09	1,09	2,09	2,38	10,64	17,51	18,61	66,47	45,60	265,89	437,76	2977,97
17.09.2026 10:55:34	0,68	1,27	1,05	1,30	0,60	1,20	4,76	8,51	17,51	24,81	83,09	45,60	664,73	802,56	1914,41
17.09.2026 10:55:40	0,67	1,11	1,06	1,14	0,69	1,05	2,38	11,70	2,92	24,81	0,00	91,20	398,84	291,84	1276,27
17.09.2026 10:55:46	0,70	1,14	0,91	1,09	0,74	1,20	4,37	8,51	11,67	0,00	33,24	91,20	132,95	729,60	3190,68
17.09.2026 10:55:52	0,78	1,14	0,97	0,75	0,65	0,75	2,38	3,19	5,84	12,41	66,47	45,60	132,95	291,84	3403,39
17.09.2026 10:55:58	0,74	1,09	1,00	0,99	0,65	0,45	1,59	2,13	11,67	0,00	0,00	45,60	265,89	145,92	1701,70
17.09.2026 10:56:04	0,66	1,02	1,11	1,45	0,84	1,05	3,97	10,64	14,59	12,41	49,85	182,40	0,00	1386,24	2339,83
17.09.2026 10:56:10	0,73	0,92	1,20	0,91	0,50	1,64	3,57	9,57	11,67	24,81	66,47	45,60	398,84	291,84	2339,83
17.09.2026 10:56:16	0,72	1,14	1,13	1,19	0,45	0,60	4,37	3,19	17,51	18,61	33,24	228,00	0,00	291,84	1276,27
17.09.2026 10:56:22	0,66	1,18	1,11	1,32	0,50	0,90	4,37	4,25	20,43	6,20	116,33	136,80	265,89	437,76	850,85
17.09.2026 10:56:28	0,71	0,99	1,06	0,96	0,55	0,60	0,79	6,38	20,43	18,61	33,24	45,60	398,84	364,80	1063,56
17.09.2026 10:56:34	0,69	0,94	1,22	1,30	0,69	0,30	2,78	3,19	14,59	6,20	33,24	0,00	132,95	0,00	0,00
17.09.2026 10:56:40	0,63	1,07	1,01	0,73	0,40	1,79	1,19	7,44	17,51	18,61	49,85	45,60	398,84	0,00	1063,56
17.09.2026 10:56:46	0,69	1,07	1,01	0,86	0,60	0,90	3,18	7,44	8,76	43,42	49,85	0,00	132,95	364,80	2127,12
17.09.2026 10:56:52	0,62	1,00	0,87	0,99	1,04	1,35	3,18	8,51	11,67	6,20	16,62	0,00	265,89	218,88	1488,98
17.09.2026 10:56:58	0,73	0,91	0,91	1,09	0,84	0,75	3,18	6,38	5,84	12,41	16,62	0,00	132,95	0,00	0,00
17.09.2026 10:57:04	0,70	1,04	0,92	1,17	1,04	0,15	4,76	5,32	2,92	18,61	16,62	45,60	132,95	0,00	2127,12
17.09.2026 10:57:10	0,62	0,88	1,19	1,06	0,84	1,05	1,98	5,32	17,51	12,41	116,33	0,00	0,00	0,00	2127,12
17.09.2026 10:57:16	0,73	1,14	1,14	0,75	0,69	0,45	1,59	5,32	5,84	12,41	33,24	91,20	132,95	1240,32	2765,26
17.09.2026 10:57:22	0,73	1,10	0,84	0,99	0,65	0,90	0,79	7,44	14,59	12,41	0,00	91,20	265,89	0,00	1063,56
17.09.2026 10:57:28	0,72	1,07	1,19	1,09	0,60	0,90	3,57	6,38	5,84	0,00	33,24	45,60	664,73	875,52	2765,26
17.09.2026 10:57:34	0,67	1,09	0,97	1,48	0,69	0,75	3,97	15,95	5,84	31,01	33,24	45,60	398,84	72,96	850,85
17.09.2026 10:57:40	0,65	1,09	1,16	1,35	0,89	0,90	3,57	5,32	2,92	6,20	16,62	182,40	531,78	437,76	850,85
17.09.2026 10:57:46	0,65	0,98	1,13	0,83	0,65	0,15	3,57	6,38	5,84	0,00	83,09	45,60	265,89	0,00	0,00
17.09.2026 10:57:52	0,69	0,98	0,92	1,22	0,55	1,35	2,78	7,44	23,35	6,20	49,85	45,60	132,95	656,64	2339,83
17.09.2026 10:57:58	0,68	0,92	0,98	1,14	1,04	0,75	2,78	10,64	11,67	18,61	83,09	0,00	398,84	0,00	1063,56
17.09.2026 10:58:04	0,72	1,02	0,88	1,30	0,50	1,05	3,18	5,32	17,51	24,81	132,95	91,20	398,84	291,84	1276,27
17.09.2026 10:58:10	0,67	1,10	0,93	1,25	0,89	1,05	3,18	9,57	8,76	12,41	16,62	182,40	132,95	0,00	2127,12
17.09.2026 10:58:16	0,55	1,14	0,96	0,88	0,45	1,64	3,57	12,76	14,59	0,00	83,09	0,00	132,95	437,76	1914,41
17.09.2026 10:58:22	0,65	0,96	1,04	1,09	0,45	1,20	3,57	6,38	11,67	12,41	33,24	45,60	0,00	0,00	1063,56
17.09.2026 10:58:28	0,62	1,10	1,18	1,01	0,74	0,75	1,59	5,32	5,84	12,41	49,85	0,00	0,00	0,00	1063,56
17.09.2026 10:58:34	0,66	1,01	1,07	1,01	0,55	0,45	2,78	7,44	17,51	12,41	99,71	0,00	132,95	510,72	638,14
17.09.2026 10:58:40	0,72	1,12	1,15	0,83	0,45	1,35	3,97	8,51	14,59	24,81	99,71	45,60	398,84	729,60	1063,56
17.09.2026 10:58:46	0,65	1,09	0,91	0,96	0,65	0,75	4,76	11,70	14,59	24,81	33,24	91,20	265,89	364,80	3190,68
17.09.2026 10:58:52	0,68	0,95	1,22	1,04	0,84	0,90	3,57	4,25	17,51	12,41	33,24	0,00	398,84	510,72	2765,26
17.09.2026 10:58:58	0,64	0,81	0,94	1,14	0,65	0,90	4,76	5,32	11,67	0,00	49,85	91,20	0,00	1605,12	2765,26
17.09.2026 10:59:04	0,69	0,94	1,09	0,96	0,99	0,90	2,38	7,44	14,59	31,01	0,00	136,80	398,84	0,00	1063,56
17.09.2026 10:59:10	0,71	1,04	0,94	1,27	0,35	0,60	1,98	13,83	5,84	49,62	66,47	91,20	531,78	291,84	2339,83
17.09.2026 10:59:16	0,72	1,02	0,97	0,62	0,60	0,60	2,38	20,21	11,67	31,01	66,47	91,20	398,84	1313,28	3616,10
17.09.2026 10:59:22	0,68	0,79	0,91	1,06	0,89	0,45	2,38	10,64	2,92	80,63	33,24	0,00	531,78	1240,32	3828,82
17.09.2026 10:59:28	0,60	0,96	0,88	1,09	0,50	0,90	2,78	7,44	17,51	0,00	0,00	136,80	132,95	729,60	2127,12
17.09.2026 10:59:34	0,69	0,87	0,93	0,96	0,74	0,45	2,78	5,32	5,84	31,01	16,62	45,60	132,95	948,48	3616,10
17.09.2026 10:59:40	0,64	0,92	0,80	1,06	0,55	2,09	2,78	5,32	5,84	24,81	66,47	45,60	398,84	656,64	3403,39
17.09.2026 10:59:46	0,73	0,96	1,09	0,75	0,84	0,45	3,57	6,38	5,84	31,01	33,24	136,80	132,95	1751,05	3403,39
17.09.2026 10:59:52	0,72	0,89	1,04	0,80	0,35	1,20	2,38	12,76	5,84	6,20	0,00	0,00	398,84	583,68	3616,10
17.09.2026 10:59:58	0,69	1,06	1,16	1,17	0,60	0,75	3,18	7,44	11,67	43,42	0,00	45,60	398,84	0,00	3190,68
17.09.2026 11:00:04	0,73	1,01	0,88	1,01	0,60	0,75	3,57	9,57	5,84	6,20	49,85	45,60	0,00	2115,85	5530,51
17.09.2026 11:00:10	0,69	0,91	0,92	1,32	0,89	0,75	1,19	15,95	11,67	6,20	149,56	45,60	398,84	1240,32	3828,82
17.09.2026 11:00:16	0,71	1,01	0,97	0,78	0,69	0,90	3,18	11,70	8,76	37,22	83,09	45,60	132,95	948,48	3616,10
17.09.2026 11:00:22	0,69	0,95	0,76	0,99	0,45	0,90	2,38	9,57	2,92	24,81	49,85	182,40	132,95	948,48	3616,10
17.09.2026 11:00:28	0,64	0,99	0,92	0,93	0,60	1,20	2,38	6,38	20,43	12,41	66,47	91,20	132,95	145,92	3828,82
17.09.2026 11:00:34	0,62	0,90	0,92	1,06	0,30	1,35	3,18	5,32	5,84	18,61	83,09	45,60	265,89	218,88	2552,54
17.09.2026 11:00:40	0,60	0,94	0,85	1,14	0,65	1,35	3,57	6,38	8,76	49,62	99,71	45,60	132,95	218,88	1488,98
17.09.2026 11:00:46	0,62	0,83	1,13	1,19	1,09	0,75	3,18	7,44	11,67	18,61	33,24	45,60	132,95	510,72	3828,82
17.09.2026 11:00:52	0,74	1,05	0,83	0,93	0,65	0,90	3,57	2,13	8,76	18,61	16,62	0,00	265,89	1167,36	4041,53
17.09.2026 11:00:58	0,65	0,85	0,74	0,96	0,65	1,20	1,59	9,57	17,51	31,01	33,24	0,00	531,78	0,00	1063,56
17.09.2026 11:01:04	0,69	1,06	1,07	0,57	0,89	1,05	1,59	7,44	8,76	24,81	49,85	91,20	0,00	583,68	2552,54
17.09.2026 11:01:10	0,73	0,76	1,01	1,01	0,84	1,50	2,38	9,57	8,76	0,00	33,24	91,20	265,89	510,72	2765,26
17.09.2026 11:01:16	0,61	0,94	1,11	1,04	0,65	1,20	4,76	7,44	0,00	18,61	16,62	45,60	132,95	0,00	2127,12
17.09.2026 11:01:22	0,62	0,79	0,85	0,80	0,65	0,75	5,16	5,32	8,76	37,22	149,56	136,80	132,95	0,00	2127,12
17.09.2026 11:01:28	0,64	1,02	0,80	1,40	0,65	0,75	3,57	6,38	8,76	6,20	49,85	91,20	0,00	1313,28	3616,10
17.09.2026 11:01:34	0,64	1,02	0,70	0,99	0,50	0,75	2,78	7,44	14,59	0,00	33,24	91,20	265,89	1605,12	5955,94
17.09.2026 11:01:40	0,57	0,73	0,96	1,01	0,60	0,75	1,98	5,32	5,84	24,81	66,47	0,00	664,73	0,00	1063,56
17.09.2026 11:01:46	0,64	0,82	1,01	1,25	0,45	1,50	3,57	9,57	8,76	31,01	132,95	45,60	664,73	1021,44	6594,07
17.09.2026 11:01:52	0,65	0,85	0,78	1,04	0,69	0,30	1,98	6,38	5,84	49,62	49,85	0,00	132,95	0,00	1063,56
17.09.2026 11:01:58	0,54	0,84	0,89	0,93	0,89	1,50	3,18	5,32	14,59	18,61	83,09	45,60	265,89	583,68	2552,54
17.09.2026 11:02:04	0,52	0,97	0,71	0,88	0,50	0,75	5,16	9,57	8,76	12,41	33,24	45,60	265,89	364,80	3190,68
17.09.2026 11:02:10	0,59	0,79	0,84	0,54	0,45	0,75	1,59	6,38	11,67	24,81	83,09	45,60	531,78	1605,12	4892,38
17.09.2026 11:02:16	0,43	0,78	0,75	0,83	0,55	0,60	3,18	7,44	0,00	6,20	83,09	0,00	0,00	291,84	1276,27
17.09.2026 11:02:22	0,47	0,78	0,72	0,93	0,74	1,35	4,76	12,76	2,92	18,61	33,24	0,00	132,95	656,64	5530,51
17.09.2026 11:02:28	0,57	0,75	0,74	0,91	0,60	0,45	1,19	5,32	11,67	18,61	0,00	45,60	0,00	437,76	2977,97
17.09.2026 11:02:34	0,60	0,86	0,79	0,62	0,89	1,05	5,16	8,51	17,51	18,61	16,62	0,00	265,89	875,52	3828,82
17.09.2026 11:02:40	0,56	0,80	0,74	1,01	0,55	1,79	5,16	6,38	2,92	18,61	16,62	45,60	132,95	1824,01	5317,80
17.09.2026 11:02:46	0,52	0,56	0,62	1,01	0,35	0,30	3,57	8,51	11,67	0,00	33,24	45,60	664,73	1459,20	4254,24
17.09.2026 11:02:52	0,50	0,69	0,56	0,70	0,69	1,20	2,38	2,13	2,92	0,00	16,62	0,00	398,84	1094,40	3190,68
17.09.2026 11:02:58	0,47	0,57	0,61	0,60	0,60	0,75	1,19	1,06	8,76	18,61	33,24	91,20	265,89	729,60	4254,24
17.09.2026 11:03:04	0,48	0,56	0,72	0,49	0,40	0,60	3,57	3,19	17,51	12,41	83,09	136,80	398,84	0,00	1063,56
17.09.2026 11:03:10	0,51	0,66	0,67	0,62	0,35	0,75	1,59	9,57	2,92	6,20	66,47	0,00	398,84	1313,28	2552,54
17.09.2026 11:03:16	0,50	0,51	0,76	1,01	0,55	0,00	2,38	2,13	8,76	24,81	16,62	0,00	132,95	145,92	1701,70
17.09.2026 11:03:22	0,44	0,53	0,65	0,67	0,50	0,90	1,59	6,38	2,92	18,61	33,24	0,00	265,89	145,92	2765,26
17.09.2026 11:03:28	0,36	0,44	0,52	0,52	0,50	0,90	1,98	8,51	14,59	18,61	16,62	45,60	132,95	0,00	1063,56
17.09.2026 11:03:34	0,45	0,55	0,48	0,39	0,60	0,75	1,98	2,13	5,84	12,41	33,24	45,60	398,84	437,76	2977,97
17.09.2026 11:03:40	0,47	0,62	0,53	0,75	0,10	0,60	2,78	4,25	11,67	12,41	33,24	228,00	132,95	729,60	2127,12
17.09.2026 11:03:46	0,38	0,47	0,69	0,67	0,25	1,05	3,97	0,00	0,00	18,61	33,24	0,00	398,84	0,00	0,00
17.09.2026 11:03:52	0,32	0,60	0,62	0,80	0,45	0,75	1,98	4,25	5,84	12,41	16,62	182,40	132,95	72,96	2977,97
17.09.2026 11:03:58	0,40	0,61	0,45	0,49	0,40	0,90	1,98	3,19	5,84	12,41	33,24	45,60	132,95	437,76	1914,41
17.09.2026 11:04:04	0,32	0,50	0,39	0,34	0,25	0,45	3,18	3,19	2,92	12,41	66,47	91,20	398,84	0,00	1063,56
17.09.2026 11:04:10	0,41	0,41	0,49	0,75	0,65	0,75	2,38	5,32	5,84	6,20	16,62	45,60	265,89	0,00	3190,68
17.09.2026 11:04:16	0,42	0,47	0,44	0,65	0,40	0,45	3,57	6,38	17,51	12,41	49,85	45,60	0,00	1751,05	5530,51
17.09.2026 11:04:22	0,38	0,48	0,48	0,47	0,30	1,05	1,19	4,25	5,84	18,61	49,85	45,60	531,78	583,68	1488,98
17.09.2026 11:04:28	0,33	0,47	0,60	0,65	0,40	0,45	1,98	5,32	2,92	12,41	16,62	45,60	398,84	0,00	1063,56
17.09.2026 11:04:34	0,38	0,49	0,41	0,80	0,20	1,05	1,59	9,57	8,76	24,81	33,24	0,00	398,84	437,76	850,85
17.09.2026 11:04:40	0,37	0,50	0,41	0,57	0,30	0,45	1,98	5,32	11,67	6,20	16,62	0,00	265,89	364,80	2127,12
17.09.2026 11:04:46	0,34	0,43	0,52	0,73	0,45	1,20	2,38	8,51	2,92	12,41	16,62	45,60	0,00	145,92	2765,26
17.09.2026 11:04:52	0,30	0,47	0,27	0,67	0,20	0,60	2,38	3,19	5,84	6,20	66,47	0,00	797,67	0,00	0,00
17.09.2026 11:04:58	0,35	0,39	0,43	0,62	0,30	0,45	2,38	4,25	8,76	0,00	49,85	0,00	265,89	583,68	1488,98
17.09.2026 11:05:04	0,35	0,47	0,47	0,49	0,15	0,45	2,38	6,38	11,67	18,61	0,00	136,80	0,00	948,48	3616,10
17.09.2026 11:05:10	0,40	0,56	0,47	0,60	0,40	0,60	2,38	2,13	2,92	12,41	16,62	0,00	132,95	1313,28	2552,54
17.09.2026 11:05:16	0,38	0,50	0,41	0,54	0,30	0,75	1,59	4,25	5,84	0,00	49,85	91,20	265,89	291,84	2339,83
17.09.2026 11:05:22	0,32	0,43	0,43	0,36	0,55	0,30	0,40	1,06	5,84	6,20	33,24	91,20	265,89	1094,40	2127,12
17.09.2026 11:05:28	0,36	0,41	0,52	0,49	0,55	0,60	2,38	3,19	8,76	24,81	16,62	136,80	265,89	145,92	2765,26
17.09.2026 11:05:34	0,31	0,38	0,45	0,31	0,25	0,30	0,79	1,06	5,84	0,00	66,47	91,20	0,00	291,84	1276,27
17.09.2026 11:05:40	0,35	0,44	0,30	0,52	0,25	0,90	1,59	5,32	2,92	6,20	0,00	0,00	132,95	0,00	1063,56
17.09.2026 11:05:46	0,25	0,38	0,38	0,52	0,25	0,90	1,98	7,44	5,84	0,00	83,09	45,60	398,84	0,00	2127,12
17.09.2026 11:05:52	0,29	0,33	0,36	0,34	0,45	0,60	1,59	5,32	0,00	12,41	83,09	0,00	132,95	0,00	1063,56
17.09.2026 11:05:58	0,34	0,47	0,44	0,39	0,15	0,15	2,38	5,32	8,76	12,41	49,85	0,00	398,84	1094,40	2127,12
17.09.2026 11:06:04	0,34	0,33	0,41	0,67	0,40	0,75	2,38	6,38	5,84	18,61	16,62	91,20	398,84	72,96	850,85
17.09.2026 11:06:10	0,40	0,35	0,40	0,42	0,35	0,45	2,78	9,57	5,84	12,41	0,00	45,60	132,95	145,92	1701,70
17.09.2026 11:06:16	0,27	0,40	0,41	0,36	0,35	0,90	3,57	2,13	11,67	6,20	0,00	0,00	0,00	0,00	1063,56
17.09.2026 11:06:22	0,25	0,33	0,34	0,34	0,30	0,45	2,78	3,19	5,84	37,22	0,00	0,00	0,00	0,00	1063,56
17.09.2026 11:06:28	0,28	0,32	0,34	0,39	0,20	0,45	0,79	2,13	2,92	0,00	83,09	45,60	132,95	0,00	1063,56
17.09.2026 11:06:34	0,29	0,41	0,21	0,47	0,30	0,90	1,98	0,00	2,92	6,20	49,85	91,20	132,95	72,96	1914,41
17.09.2026 11:06:40	0,25	0,38	0,28	0,36	0,30	0,60	0,79	1,06	8,76	6,20	33,24	0,00	398,84	0,00	2127,12
17.09.2026 11:06:46	0,24	0,30	0,34	0,29	0,50	0,15	0,40	5,32	2,92	6,20	33,24	91,20	0,00	656,64	1276,27
17.09.2026 11:06:52	0,27	0,35	0,43	0,65	0,25	0,30	1,59	8,51	20,43	6,20	16,62	0,00	531,78	145,92	2765,26
17.09.2026 11:06:58	0,31	0,34	0,44	0,39	0,30	0,15	1,59	5,32	8,76	12,41	16,62	91,20	265,89	437,76	1914,41
17.09.2026 11:07:04	0,30	0,27	0,28	0,39	0,10	0,00	1,59	1,06	8,76	12,41	0,00	45,60	398,84	1386,24	2339,83
17.09.2026 11:07:10	0,33	0,35	0,31	0,36	0,15	0,15	1,59	3,19	0,00	6,20	0,00	136,80	132,95	510,72	1701,70
17.09.2026 11:07:16	0,27	0,26	0,32	0,39	0,40	0,90	0,79	1,06	5,84	6,20	16,62	91,20	0,00	291,84	2339,83
17.09.2026 11:07:22	0,28	0,37	0,28	0,36	0,15	0,60	0,79	2,13	5,84	12,41	16,62	91,20	398,84	0,00	1063,56
17.09.2026 11:07:28	0,28	0,37	0,38	0,26	0,25	0,15	2,38	6,38	0,00	6,20	0,00	0,00	132,95	583,68	2552,54
17.09.2026 11:07:34	0,25	0,34	0,31	0,34	0,35	0,00	1,19	3,19	14,59	6,20	0,00	0,00	0,00	0,00	1063,56
17.09.2026 11:07:40	0,26	0,34	0,27	0,36	0,25	0,15	1,19	3,19	2,92	12,41	66,47	91,20	0,00	0,00	1063,56
17.09.2026 11:07:46	0,23	0,32	0,35	0,34	0,65	0,60	0,79	3,19	11,67	6,20	33,24	0,00	132,95	218,88	2552,54
17.09.2026 11:07:52	0,24	0,29	0,28	0,39	0,30	0,45	1,59	1,06	5,84	18,61	0,00	45,60	132,95	656,64	1276,27
17.09.2026 11:07:58	0,27	0,26	0,25	0,21	0,35	0,30	1,59	2,13	2,92	0,00	16,62	45,60	398,84	291,84	2339,83
17.09.2026 11:08:04	0,27	0,30	0,38	0,36	0,35	0,30	3,18	3,19	2,92	6,20	0,00	136,80	0,00	948,48	2552,54
17.09.2026 11:08:10	0,22	0,29	0,39	0,29	0,15	0,30	0,00	7,44	5,84	6,20	33,24	0,00	132,95	0,00	1063,56
17.09.2026 11:08:16	0,19	0,29	0,32	0,39	0,10	0,75	0,40	3,19	2,92	0,00	33,24	0,00	0,00	0,00	1063,56
17.09.2026 11:08:22	0,23	0,27	0,30	0,29	0,30	0,60	1,59	2,13	5,84	6,20	83,09	0,00	0,00	72,96	1914,41
17.09.2026 11:08:28	0,20	0,30	0,26	0,34	0,35	0,75	1,19	4,25	2,92	12,41	0,00	0,00	0,00	145,92	2765,26
17.09.2026 11:08:34	0,27	0,28	0,26	0,13	0,05	0,60	0,40	5,32	8,76	6,20	16,62	0,00	265,89	583,68	2552,54
17.09.2026 11:08:40	0,18	0,32	0,21	0,26	0,25	0,75	2,38	0,00	8,76	0,00	0,00	0,00	0,00	0,00	1063,56
17.09.2026 11:08:46	0,21	0,35	0,45	0,36	0,20	0,75	2,78	3,19	2,92	6,20	33,24	0,00	132,95	0,00	1063,56
17.09.2026 11:08:52	0,20	0,24	0,25	0,23	0,25	0,30	1,19	3,19	0,00	0,00	33,24	0,00	0,00	656,64	1276,27
17.09.2026 11:08:58	0,17	0,29	0,18	0,36	0,25	0,45	1,98	3,19	8,76	0,00	16,62	45,60	132,95	218,88	1488,98
17.09.2026 11:09:04	0,27	0,30	0,28	0,21	0,20	0,15	2,38	3,19	5,84	6,20	49,85	0,00	132,95	583,68	2552,54
17.09.2026 11:09:10	0,21	0,25	0,22	0,52	0,25	0,15	3,18	4,25	2,92	12,41	16,62	0,00	132,95	218,88	2552,54
17.09.2026 11:09:16	0,26	0,24	0,31	0,21	0,25	0,15	1,19	2,13	8,76	0,00	16,62	0,00	132,95	729,60	1063,56
17.09.2026 11:09:22	0,25	0,30	0,21	0,36	0,20	0,30	1,59	5,32	2,92	6,20	0,00	45,60	398,84	1021,44	3403,39
17.09.2026 11:09:28	0,21	0,26	0,32	0,23	0,40	0,15	0,79	5,32	2,92	18,61	16,62	0,00	132,95	0,00	3190,68
17.09.2026 11:09:34	0,18	0,23	0,34	0,44	0,35	0,60	1,19	4,25	5,84	24,81	49,85	0,00	132,95	510,72	1701,70
17.09.2026 11:09:40	0,20	0,30	0,43	0,44	0,30	0,30	0,79	4,25	0,00	0,00	0,00	0,00	132,95	0,00	0,00
17.09.2026 11:09:46	0,25	0,24	0,38	0,29	0,20	0,30	1,19	1,06	0,00	6,20	0,00	0,00	132,95	0,00	3190,68
17.09.2026 11:09:52	0,23	0,21	0,41	0,18	0,30	0,30	1,59	2,13	0,00	6,20	16,62	0,00	0,00	583,68	1488,98
17.09.2026 11:09:58	0,19	0,26	0,26	0,44	0,15	0,90	1,19	2,13	2,92	6,20	0,00	45,60	132,95	656,64	2339,83
17.09.2026 11:10:04	0,19	0,24	0,28	0,34	0,25	0,75	3,18	3,19	2,92	6,20	33,24	45,60	265,89	437,76	2977,97
17.09.2026 11:10:10	0,22	0,29	0,35	0,23	0,20	0,60	1,59	7,44	11,67	0,00	16,62	0,00	0,00	218,88	1488,98
17.09.2026 11:10:16	0,20	0,25	0,19	0,42	0,10	0,15	0,00	4,25	2,92	18,61	33,24	0,00	398,84	291,84	1276,27
17.09.2026 11:10:22	0,17	0,16	0,32	0,29	0,15	0,30	2,38	4,25	5,84	12,41	33,24	45,60	398,84	218,88	1488,98
17.09.2026 11:10:28	0,19	0,21	0,22	0,13	0,20	0,00	1,19	2,13	8,76	24,81	33,24	45,60	0,00	0,00	0,00
17.09.2026 11:10:34	0,18	0,28	0,23	0,29	0,30	0,30	2,38	5,32	2,92	0,00	0,00	45,60	132,95	1094,40	3190,68
17.09.2026 11:10:40	0,24	0,21	0,27	0,26	0,20	0,15	0,79	4,25	0,00	0,00	16,62	0,00	132,95	510,72	2765,26
17.09.2026 11:10:46	0,23	0,25	0,34	0,23	0,35	0,60	0,79	3,19	5,84	12,41	0,00	0,00	132,95	218,88	2552,54
17.09.2026 11:10:52	0,19	0,34	0,28	0,39	0,40	0,45	1,19	2,13	2,92	0,00	33,24	91,20	132,95	218,88	2552,54
17.09.2026 11:10:58	0,20	0,27	0,32	0,34	0,40	0,45	1,59	3,19	2,92	0,00	16,62	45,60	0,00	729,60	3190,68
17.09.2026 11:11:04	0,17	0,27	0,17	0,29	0,20	0,75	1,98	5,32	0,00	12,41	0,00	91,20	0,00	0,00	1063,56
17.09.2026 11:11:10	0,24	0,29	0,26	0,18	0,15	0,60	0,00	9,57	5,84	12,41	0,00	45,60	531,78	510,72	2765,26
17.09.2026 11:11:16	0,18	0,27	0,17	0,18	0,35	0,30	0,40	4,25	5,84	6,20	16,62	91,20	265,89	291,84	2339,83
17.09.2026 11:11:22	0,15	0,19	0,22	0,23	0,30	0,30	0,00	2,13	2,92	6,20	0,00	0,00	132,95	0,00	0,00
17.09.2026 11:11:28	0,20	0,27	0,35	0,21	0,25	0,60	2,38	2,13	5,84	24,81	16,62	0,00	0,00	1021,44	2339,83
17.09.2026 11:11:34	0,24	0,27	0,26	0,18	0,15	0,15	1,19	2,13	0,00	6,20	33,24	0,00	265,89	583,68	2552,54
17.09.2026 11:11:40	0,20	0,24	0,23	0,34	0,40	0,60	0,79	2,13	0,00	6,20	33,24	0,00	0,00	145,92	2765,26
17.09.2026 11:11:46	0,24	0,23	0,25	0,36	0,30	0,45	1,98	3,19	2,92	6,20	16,62	45,60	132,95	364,80	2127,12
17.09.2026 11:11:52	0,14	0,25	0,23	0,36	0,25	0,30	1,19	1,06	0,00	12,41	0,00	0,00	0,00	0,00	0,00
17.09.2026 11:11:58	0,21	0,26	0,19	0,39	0,10	0,60	1,59	3,19	5,84	6,20	0,00	0,00	132,95	948,48	2552,54
17.09.2026 11:12:04	0,23	0,22	0,21	0,26	0,20	0,30	0,79	5,32	2,92	31,01	16,62	0,00	0,00	437,76	2977,97
17.09.2026 11:12:10	0,14	0,21	0,30	0,42	0,15	0,75	1,19	2,13	8,76	0,00	49,85	0,00	132,95	291,84	2339,83
17.09.2026 11:12:16	0,18	0,24	0,26	0,21	0,25	0,15	1,98	3,19	5,84	37,22	0,00	0,00	132,95	218,88	2552,54
17.09.2026 11:12:22	0,17	0,15	0,13	0,16	0,30	0,15	1,59	3,19	2,92	6,20	49,85	0,00	132,95	291,84	2339,83
17.09.2026 11:12:28	0,19	0,19	0,26	0,31	0,10	0,30	0,79	2,13	0,00	0,00	16,62	0,00	132,95	72,96	1914,41
17.09.2026 11:12:34	0,17	0,17	0,26	0,23	0,20	0,00	0,40	1,06	8,76	0,00	16,62	0,00	132,95	0,00	2127,12
17.09.2026 11:12:40	0,22	0,22	0,30	0,31	0,30	0,75	1,59	4,25	2,92	0,00	16,62	45,60	0,00	510,72	1701,70
17.09.2026 11:12:46	0,18	0,17	0,26	0,23	0,00	0,00	1,98	3,19	11,67	6,20	0,00	0,00	265,89	0,00	2127,12
17.09.2026 11:12:52	0,21	0,17	0,16	0,29	0,35	0,30	1,98	1,06	5,84	0,00	16,62	45,60	132,95	72,96	1914,41
17.09.2026 11:12:58	0,16	0,22	0,28	0,08	0,05	0,00	0,40	3,19	2,92	6,20	16,62	0,00	265,89	72,96	1914,41
17.09.2026 11:13:04	0,15	0,20	0,13	0,29	0,15	0,15	0,40	1,06	2,92	12,41	0,00	91,20	0,00	0,00	0,00
17.09.2026 11:13:10	0,17	0,17	0,21	0,26	0,10	0,15	0,40	1,06	0,00	12,41	49,85	0,00	132,95	0,00	0,00
17.09.2026 11:13:16	0,18	0,24	0,23	0,26	0,25	0,45	1,59	2,13	2,92	12,41	49,85	0,00	0,00	729,60	2127,12
17.09.2026 11:13:22	0,13	0,19	0,26	0,23	0,20	0,15	0,79	2,13	8,76	0,00	0,00	0,00	0,00	291,84	1276,27
17.09.2026 11:13:28	0,17	0,22	0,19	0,31	0,15	0,15	1,98	1,06	0,00	0,00	0,00	0,00	132,95	0,00	2127,12
17.09.2026 11:13:34	0,18	0,22	0,18	0,36	0,25	0,30	0,00	3,19	2,92	12,41	0,00	0,00	0,00	437,76	850,85
17.09.2026 11:13:40	0,20	0,26	0,23	0,26	0,10	0,15	2,38	1,06	2,92	6,20	33,24	0,00	132,95	364,80	2127,12
17.09.2026 11:13:46	0,18	0,20	0,19	0,29	0,05	0,75	0,79	3,19	0,00	6,20	16,62	0,00	0,00	291,84	2339,83
17.09.2026 11:13:52	0,19	0,21	0,22	0,49	0,15	0,45	1,19	3,19	8,76	0,00	0,00	0,00	132,95	875,52	2765,26
17.09.2026 11:13:58	0,23	0,19	0,23	0,29	0,15	0,00	1,59	2,13	2,92	0,00	16,62	91,20	0,00	1240,32	2765,26
17.09.2026 11:14:04	0,15	0,22	0,28	0,21	0,25	0,60	0,79	1,06	0,00	0,00	16,62	0,00	265,89	0,00	2127,12
17.09.2026 11:14:10	0,17	0,18	0,27	0,29	0,25	0,30	1,19	3,19	0,00	12,41	33,24	45,60	0,00	145,92	1701,70
17.09.2026 11:14:16	0,18	0,16	0,17	0,23	0,20	0,60	0,79	1,06	5,84	0,00	0,00	0,00	0,00	583,68	1488,98
17.09.2026 11:14:22	0,17	0,14	0,23	0,42	0,25	0,15	2,38	2,13	2,92	0,00	0,00	0,00	265,89	145,92	638,14
17.09.2026 11:14:28	0,18	0,19	0,18	0,16	0,05	0,30	0,79	2,13	2,92	0,00	16,62	0,00	0,00	364,80	2127,12
17.09.2026 11:14:34	0,16	0,22	0,17	0,23	0,10	0,00	1,19	0,00	0,00	0,00	16,62	0,00	265,89	0,00	0,00
17.09.2026 11:14:40	0,16	0,27	0,38	0,29	0,15	0,15	1,19	2,13	5,84	0,00	16,62	0,00	132,95	0,00	2127,12
17.09.2026 11:14:46	0,15	0,22	0,19	0,36	0,30	0,15	2,38	5,32	8,76	0,00	0,00	0,00	265,89	364,80	3190,68
17.09.2026 11:14:52	0,15	0,17	0,28	0,23	0,05	0,90	0,79	3,19	5,84	12,41	16,62	0,00	265,89	802,56	850,85
17.09.2026 11:14:58	0,21	0,23	0,27	0,39	0,05	0,75	1,19	5,32	8,76	6,20	16,62	45,60	265,89	802,56	2977,97
17.09.2026 11:15:04	0,17	0,17	0,19	0,13	0,05	0,45	0,00	4,25	11,67	6,20	16,62	45,60	132,95	510,72	638,14
17.09.2026 11:15:10	0,19	0,20	0,18	0,26	0,25	0,45	0,00	2,13	2,92	0,00	0,00	45,60	0,00	218,88	1488,98
17.09.2026 11:15:16	0,18	0,20	0,23	0,26	0,05	0,30	0,40	4,25	2,92	6,20	0,00	45,60	0,00	437,76	2977,97
17.09.2026 11:15:22	0,21	0,22	0,22	0,29	0,15	0,60	1,19	6,38	5,84	0,00	0,00	0,00	265,89	583,68	2552,54
17.09.2026 11:15:28	0,18	0,21	0,28	0,23	0,05	0,15	1,59	3,19	8,76	0,00	0,00	0,00	0,00	802,56	1914,41
17.09.2026 11:15:34	0,18	0,16	0,25	0,29	0,50	0,15	1,59	4,25	0,00	6,20	16,62	0,00	398,84	218,88	1488,98
17.09.2026 11:15:40	0,18	0,18	0,19	0,31	0,25	1,20	1,59	2,13	11,67	6,20	16,62	45,60	265,89	364,80	2127,12
17.09.2026 11:15:46	0,21	0,19	0,41	0,44	0,10	0,15	2,38	2,13	2,92	0,00	0,00	0,00	132,95	510,72	2765,26
17.09.2026 11:15:52	0,17	0,21	0,28	0,31	0,40	0,75	3,18	3,19	2,92	12,41	16,62	0,00	0,00	802,56	2977,97
17.09.2026 11:15:58	0,15	0,17	0,18	0,23	0,05	0,30	0,40	3,19	5,84	0,00	0,00	45,60	265,89	0,00	1063,56
17.09.2026 11:16:04	0,18	0,21	0,23	0,34	0,20	0,30	0,79	2,13	2,92	0,00	0,00	0,00	0,00	218,88	2552,54
17.09.2026 11:16:10	0,20	0,26	0,31	0,23	0,30	0,15	1,19	2,13	0,00	0,00	0,00	0,00	0,00	364,80	2127,12
17.09.2026 11:16:16	0,18	0,20	0,25	0,21	0,45	0,30	1,98	2,13	0,00	0,00	0,00	45,60	132,95	218,88	2552,54
17.09.2026 11:16:22	0,16	0,19	0,21	0,49	0,40	0,60	0,79	5,32	2,92	6,20	0,00	45,60	0,00	218,88	2552,54
17.09.2026 11:16:28	0,13	0,16	0,17	0,29	0,20	0,45	1,19	3,19	0,00	0,00	0,00	136,80	398,84	583,68	1488,98
17.09.2026 11:16:34	0,17	0,16	0,17	0,23	0,10	0,30	0,00	1,06	0,00	12,41	0,00	0,00	132,95	145,92	2765,26
17.09.2026 11:16:40	0,17	0,25	0,18	0,23	0,25	0,30	0,00	5,32	2,92	6,20	33,24	0,00	132,95	0,00	2127,12
17.09.2026 11:16:46	0,21	0,19	0,22	0,21	0,10	0,60	1,59	2,13	2,92	12,41	0,00	0,00	0,00	218,88	2552,54
17.09.2026 11:16:52	0,18	0,16	0,27	0,34	0,15	0,30	0,40	3,19	2,92	6,20	33,24	0,00	0,00	656,64	3403,39
17.09.2026 11:16:58	0,15	0,19	0,18	0,18	0,25	0,30	0,79	3,19	0,00	6,20	0,00	0,00	0,00	0,00	2127,12
17.09.2026 11:17:04	0,20	0,17	0,26	0,31	0,10	0,45	0,40	5,32	5,84	12,41	33,24	0,00	265,89	948,48	4679,66
17.09.2026 11:17:10	0,13	0,19	0,35	0,18	0,05	0,30	0,79	4,25	0,00	6,20	16,62	45,60	132,95	0,00	2127,12
17.09.2026 11:17:16	0,14	0,17	0,30	0,21	0,10	0,45	1,59	5,32	2,92	18,61	33,24	0,00	398,84	0,00	0,00
17.09.2026 11:17:22	0,14	0,19	0,19	0,16	0,20	0,30	0,40	2,13	0,00	6,20	0,00	45,60	265,89	510,72	638,14
17.09.2026 11:17:28	0,16	0,17	0,22	0,39	0,10	0,30	1,59	0,00	0,00	0,00	16,62	45,60	265,89	0,00	1063,56
17.09.2026 11:17:34	0,19	0,25	0,21	0,23	0,35	0,15	1,98	1,06	2,92	18,61	0,00	45,60	0,00	437,76	1914,41
17.09.2026 11:17:40	0,13	0,20	0,22	0,31	0,05	0,45	0,00	1,06	0,00	0,00	33,24	45,60	132,95	0,00	0,00
17.09.2026 11:17:46	0,14	0,17	0,23	0,26	0,35	0,60	1,19	4,25	14,59	6,20	33,24	45,60	265,89	656,64	3403,39
17.09.2026 11:17:52	0,18	0,18	0,22	0,31	0,15	0,45	0,00	4,25	5,84	0,00	33,24	0,00	132,95	291,84	2339,83
17.09.2026 11:17:58	0,15	0,17	0,17	0,26	0,10	0,15	1,59	2,13	2,92	0,00	33,24	45,60	0,00	0,00	1063,56
17.09.2026 11:18:04	0,15	0,19	0,18	0,18	0,25	0,75	2,38	2,13	2,92	0,00	33,24	0,00	0,00	364,80	3190,68
17.09.2026 11:18:10	0,15	0,22	0,27	0,31	0,25	0,45	1,19	4,25	0,00	6,20	33,24	0,00	132,95	583,68	3616,10
17.09.2026 11:18:16	0,18	0,15	0,12	0,21	0,15	0,00	2,38	6,38	0,00	6,20	66,47	45,60	0,00	0,00	0,00
17.09.2026 11:18:22	0,16	0,19	0,35	0,26	0,10	0,45	2,78	5,32	5,84	6,20	0,00	45,60	398,84	583,68	2552,54
17.09.2026 11:18:28	0,16	0,22	0,19	0,18	0,15	0,15	0,79	3,19	0,00	12,41	33,24	0,00	0,00	0,00	2127,12
17.09.2026 11:18:34	0,25	0,20	0,23	0,34	0,25	0,45	0,79	3,19	8,76	0,00	0,00	0,00	265,89	656,64	3403,39
17.09.2026 11:18:40	0,16	0,20	0,27	0,23	0,25	0,30	1,19	3,19	0,00	24,81	0,00	45,60	0,00	875,52	638,14
17.09.2026 11:18:46	0,19	0,22	0,18	0,31	0,35	0,15	0,40	3,19	0,00	12,41	16,62	0,00	265,89	0,00	1063,56
17.09.2026 11:18:52	0,14	0,20	0,25	0,21	0,20	0,45	1,19	3,19	5,84	6,20	49,85	91,20	0,00	583,68	1488,98
17.09.2026 11:18:58	0,18	0,12	0,21	0,36	0,00	0,30	0,40	3,19	2,92	0,00	33,24	91,20	398,84	0,00	2127,12
17.09.2026 11:19:04	0,16	0,18	0,16	0,34	0,25	0,30	0,79	0,00	0,00	0,00	16,62	45,60	265,89	0,00	1063,56
17.09.2026 11:19:10	0,16	0,19	0,22	0,36	0,30	0,30	1,59	3,19	5,84	6,20	0,00	0,00	132,95	583,68	2552,54
17.09.2026 11:19:16	0,18	0,17	0,17	0,18	0,20	0,60	0,40	2,13	8,76	6,20	33,24	0,00	132,95	437,76	1914,41
17.09.2026 11:19:22	0,15	0,15	0,30	0,31	0,30	0,30	0,40	4,25	2,92	18,61	49,85	45,60	265,89	583,68	4679,66
17.09.2026 11:19:28	0,17	0,17	0,27	0,18	0,10	0,75	1,59	4,25	0,00	0,00	16,62	0,00	531,78	510,72	2765,26
17.09.2026 11:19:34	0,15	0,15	0,12	0,21	0,25	0,30	1,19	4,25	14,59	18,61	16,62	91,20	0,00	875,52	3828,82
17.09.2026 11:19:40	0,15	0,18	0,21	0,29	0,25	0,60	1,19	4,25	5,84	18,61	0,00	91,20	398,84	72,96	2977,97
17.09.2026 11:19:46	0,15	0,13	0,09	0,13	0,15	0,45	0,40	0,00	2,92	0,00	33,24	45,60	398,84	729,60	2127,12
17.09.2026 11:19:52	0,21	0,13	0,19	0,23	0,25	0,15	1,19	4,25	8,76	12,41	16,62	136,80	132,95	1751,05	5530,51
17.09.2026 11:19:58	0,12	0,16	0,17	0,10	0,15	0,15	1,59	4,25	2,92	6,20	0,00	45,60	132,95	0,00	1063,56
17.09.2026 11:20:04	0,14	0,19	0,08	0,26	0,35	0,30	0,79	2,13	2,92	6,20	33,24	0,00	664,73	583,68	1488,98
17.09.2026 11:20:10	0,18	0,17	0,18	0,29	0,30	0,90	1,19	3,19	0,00	0,00	16,62	0,00	132,95	1094,40	3190,68
17.09.2026 11:20:16	0,15	0,14	0,12	0,21	0,15	0,45	1,59	0,00	5,84	6,20	0,00	0,00	0,00	656,64	2339,83
17.09.2026 11:20:22	0,18	0,25	0,27	0,21	0,10	0,45	0,00	3,19	5,84	6,20	49,85	45,60	265,89	1240,32	2765,26
17.09.2026 11:20:28	0,13	0,14	0,22	0,13	0,25	0,15	1,59	1,06	0,00	12,41	66,47	45,60	132,95	656,64	1276,27
17.09.2026 11:20:34	0,20	0,19	0,23	0,21	0,15	0,15	0,40	3,19	2,92	6,20	33,24	0,00	265,89	437,76	1914,41
17.09.2026 11:20:40	0,13	0,18	0,22	0,31	0,10	0,60	0,79	3,19	0,00	0,00	0,00	0,00	132,95	802,56	1914,41
17.09.2026 11:20:46	0,15	0,14	0,21	0,21	0,20	0,45	1,19	2,13	0,00	6,20	16,62	0,00	132,95	0,00	1063,56
17.09.2026 11:20:52	0,15	0,14	0,13	0,31	0,05	0,30	0,79	2,13	5,84	6,20	66,47	91,20	265,89	218,88	1488,98
17.09.2026 11:20:58	0,18	0,19	0,16	0,18	0,10	0,15	1,98	3,19	0,00	18,61	0,00	0,00	265,89	72,96	1914,41
17.09.2026 11:21:04	0,15	0,16	0,25	0,31	0,25	0,75	1,19	6,38	5,84	12,41	0,00	0,00	0,00	729,60	3190,68
17.09.2026 11:21:10	0,15	0,13	0,21	0,21	0,30	0,00	0,79	3,19	11,67	0,00	16,62	45,60	0,00	510,72	1701,70
17.09.2026 11:21:16	0,15	0,18	0,18	0,29	0,35	0,15	0,40	3,19	5,84	0,00	0,00	0,00	0,00	0,00	2127,12
17.09.2026 11:21:22	0,14	0,20	0,23	0,16	0,05	0,00	1,59	3,19	2,92	6,20	66,47	45,60	265,89	364,80	2127,12
17.09.2026 11:21:28	0,16	0,16	0,18	0,13	0,05	0,60	0,40	3,19	2,92	18,61	0,00	0,00	265,89	291,84	2339,83
17.09.2026 11:21:34	0,13	0,15	0,10	0,16	0,05	0,30	0,40	2,13	2,92	6,20	16,62	0,00	132,95	0,00	0,00
17.09.2026 11:21:40	0,20	0,39	0,35	0,36	0,35	1,05	1,59	5,32	0,00	0,00	33,24	91,20	265,89	948,48	4679,66
17.09.2026 11:21:46	0,13	0,15	0,22	0,23	0,20	0,15	0,79	5,32	2,92	6,20	16,62	0,00	132,95	0,00	2127,12
17.09.2026 11:21:52	0,18	0,10	0,16	0,29	0,05	0,45	1,59	2,13	2,92	6,20	0,00	0,00	132,95	1751,05	4466,95
17.09.2026 11:21:58	0,13	0,16	0,17	0,26	0,20	0,45	1,59	1,06	2,92	0,00	66,47	0,00	0,00	0,00	0,00
17.09.2026 11:22:04	0,18	0,19	0,27	0,31	0,20	0,15	2,78	3,19	5,84	12,41	16,62	45,60	0,00	291,84	2339,83
17.09.2026 11:22:10	0,14	0,14	0,21	0,23	0,20	0,60	1,59	2,13	0,00	6,20	0,00	0,00	0,00	218,88	2552,54
17.09.2026 11:22:16	0,18	0,16	0,21	0,31	0,20	0,15	2,38	5,32	8,76	12,41	49,85	45,60	132,95	1240,32	3828,82
17.09.2026 11:22:22	0,11	0,12	0,12	0,23	0,15	0,45	1,19	4,25	5,84	18,61	0,00	0,00	265,89	0,00	0,00
17.09.2026 11:22:28	0,15	0,20	0,25	0,29	0,15	0,15	0,79	4,25	5,84	6,20	0,00	0,00	132,95	510,72	638,14
17.09.2026 11:22:34	0,14	0,14	0,18	0,21	0,25	0,15	0,79	3,19	8,76	6,20	16,62	0,00	0,00	510,72	638,14
17.09.2026 11:22:40	0,11	0,19	0,22	0,29	0,25	0,30	0,79	1,06	2,92	6,20	0,00	0,00	132,95	291,84	1276,27
17.09.2026 11:22:46	0,18	0,22	0,23	0,26	0,05	0,00	0,79	3,19	5,84	6,20	0,00	91,20	0,00	437,76	1914,41
17.09.2026 11:22:52	0,18	0,12	0,12	0,21	0,20	0,15	1,19	7,44	2,92	6,20	33,24	45,60	265,89	218,88	1488,98
17.09.2026 11:22:58	0,14	0,13	0,14	0,16	0,05	0,45	0,00	2,13	0,00	12,41	33,24	0,00	0,00	0,00	1063,56
17.09.2026 11:23:04	0,14	0,12	0,13	0,26	0,20	0,30	0,40	5,32	11,67	6,20	0,00	0,00	132,95	291,84	1276,27
17.09.2026 11:23:10	0,15	0,17	0,21	0,34	0,30	0,15	1,19	7,44	0,00	6,20	0,00	45,60	0,00	0,00	2127,12
17.09.2026 11:23:16	0,11	0,10	0,14	0,10	0,05	0,00	0,00	0,00	5,84	0,00	0,00	0,00	265,89	218,88	1488,98
17.09.2026 11:23:22	0,11	0,12	0,08	0,23	0,25	0,00	1,98	3,19	2,92	6,20	33,24	45,60	0,00	0,00	1063,56
17.09.2026 11:23:28	0,20	0,24	0,19	0,21	0,25	0,45	1,19	2,13	8,76	12,41	16,62	0,00	132,95	510,72	2765,26
17.09.2026 11:23:34	0,15	0,14	0,18	0,18	0,25	0,75	0,00	3,19	8,76	6,20	16,62	0,00	0,00	0,00	1063,56
17.09.2026 11:23:40	0,12	0,15	0,22	0,16	0,30	0,30	2,38	4,25	0,00	6,20	0,00	91,20	0,00	583,68	1488,98
17.09.2026 11:23:46	0,15	0,17	0,16	0,26	0,20	0,30	0,79	3,19	5,84	0,00	33,24	0,00	132,95	72,96	1914,41
17.09.2026 11:23:52	0,17	0,20	0,23	0,26	0,15	0,30	0,00	3,19	2,92	6,20	16,62	0,00	0,00	218,88	2552,54
17.09.2026 11:23:58	0,13	0,14	0,19	0,08	0,20	0,45	0,79	1,06	0,00	18,61	33,24	45,60	132,95	0,00	1063,56
17.09.2026 11:24:04	0,16	0,18	0,22	0,18	0,10	0,00	0,40	2,13	2,92	6,20	0,00	45,60	132,95	0,00	1063,56
17.09.2026 11:24:10	0,10	0,20	0,26	0,31	0,20	0,15	0,40	1,06	2,92	0,00	16,62	45,60	0,00	145,92	1701,70
17.09.2026 11:24:16	0,20	0,11	0,22	0,26	0,20	0,45	1,59	4,25	8,76	0,00	33,24	0,00	0,00	218,88	1488,98
17.09.2026 11:24:22	0,13	0,19	0,32	0,23	0,35	0,30	1,59	1,06	5,84	6,20	16,62	0,00	0,00	145,92	1701,70
17.09.2026 11:24:28	0,15	0,17	0,12	0,16	0,05	0,00	0,00	4,25	2,92	6,20	16,62	0,00	0,00	0,00	0,00
17.09.2026 11:24:34	0,15	0,18	0,17	0,23	0,15	0,45	0,79	1,06	0,00	0,00	16,62	91,20	132,95	0,00	0,00
17.09.2026 11:24:40	0,17	0,17	0,19	0,29	0,15	0,45	0,40	2,13	2,92	6,20	16,62	0,00	398,84	364,80	2127,12
17.09.2026 11:24:46	0,11	0,20	0,34	0,47	0,25	0,60	1,19	2,13	8,76	0,00	33,24	91,20	0,00	437,76	2977,97
17.09.2026 11:24:52	0,14	0,12	0,19	0,18	0,15	0,15	1,19	2,13	0,00	0,00	0,00	0,00	0,00	0,00	1063,56
17.09.2026 11:24:58	0,13	0,22	0,12	0,23	0,35	0,30	0,79	1,06	2,92	0,00	16,62	0,00	0,00	437,76	850,85
17.09.2026 11:25:04	0,11	0,12	0,16	0,34	0,30	0,15	1,59	2,13	8,76	0,00	33,24	0,00	132,95	729,60	1063,56
17.09.2026 11:25:10	0,12	0,14	0,30	0,03	0,25	0,00	0,79	2,13	0,00	12,41	16,62	91,20	0,00	0,00	1063,56
17.09.2026 11:25:16	0,14	0,12	0,17	0,29	0,35	0,15	0,40	3,19	2,92	12,41	0,00	0,00	132,95	218,88	2552,54
17.09.2026 11:25:22	0,13	0,20	0,23	0,16	0,25	0,15	0,79	2,13	2,92	6,20	0,00	0,00	132,95	0,00	1063,56
17.09.2026 11:25:28	0,14	0,20	0,28	0,26	0,05	0,30	0,79	2,13	5,84	6,20	0,00	45,60	0,00	583,68	2552,54
17.09.2026 11:25:34	0,14	0,14	0,13	0,18	0,15	0,00	1,19	3,19	0,00	0,00	0,00	91,20	0,00	72,96	850,85
17.09.2026 11:25:40	0,14	0,17	0,23	0,18	0,20	0,30	1,59	0,00	0,00	6,20	16,62	0,00	132,95	0,00	0,00
17.09.2026 11:25:46	0,16	0,13	0,26	0,18	0,30	0,15	0,40	1,06	2,92	0,00	33,24	0,00	132,95	218,88	425,42
17.09.2026 11:25:52	0,13	0,16	0,14	0,18	0,05	0,30	0,40	0,00	0,00	12,41	0,00	0,00	0,00	72,96	850,85
17.09.2026 11:25:58	0,14	0,25	0,26	0,16	0,05	0,45	0,40	2,13	0,00	12,41	0,00	45,60	132,95	729,60	3190,68
17.09.2026 11:26:04	0,14	0,17	0,26	0,23	0,55	0,15	1,19	2,13	2,92	6,20	49,85	0,00	0,00	364,80	2127,12
17.09.2026 11:26:10	0,13	0,14	0,19	0,13	0,20	0,15	0,40	5,32	5,84	6,20	33,24	45,60	0,00	0,00	0,00
17.09.2026 11:26:16	0,19	0,17	0,17	0,13	0,10	0,30	1,98	2,13	0,00	18,61	33,24	0,00	0,00	145,92	2765,26
17.09.2026 11:26:22	0,15	0,17	0,14	0,26	0,05	0,15	0,79	3,19	2,92	6,20	0,00	0,00	0,00	291,84	2339,83
17.09.2026 11:26:28	0,14	0,16	0,23	0,13	0,15	0,30	0,40	2,13	5,84	12,41	16,62	45,60	0,00	0,00	0,00
17.09.2026 11:26:34	0,18	0,22	0,09	0,18	0,10	0,30	1,98	3,19	0,00	6,20	0,00	0,00	0,00	72,96	850,85
17.09.2026 11:26:40	0,18	0,16	0,18	0,10	0,15	0,45	1,59	2,13	0,00	6,20	33,24	136,80	265,89	583,68	1488,98
17.09.2026 11:26:46	0,11	0,20	0,12	0,34	0,25	0,30	0,40	1,06	0,00	12,41	33,24	136,80	132,95	0,00	1063,56
17.09.2026 11:26:52	0,11	0,22	0,12	0,23	0,25	0,00	0,40	2,13	5,84	12,41	0,00	0,00	132,95	364,80	2127,12
17.09.2026 11:26:58	0,16	0,26	0,16	0,29	0,15	0,60	1,59	3,19	5,84	12,41	16,62	45,60	0,00	948,48	1488,98
17.09.2026 11:27:04	0,14	0,11	0,17	0,13	0,15	0,00	0,79	2,13	2,92	6,20	33,24	0,00	265,89	0,00	0,00
17.09.2026 11:27:10	0,13	0,16	0,08	0,10	0,10	0,30	0,40	4,25	5,84	6,20	0,00	0,00	398,84	510,72	638,14
17.09.2026 11:27:16	0,20	0,18	0,23	0,26	0,15	0,30	0,40	1,06	2,92	12,41	16,62	0,00	132,95	72,96	850,85
17.09.2026 11:27:22	0,17	0,17	0,31	0,29	0,05	0,15	1,19	1,06	0,00	0,00	16,62	0,00	132,95	875,52	2765,26
17.09.2026 11:27:28	0,17	0,22	0,26	0,08	0,10	0,15	0,40	1,06	5,84	12,41	0,00	0,00	0,00	72,96	850,85
17.09.2026 11:27:34	0,15	0,12	0,17	0,16	0,10	0,30	0,40	0,00	2,92	12,41	0,00	45,60	0,00	145,92	1701,70
17.09.2026 11:27:40	0,14	0,09	0,21	0,08	0,25	0,45	0,00	3,19	8,76	0,00	0,00	0,00	0,00	145,92	638,14
17.09.2026 11:27:46	0,12	0,17	0,22	0,29	0,35	0,60	1,19	4,25	5,84	0,00	16,62	0,00	132,95	0,00	0,00
17.09.2026 11:27:52	0,14	0,20	0,25	0,42	0,10	0,45	0,79	3,19	0,00	6,20	33,24	0,00	132,95	510,72	1701,70
17.09.2026 11:27:58	0,12	0,12	0,16	0,21	0,25	0,15	0,40	1,06	2,92	12,41	16,62	0,00	132,95	72,96	850,85
17.09.2026 11:28:04	0,18	0,17	0,16	0,18	0,05	0,60	0,40	3,19	2,92	0,00	0,00	0,00	132,95	437,76	1914,41
17.09.2026 11:28:10	0,14	0,21	0,19	0,23	0,20	0,00	1,19	1,06	0,00	6,20	0,00	91,20	132,95	0,00	1063,56
17.09.2026 11:28:16	0,46	0,47	0,44	0,57	0,40	0,30	1,19	3,19	11,67	0,00	16,62	45,60	0,00	510,72	1701,70
17.09.2026 11:28:22	0,26	0,41	0,32	0,42	0,35	0,60	0,40	1,06	5,84	6,20	33,24	0,00	132,95	0,00	1063,56
17.09.2026 11:28:28	0,43	0,45	0,44	0,86	0,40	0,90	1,19	4,25	0,00	0,00	33,24	45,60	0,00	583,68	3616,10
17.09.2026 11:28:34	0,42	0,56	0,50	0,73	0,20	0,90	1,59	3,19	8,76	0,00	16,62	91,20	132,95	72,96	1914,41
17.09.2026 11:28:40	0,39	0,55	0,65	0,49	0,55	0,30	1,19	2,13	2,92	6,20	0,00	0,00	0,00	0,00	0,00
17.09.2026 11:28:46	0,45	0,68	0,58	0,54	0,50	0,90	2,78	2,13	8,76	12,41	0,00	0,00	265,89	364,80	0,00
17.09.2026 11:28:52	0,36	0,42	0,53	0,49	0,25	0,90	2,38	2,13	2,92	0,00	16,62	45,60	0,00	291,84	1276,27
17.09.2026 11:28:58	0,39	0,47	0,50	0,47	0,50	0,90	1,19	3,19	8,76	18,61	16,62	91,20	132,95	0,00	1063,56
17.09.2026 11:29:04	0,48	0,49	0,61	0,39	0,45	0,30	1,98	2,13	0,00	6,20	16,62	91,20	0,00	437,76	1914,41
17.09.2026 11:29:10	0,40	0,50	0,53	0,65	0,79	0,30	2,78	4,25	2,92	12,41	16,62	45,60	132,95	0,00	1063,56
17.09.2026 11:29:16	0,40	0,65	0,61	0,49	0,30	0,75	2,38	1,06	11,67	12,41	66,47	91,20	265,89	510,72	2765,26
17.09.2026 11:29:22	0,46	0,68	0,54	0,60	0,35	0,15	1,98	5,32	8,76	0,00	83,09	45,60	132,95	656,64	3403,39
17.09.2026 11:29:28	0,58	0,72	0,89	0,67	0,45	1,20	1,19	3,19	14,59	12,41	49,85	136,80	132,95	291,84	2339,83
17.09.2026 11:29:34	0,47	0,71	0,72	0,73	0,40	0,45	1,59	6,38	5,84	0,00	33,24	0,00	398,84	1313,28	3616,10
17.09.2026 11:29:40	0,58	0,83	0,84	0,75	0,35	0,60	1,98	5,32	5,84	12,41	16,62	0,00	0,00	0,00	0,00
17.09.2026 11:29:46	0,52	0,76	0,49	0,70	0,50	0,30	1,98	8,51	2,92	0,00	33,24	45,60	265,89	291,84	2339,83
17.09.2026 11:29:52	0,52	0,76	0,69	0,62	0,50	0,60	1,98	3,19	5,84	6,20	16,62	0,00	132,95	0,00	2127,12
17.09.2026 11:29:58	0,54	0,62	0,69	0,80	0,60	0,60	2,38	5,32	0,00	0,00	16,62	91,20	398,84	1094,40	2127,12
17.09.2026 11:30:04	0,47	0,68	0,76	0,96	0,50	0,75	1,19	3,19	14,59	37,22	33,24	91,20	0,00	218,88	1488,98
17.09.2026 11:30:10	0,54	0,60	0,80	0,75	0,45	0,60	1,19	7,44	14,59	0,00	33,24	182,40	265,89	729,60	4254,24
17.09.2026 11:30:16	0,49	0,83	0,75	0,83	0,50	0,45	3,97	5,32	5,84	24,81	16,62	45,60	265,89	656,64	2339,83
17.09.2026 11:30:22	0,53	0,64	0,74	0,62	0,84	0,60	1,59	3,19	2,92	18,61	33,24	45,60	265,89	0,00	1063,56
17.09.2026 11:30:28	0,55	0,86	0,74	1,04	0,60	0,45	3,18	6,38	5,84	6,20	33,24	0,00	265,89	656,64	1276,27
17.09.2026 11:30:34	0,52	0,56	0,65	0,78	0,45	0,75	3,97	3,19	0,00	12,41	16,62	0,00	0,00	0,00	0,00
17.09.2026 11:30:40	0,45	0,58	0,76	0,60	0,60	0,60	1,59	4,25	8,76	31,01	16,62	45,60	132,95	583,68	1488,98
17.09.2026 11:30:46	0,48	0,64	0,83	0,83	0,30	0,15	1,98	3,19	14,59	6,20	16,62	0,00	0,00	656,64	1276,27
17.09.2026 11:30:52	0,50	0,69	0,63	0,60	0,74	0,45	2,38	1,06	5,84	6,20	33,24	91,20	0,00	291,84	2339,83
17.09.2026 11:30:58	0,56	0,71	0,70	0,78	0,45	0,60	2,38	2,13	5,84	18,61	16,62	0,00	132,95	437,76	850,85
17.09.2026 11:31:04	0,55	0,85	0,63	0,57	0,94	0,45	1,59	7,44	5,84	6,20	16,62	0,00	132,95	802,56	850,85
17.09.2026 11:31:10	0,53	0,81	0,87	0,93	0,20	0,60	3,18	3,19	17,51	6,20	49,85	0,00	0,00	0,00	0,00
17.09.2026 11:31:16	0,59	0,79	0,66	1,22	0,45	0,30	1,98	7,44	5,84	31,01	0,00	0,00	0,00	72,96	850,85
17.09.2026 11:31:22	0,59	0,87	0,98	0,73	0,55	0,30	1,98	6,38	5,84	6,20	33,24	45,60	0,00	1167,36	850,85
17.09.2026 11:31:28	0,59	0,94	0,84	0,91	0,35	1,05	5,56	1,06	8,76	6,20	16,62	0,00	132,95	364,80	1063,56
17.09.2026 11:31:34	0,59	0,88	0,92	0,75	0,40	1,05	1,98	7,44	2,92	31,01	16,62	0,00	132,95	583,68	1488,98
17.09.2026 11:31:40	0,49	0,84	0,76	0,86	0,45	0,60	1,59	7,44	2,92	0,00	33,24	91,20	0,00	0,00	0,00
