<Header>
User name: 
Location: laboratory
# of Location: 1
Model: 1.109
Serial No.: 9G050007
Firmware revision: 12.30E
Software revision: 7-1 Rev XII (27-02-2019)
Unit: counts/liter (differential)
C-factor: 1,00
Comment: participat test
online data
<Data>
[d&t31.12.2035 11:50:55]	0,30 um	0,40 um	0,50 um	0,65 um	0,80 um	1,00 um	1,60 um	2,00 um	3,00 um	4,00 um	5,00 um	7,50 um	10,00 um	15,00 um	20,00 um
17.09.2026 10:49:10	13400,0	9300,0	3950,0	2150,0	750,0	350,0	450,0	300,0	250,0	250,0	100,0	50,0	50,0	130,0	120,0
17.09.2026 10:49:16	11450,0	8950,0	4200,0	2000,0	600,0	500,0	650,0	100,0	200,0	50,0	50,0	0,0	100,0	0,0	100,0
17.09.2026 10:49:22	13750,0	8950,0	4550,0	2500,0	450,0	300,0	200,0	200,0	150,0	100,0	100,0	0,0	150,0	10,0	40,0
17.09.2026 10:49:28	11500,0	8950,0	3700,0	2600,0	500,0	300,0	550,0	100,0	200,0	50,0	100,0	50,0	50,0	0,0	50,0
17.09.2026 10:49:34	11700,0	8600,0	4900,0	2650,0	700,0	350,0	150,0	200,0	250,0	100,0	150,0	100,0	200,0	20,0	80,0
17.09.2026 10:49:40	10650,0	7650,0	3650,0	2150,0	750,0	300,0	400,0	350,0	200,0	100,0	150,0	100,0	150,0	0,0	100,0
17.09.2026 10:49:46	12050,0	8050,0	4250,0	1600,0	600,0	450,0	50,0	450,0	100,0	50,0	150,0	0,0	50,0	30,0	120,0
17.09.2026 10:49:52	12200,0	9500,0	4650,0	1900,0	800,0	400,0	700,0	450,0	250,0	150,0	100,0	0,0	200,0	0,0	50,0
17.09.2026 10:49:58	12700,0	8700,0	4050,0	2000,0	600,0	350,0	500,0	250,0	300,0	200,0	100,0	50,0	0,0	10,0	40,0
17.09.2026 10:50:04	12950,0	9850,0	4300,0	2250,0	900,0	200,0	300,0	300,0	50,0	200,0	200,0	50,0	200,0	170,0	230,0
17.09.2026 10:50:10	13500,0	8650,0	4250,0	2500,0	700,0	350,0	400,0	300,0	0,0	50,0	100,0	0,0	150,0	40,0	110,0
17.09.2026 10:50:16	12050,0	7950,0	3800,0	2000,0	800,0	100,0	350,0	400,0	100,0	50,0	100,0	100,0	100,0	0,0	0,0
17.09.2026 10:50:22	13050,0	9250,0	4850,0	2350,0	750,0	550,0	100,0	350,0	300,0	200,0	150,0	100,0	150,0	160,0	90,0
17.09.2026 10:50:28	14000,0	9300,0	4350,0	2000,0	650,0	250,0	450,0	150,0	150,0	100,0	150,0	100,0	150,0	60,0	140,0
17.09.2026 10:50:34	12900,0	9650,0	4500,0	2200,0	450,0	200,0	800,0	300,0	200,0	200,0	150,0	0,0	150,0	50,0	100,0
17.09.2026 10:50:40	12250,0	8900,0	4350,0	2100,0	650,0	450,0	500,0	300,0	200,0	200,0	0,0	50,0	50,0	40,0	60,0
17.09.2026 10:50:46	14000,0	10850,0	4300,0	2300,0	700,0	100,0	400,0	300,0	200,0	100,0	50,0	100,0	100,0	100,0	150,0
17.09.2026 10:50:52	13400,0	8550,0	4400,0	2700,0	700,0	450,0	400,0	200,0	150,0	50,0	300,0	50,0	150,0	50,0	150,0
17.09.2026 10:50:58	12400,0	8500,0	4700,0	2650,0	800,0	450,0	400,0	150,0	250,0	200,0	150,0	150,0	300,0	20,0	130,0
17.09.2026 10:51:04	12300,0	9950,0	4850,0	2900,0	650,0	250,0	450,0	550,0	150,0	200,0	300,0	50,0	0,0	70,0	130,0
17.09.2026 10:51:10	12450,0	8900,0	4350,0	2300,0	800,0	350,0	400,0	400,0	250,0	150,0	0,0	100,0	150,0	40,0	60,0
17.09.2026 10:51:16	12600,0	8850,0	4300,0	1800,0	800,0	100,0	200,0	250,0	250,0	300,0	200,0	100,0	50,0	70,0	80,0
17.09.2026 10:51:22	12300,0	8700,0	4550,0	2200,0	700,0	300,0	550,0	250,0	200,0	200,0	50,0	100,0	0,0	210,0	190,0
17.09.2026 10:51:28	11650,0	10000,0	4100,0	2250,0	500,0	350,0	350,0	350,0	200,0	100,0	0,0	0,0	50,0	0,0	50,0
17.09.2026 10:51:34	11200,0	7950,0	4050,0	1600,0	650,0	150,0	300,0	300,0	200,0	100,0	150,0	50,0	50,0	40,0	60,0
17.09.2026 10:51:40	12500,0	8800,0	4300,0	1800,0	900,0	150,0	450,0	500,0	200,0	0,0	200,0	100,0	200,0	30,0	120,0
17.09.2026 10:51:46	12450,0	8950,0	4250,0	1900,0	650,0	550,0	400,0	550,0	250,0	100,0	100,0	0,0	50,0	220,0	180,0
17.09.2026 10:51:52	12900,0	9000,0	4450,0	2050,0	450,0	350,0	850,0	350,0	100,0	150,0	100,0	50,0	150,0	70,0	130,0
17.09.2026 10:51:58	13350,0	8850,0	4900,0	2350,0	750,0	350,0	500,0	450,0	200,0	50,0	200,0	100,0	50,0	200,0	200,0
17.09.2026 10:52:04	12200,0	8700,0	4550,0	2150,0	1350,0	150,0	450,0	200,0	150,0	400,0	200,0	0,0	50,0	110,0	90,0
17.09.2026 10:52:10	12350,0	8150,0	3950,0	2000,0	500,0	150,0	450,0	450,0	150,0	150,0	100,0	100,0	100,0	0,0	100,0
17.09.2026 10:52:16	13550,0	8700,0	4550,0	2550,0	650,0	200,0	250,0	550,0	50,0	50,0	50,0	50,0	50,0	110,0	90,0
17.09.2026 10:52:22	12900,0	9700,0	5000,0	2350,0	900,0	150,0	600,0	550,0	150,0	450,0	150,0	50,0	100,0	270,0	80,0
17.09.2026 10:52:28	11500,0	8300,0	4150,0	2100,0	750,0	550,0	200,0	300,0	200,0	100,0	0,0	0,0	150,0	0,0	100,0
17.09.2026 10:52:34	11650,0	7700,0	4250,0	1750,0	800,0	450,0	550,0	450,0	150,0	200,0	200,0	50,0	150,0	20,0	130,0
17.09.2026 10:52:40	11850,0	8350,0	4450,0	2000,0	500,0	150,0	250,0	300,0	50,0	200,0	100,0	100,0	100,0	50,0	50,0
17.09.2026 10:52:46	10750,0	8850,0	4600,0	1950,0	1100,0	450,0	350,0	200,0	250,0	0,0	100,0	150,0	150,0	0,0	50,0
17.09.2026 10:52:52	10750,0	9000,0	4700,0	2800,0	650,0	300,0	450,0	550,0	100,0	150,0	100,0	50,0	100,0	0,0	100,0
17.09.2026 10:52:58	12800,0	8200,0	3950,0	2300,0	650,0	550,0	500,0	450,0	50,0	100,0	200,0	150,0	100,0	30,0	70,0
17.09.2026 10:53:04	13350,0	9900,0	3800,0	2250,0	250,0	300,0	300,0	150,0	150,0	50,0	200,0	50,0	50,0	90,0	160,0
17.09.2026 10:53:10	11850,0	8150,0	4350,0	1850,0	1000,0	150,0	400,0	150,0	300,0	200,0	100,0	0,0	0,0	130,0	170,0
17.09.2026 10:53:16	11300,0	8650,0	3550,0	1900,0	450,0	500,0	250,0	400,0	50,0	200,0	50,0	300,0	0,0	120,0	130,0
17.09.2026 10:53:22	11200,0	9400,0	5100,0	2450,0	700,0	350,0	350,0	250,0	100,0	0,0	250,0	100,0	0,0	0,0	100,0
17.09.2026 10:53:28	13100,0	8750,0	3550,0	2300,0	250,0	200,0	300,0	400,0	150,0	50,0	150,0	100,0	50,0	30,0	70,0
17.09.2026 10:53:34	11500,0	8700,0	4150,0	2000,0	800,0	300,0	350,0	350,0	300,0	100,0	100,0	150,0	0,0	100,0	50,0
17.09.2026 10:53:40	9750,0	8800,0	4050,0	2350,0	950,0	350,0	150,0	350,0	150,0	150,0	150,0	100,0	150,0	30,0	20,0
17.09.2026 10:53:46	11950,0	8200,0	4450,0	2150,0	500,0	450,0	400,0	400,0	150,0	100,0	100,0	150,0	100,0	150,0	150,0
17.09.2026 10:53:52	10700,0	9550,0	3200,0	1700,0	550,0	200,0	350,0	200,0	50,0	300,0	100,0	50,0	50,0	10,0	90,0
17.09.2026 10:53:58	13050,0	8550,0	4500,0	1700,0	550,0	300,0	500,0	300,0	100,0	100,0	0,0	0,0	150,0	40,0	110,0
17.09.2026 10:54:04	12400,0	8850,0	4050,0	2000,0	1200,0	550,0	400,0	300,0	100,0	250,0	50,0	100,0	300,0	10,0	90,0
17.09.2026 10:54:10	12100,0	7750,0	4350,0	2400,0	550,0	300,0	350,0	350,0	100,0	300,0	100,0	50,0	50,0	170,0	180,0
17.09.2026 10:54:16	11050,0	8850,0	3500,0	1750,0	1000,0	250,0	350,0	600,0	150,0	350,0	300,0	100,0	0,0	20,0	130,0
17.09.2026 10:54:22	11950,0	8050,0	3800,0	2050,0	850,0	250,0	200,0	300,0	100,0	0,0	100,0	0,0	150,0	0,0	50,0
17.09.2026 10:54:28	11050,0	8200,0	3050,0	2000,0	800,0	400,0	600,0	550,0	150,0	100,0	300,0	100,0	50,0	100,0	100,0
17.09.2026 10:54:34	12150,0	8650,0	4250,0	2050,0	900,0	200,0	350,0	300,0	150,0	150,0	50,0	50,0	200,0	10,0	90,0
17.09.2026 10:54:40	13300,0	8550,0	4100,0	2550,0	800,0	350,0	250,0	150,0	150,0	0,0	0,0	100,0	200,0	0,0	100,0
17.09.2026 10:54:46	12350,0	9550,0	3950,0	1900,0	800,0	350,0	400,0	450,0	350,0	150,0	0,0	50,0	250,0	20,0	80,0
17.09.2026 10:54:52	12650,0	9550,0	3200,0	2400,0	600,0	50,0	450,0	200,0	50,0	250,0	150,0	50,0	0,0	80,0	120,0
17.09.2026 10:54:58	12400,0	8150,0	4050,0	2300,0	1150,0	100,0	400,0	150,0	200,0	100,0	150,0	200,0	100,0	10,0	140,0
17.09.2026 10:55:04	12850,0	8100,0	4700,0	2950,0	750,0	300,0	150,0	600,0	150,0	100,0	250,0	100,0	100,0	60,0	140,0
17.09.2026 10:55:10	14700,0	10150,0	4500,0	1800,0	600,0	600,0	500,0	450,0	150,0	300,0	150,0	100,0	0,0	150,0	250,0
17.09.2026 10:55:16	11900,0	8700,0	4300,0	1700,0	600,0	350,0	500,0	200,0	100,0	150,0	300,0	0,0	200,0	20,0	130,0
17.09.2026 10:55:22	12350,0	8750,0	4750,0	2400,0	550,0	250,0	550,0	250,0	150,0	200,0	150,0	0,0	50,0	150,0	100,0
17.09.2026 10:55:28	11600,0	8550,0	4850,0	2100,0	1100,0	700,0	300,0	500,0	300,0	150,0	200,0	50,0	100,0	60,0	140,0
17.09.2026 10:55:34	11600,0	10250,0	4050,0	2500,0	600,0	400,0	600,0	400,0	300,0	200,0	250,0	50,0	250,0	110,0	90,0
17.09.2026 10:55:40	11500,0	8950,0	4100,0	2200,0	700,0	350,0	300,0	550,0	50,0	200,0	0,0	100,0	150,0	40,0	60,0
17.09.2026 10:55:46	12050,0	9200,0	3500,0	2100,0	750,0	400,0	550,0	400,0	200,0	0,0	100,0	100,0	50,0	100,0	150,0
17.09.2026 10:55:52	13350,0	9150,0	3750,0	1450,0	650,0	250,0	300,0	150,0	100,0	100,0	200,0	50,0	50,0	40,0	160,0
17.09.2026 10:55:58	12600,0	8800,0	3850,0	1900,0	650,0	150,0	200,0	100,0	200,0	0,0	0,0	50,0	100,0	20,0	80,0
17.09.2026 10:56:04	11350,0	8250,0	4300,0	2800,0	850,0	350,0	500,0	500,0	250,0	100,0	150,0	200,0	0,0	190,0	110,0
17.09.2026 10:56:10	12500,0	7450,0	4650,0	1750,0	500,0	550,0	450,0	450,0	200,0	200,0	200,0	50,0	150,0	40,0	110,0
17.09.2026 10:56:16	12350,0	9200,0	4350,0	2300,0	450,0	200,0	550,0	150,0	300,0	150,0	100,0	250,0	0,0	40,0	60,0
17.09.2026 10:56:22	11300,0	9550,0	4300,0	2550,0	500,0	300,0	550,0	200,0	350,0	50,0	350,0	150,0	100,0	60,0	40,0
17.09.2026 10:56:28	12100,0	8000,0	4100,0	1850,0	550,0	200,0	100,0	300,0	350,0	150,0	100,0	50,0	150,0	50,0	50,0
17.09.2026 10:56:34	11850,0	7600,0	4700,0	2500,0	700,0	100,0	350,0	150,0	250,0	50,0	100,0	0,0	50,0	0,0	0,0
17.09.2026 10:56:40	10800,0	8650,0	3900,0	1400,0	400,0	600,0	150,0	350,0	300,0	150,0	150,0	50,0	150,0	0,0	50,0
17.09.2026 10:56:46	11750,0	8600,0	3900,0	1650,0	600,0	300,0	400,0	350,0	150,0	350,0	150,0	0,0	50,0	50,0	100,0
17.09.2026 10:56:52	10700,0	8100,0	3350,0	1900,0	1050,0	450,0	400,0	400,0	200,0	50,0	50,0	0,0	100,0	30,0	70,0
17.09.2026 10:56:58	12450,0	7350,0	3500,0	2100,0	850,0	250,0	400,0	300,0	100,0	100,0	50,0	0,0	50,0	0,0	0,0
17.09.2026 10:57:04	12050,0	8350,0	3550,0	2250,0	1050,0	50,0	600,0	250,0	50,0	150,0	50,0	50,0	50,0	0,0	100,0
17.09.2026 10:57:10	10600,0	7100,0	4600,0	2050,0	850,0	350,0	250,0	250,0	300,0	100,0	350,0	0,0	0,0	0,0	100,0
17.09.2026 10:57:16	12450,0	9200,0	4400,0	1450,0	700,0	150,0	200,0	250,0	100,0	100,0	100,0	100,0	50,0	170,0	130,0
17.09.2026 10:57:22	12500,0	8850,0	3250,0	1900,0	650,0	300,0	100,0	350,0	250,0	100,0	0,0	100,0	100,0	0,0	50,0
17.09.2026 10:57:28	12350,0	8600,0	4600,0	2100,0	600,0	300,0	450,0	300,0	100,0	0,0	100,0	50,0	250,0	120,0	130,0
17.09.2026 10:57:34	11400,0	8800,0	3750,0	2850,0	700,0	250,0	500,0	750,0	100,0	250,0	100,0	50,0	150,0	10,0	40,0
17.09.2026 10:57:40	11150,0	8750,0	4500,0	2600,0	900,0	300,0	450,0	250,0	50,0	50,0	50,0	200,0	200,0	60,0	40,0
17.09.2026 10:57:46	11150,0	7900,0	4350,0	1600,0	650,0	50,0	450,0	300,0	100,0	0,0	250,0	50,0	100,0	0,0	0,0
17.09.2026 10:57:52	11850,0	7900,0	3550,0	2350,0	550,0	450,0	350,0	350,0	400,0	50,0	150,0	50,0	50,0	90,0	110,0
17.09.2026 10:57:58	11600,0	7400,0	3800,0	2200,0	1050,0	250,0	350,0	500,0	200,0	150,0	250,0	0,0	150,0	0,0	50,0
17.09.2026 10:58:04	12350,0	8200,0	3400,0	2500,0	500,0	350,0	400,0	250,0	300,0	200,0	400,0	100,0	150,0	40,0	60,0
17.09.2026 10:58:10	11550,0	8900,0	3600,0	2400,0	900,0	350,0	400,0	450,0	150,0	100,0	50,0	200,0	50,0	0,0	100,0
17.09.2026 10:58:16	9350,0	9200,0	3700,0	1700,0	450,0	550,0	450,0	600,0	250,0	0,0	250,0	0,0	50,0	60,0	90,0
17.09.2026 10:58:22	11200,0	7700,0	4000,0	2100,0	450,0	400,0	450,0	300,0	200,0	100,0	100,0	50,0	0,0	0,0	50,0
17.09.2026 10:58:28	10650,0	8900,0	4550,0	1950,0	750,0	250,0	200,0	250,0	100,0	100,0	150,0	0,0	0,0	0,0	50,0
17.09.2026 10:58:34	11350,0	8150,0	4150,0	1950,0	550,0	150,0	350,0	350,0	300,0	100,0	300,0	0,0	50,0	70,0	30,0
17.09.2026 10:58:40	12350,0	9000,0	4450,0	1600,0	450,0	450,0	500,0	400,0	250,0	200,0	300,0	50,0	150,0	100,0	50,0
17.09.2026 10:58:46	11150,0	8800,0	3500,0	1850,0	650,0	250,0	600,0	550,0	250,0	200,0	100,0	100,0	100,0	50,0	150,0
17.09.2026 10:58:52	11650,0	7650,0	4700,0	2000,0	850,0	300,0	450,0	200,0	300,0	100,0	100,0	0,0	150,0	70,0	130,0
17.09.2026 10:58:58	11000,0	6500,0	3650,0	2200,0	650,0	300,0	600,0	250,0	200,0	0,0	150,0	100,0	0,0	220,0	130,0
17.09.2026 10:59:04	11850,0	7550,0	4200,0	1850,0	1000,0	300,0	300,0	350,0	250,0	250,0	0,0	150,0	150,0	0,0	50,0
17.09.2026 10:59:10	12150,0	8350,0	3650,0	2450,0	350,0	200,0	250,0	650,0	100,0	400,0	200,0	100,0	200,0	40,0	110,0
17.09.2026 10:59:16	12300,0	8250,0	3750,0	1200,0	600,0	200,0	300,0	950,0	200,0	250,0	200,0	100,0	150,0	180,0	170,0
17.09.2026 10:59:22	11650,0	6400,0	3500,0	2050,0	900,0	150,0	300,0	500,0	50,0	650,0	100,0	0,0	200,0	170,0	180,0
17.09.2026 10:59:28	10200,0	7750,0	3400,0	2100,0	500,0	300,0	350,0	350,0	300,0	0,0	0,0	150,0	50,0	100,0	100,0
17.09.2026 10:59:34	11900,0	7000,0	3600,0	1850,0	750,0	150,0	350,0	250,0	100,0	250,0	50,0	50,0	50,0	130,0	170,0
17.09.2026 10:59:40	11000,0	7450,0	3100,0	2050,0	550,0	700,0	350,0	250,0	100,0	200,0	200,0	50,0	150,0	90,0	160,0
17.09.2026 10:59:46	12450,0	7750,0	4200,0	1450,0	850,0	150,0	450,0	300,0	100,0	250,0	100,0	150,0	50,0	240,0	160,0
17.09.2026 10:59:52	12250,0	7200,0	4000,0	1550,0	350,0	400,0	300,0	600,0	100,0	50,0	0,0	0,0	150,0	80,0	170,0
17.09.2026 10:59:58	11900,0	8550,0	4500,0	2250,0	600,0	250,0	400,0	350,0	200,0	350,0	0,0	50,0	150,0	0,0	150,0
17.09.2026 11:00:04	12500,0	8150,0	3400,0	1950,0	600,0	250,0	450,0	450,0	100,0	50,0	150,0	50,0	0,0	290,0	260,0
17.09.2026 11:00:10	11750,0	7350,0	3550,0	2550,0	900,0	250,0	150,0	750,0	200,0	50,0	450,0	50,0	150,0	170,0	180,0
17.09.2026 11:00:16	12150,0	8150,0	3750,0	1500,0	700,0	300,0	400,0	550,0	150,0	300,0	250,0	50,0	50,0	130,0	170,0
17.09.2026 11:00:22	11900,0	7650,0	2950,0	1900,0	450,0	300,0	300,0	450,0	50,0	200,0	150,0	200,0	50,0	130,0	170,0
17.09.2026 11:00:28	11050,0	7950,0	3550,0	1800,0	600,0	400,0	300,0	300,0	350,0	100,0	200,0	100,0	50,0	20,0	180,0
17.09.2026 11:00:34	10550,0	7250,0	3550,0	2050,0	300,0	450,0	400,0	250,0	100,0	150,0	250,0	50,0	100,0	30,0	120,0
17.09.2026 11:00:40	10250,0	7600,0	3300,0	2200,0	650,0	450,0	450,0	300,0	150,0	400,0	300,0	50,0	50,0	30,0	70,0
17.09.2026 11:00:46	10600,0	6700,0	4350,0	2300,0	1100,0	250,0	400,0	350,0	200,0	150,0	100,0	50,0	50,0	70,0	180,0
17.09.2026 11:00:52	12650,0	8450,0	3200,0	1800,0	650,0	300,0	450,0	100,0	150,0	150,0	50,0	0,0	100,0	160,0	190,0
17.09.2026 11:00:58	11150,0	6850,0	2850,0	1850,0	650,0	400,0	200,0	450,0	300,0	250,0	100,0	0,0	200,0	0,0	50,0
17.09.2026 11:01:04	11750,0	8550,0	4150,0	1100,0	900,0	350,0	200,0	350,0	150,0	200,0	150,0	100,0	0,0	80,0	120,0
17.09.2026 11:01:10	12500,0	6100,0	3900,0	1950,0	850,0	500,0	300,0	450,0	150,0	0,0	100,0	100,0	100,0	70,0	130,0
17.09.2026 11:01:16	10500,0	7600,0	4300,0	2000,0	650,0	400,0	600,0	350,0	0,0	150,0	50,0	50,0	50,0	0,0	100,0
17.09.2026 11:01:22	10600,0	6400,0	3300,0	1550,0	650,0	250,0	650,0	250,0	150,0	300,0	450,0	150,0	50,0	0,0	100,0
17.09.2026 11:01:28	10900,0	8200,0	3100,0	2700,0	650,0	250,0	450,0	300,0	150,0	50,0	150,0	100,0	0,0	180,0	170,0
17.09.2026 11:01:34	10900,0	8200,0	2700,0	1900,0	500,0	250,0	350,0	350,0	250,0	0,0	100,0	100,0	100,0	220,0	280,0
17.09.2026 11:01:40	9850,0	5900,0	3700,0	1950,0	600,0	250,0	250,0	250,0	100,0	200,0	200,0	0,0	250,0	0,0	50,0
17.09.2026 11:01:46	10950,0	6650,0	3900,0	2400,0	450,0	500,0	450,0	450,0	150,0	250,0	400,0	50,0	250,0	140,0	310,0
17.09.2026 11:01:52	11150,0	6850,0	3000,0	2000,0	700,0	100,0	250,0	300,0	100,0	400,0	150,0	0,0	50,0	0,0	50,0
17.09.2026 11:01:58	9300,0	6750,0	3450,0	1800,0	900,0	500,0	400,0	250,0	250,0	150,0	250,0	50,0	100,0	80,0	120,0
17.09.2026 11:02:04	8900,0	7800,0	2750,0	1700,0	500,0	250,0	650,0	450,0	150,0	100,0	100,0	50,0	100,0	50,0	150,0
17.09.2026 11:02:10	10100,0	6400,0	3250,0	1050,0	450,0	250,0	200,0	300,0	200,0	200,0	250,0	50,0	200,0	220,0	230,0
17.09.2026 11:02:16	7300,0	6250,0	2900,0	1600,0	550,0	200,0	400,0	350,0	0,0	50,0	250,0	0,0	0,0	40,0	60,0
17.09.2026 11:02:22	8100,0	6300,0	2800,0	1800,0	750,0	450,0	600,0	600,0	50,0	150,0	100,0	0,0	50,0	90,0	260,0
17.09.2026 11:02:28	9800,0	6050,0	2850,0	1750,0	600,0	150,0	150,0	250,0	200,0	150,0	0,0	50,0	0,0	60,0	140,0
17.09.2026 11:02:34	10250,0	6900,0	3050,0	1200,0	900,0	350,0	650,0	400,0	300,0	150,0	50,0	0,0	100,0	120,0	180,0
17.09.2026 11:02:40	9600,0	6450,0	2850,0	1950,0	550,0	600,0	650,0	300,0	50,0	150,0	50,0	50,0	50,0	250,0	250,0
17.09.2026 11:02:46	8950,0	4500,0	2400,0	1950,0	350,0	100,0	450,0	400,0	200,0	0,0	100,0	50,0	250,0	200,0	200,0
17.09.2026 11:02:52	8600,0	5600,0	2150,0	1350,0	700,0	400,0	300,0	100,0	50,0	0,0	50,0	0,0	150,0	150,0	150,0
17.09.2026 11:02:58	8050,0	4600,0	2350,0	1150,0	600,0	250,0	150,0	50,0	150,0	150,0	100,0	100,0	100,0	100,0	200,0
17.09.2026 11:03:04	8250,0	4500,0	2800,0	950,0	400,0	200,0	450,0	150,0	300,0	100,0	250,0	150,0	150,0	0,0	50,0
17.09.2026 11:03:10	8700,0	5300,0	2600,0	1200,0	350,0	250,0	200,0	450,0	50,0	50,0	200,0	0,0	150,0	180,0	120,0
17.09.2026 11:03:16	8550,0	4100,0	2950,0	1950,0	550,0	0,0	300,0	100,0	150,0	200,0	50,0	0,0	50,0	20,0	80,0
17.09.2026 11:03:22	7600,0	4300,0	2500,0	1300,0	500,0	300,0	200,0	300,0	50,0	150,0	100,0	0,0	100,0	20,0	130,0
17.09.2026 11:03:28	6150,0	3550,0	2000,0	1000,0	500,0	300,0	250,0	400,0	250,0	150,0	50,0	50,0	50,0	0,0	50,0
17.09.2026 11:03:34	7650,0	4400,0	1850,0	750,0	600,0	250,0	250,0	100,0	100,0	100,0	100,0	50,0	150,0	60,0	140,0
17.09.2026 11:03:40	8100,0	5000,0	2050,0	1450,0	100,0	200,0	350,0	200,0	200,0	100,0	100,0	250,0	50,0	100,0	100,0
17.09.2026 11:03:46	6450,0	3750,0	2650,0	1300,0	250,0	350,0	500,0	0,0	0,0	150,0	100,0	0,0	150,0	0,0	0,0
17.09.2026 11:03:52	5450,0	4850,0	2400,0	1550,0	450,0	250,0	250,0	200,0	100,0	100,0	50,0	200,0	50,0	10,0	140,0
17.09.2026 11:03:58	6850,0	4950,0	1750,0	950,0	400,0	300,0	250,0	150,0	100,0	100,0	100,0	50,0	50,0	60,0	90,0
17.09.2026 11:04:04	5450,0	4050,0	1500,0	650,0	250,0	150,0	400,0	150,0	50,0	100,0	200,0	100,0	150,0	0,0	50,0
17.09.2026 11:04:10	7100,0	3300,0	1900,0	1450,0	650,0	250,0	300,0	250,0	100,0	50,0	50,0	50,0	100,0	0,0	150,0
17.09.2026 11:04:16	7150,0	3800,0	1700,0	1250,0	400,0	150,0	450,0	300,0	300,0	100,0	150,0	50,0	0,0	240,0	260,0
17.09.2026 11:04:22	6500,0	3850,0	1850,0	900,0	300,0	350,0	150,0	200,0	100,0	150,0	150,0	50,0	200,0	80,0	70,0
17.09.2026 11:04:28	5700,0	3800,0	2300,0	1250,0	400,0	150,0	250,0	250,0	50,0	100,0	50,0	50,0	150,0	0,0	50,0
17.09.2026 11:04:34	6450,0	3950,0	1600,0	1550,0	200,0	350,0	200,0	450,0	150,0	200,0	100,0	0,0	150,0	60,0	40,0
17.09.2026 11:04:40	6300,0	4050,0	1600,0	1100,0	300,0	150,0	250,0	250,0	200,0	50,0	50,0	0,0	100,0	50,0	100,0
17.09.2026 11:04:46	5750,0	3450,0	2000,0	1400,0	450,0	400,0	300,0	400,0	50,0	100,0	50,0	50,0	0,0	20,0	130,0
17.09.2026 11:04:52	5100,0	3750,0	1050,0	1300,0	200,0	200,0	300,0	150,0	100,0	50,0	200,0	0,0	300,0	0,0	0,0
17.09.2026 11:04:58	6000,0	3150,0	1650,0	1200,0	300,0	150,0	300,0	200,0	150,0	0,0	150,0	0,0	100,0	80,0	70,0
17.09.2026 11:05:04	6050,0	3800,0	1800,0	950,0	150,0	150,0	300,0	300,0	200,0	150,0	0,0	150,0	0,0	130,0	170,0
17.09.2026 11:05:10	6850,0	4550,0	1800,0	1150,0	400,0	200,0	300,0	100,0	50,0	100,0	50,0	0,0	50,0	180,0	120,0
17.09.2026 11:05:16	6500,0	4050,0	1600,0	1050,0	300,0	250,0	200,0	200,0	100,0	0,0	150,0	100,0	100,0	40,0	110,0
17.09.2026 11:05:22	5500,0	3500,0	1650,0	700,0	550,0	100,0	50,0	50,0	100,0	50,0	100,0	100,0	100,0	150,0	100,0
17.09.2026 11:05:28	6200,0	3300,0	2000,0	950,0	550,0	200,0	300,0	150,0	150,0	200,0	50,0	150,0	100,0	20,0	130,0
17.09.2026 11:05:34	5250,0	3050,0	1750,0	600,0	250,0	100,0	100,0	50,0	100,0	0,0	200,0	100,0	0,0	40,0	60,0
17.09.2026 11:05:40	6050,0	3550,0	1150,0	1000,0	250,0	300,0	200,0	250,0	50,0	50,0	0,0	0,0	50,0	0,0	50,0
17.09.2026 11:05:46	4300,0	3100,0	1450,0	1000,0	250,0	300,0	250,0	350,0	100,0	0,0	250,0	50,0	150,0	0,0	100,0
17.09.2026 11:05:52	5050,0	2700,0	1400,0	650,0	450,0	200,0	200,0	250,0	0,0	100,0	250,0	0,0	50,0	0,0	50,0
17.09.2026 11:05:58	5800,0	3800,0	1700,0	750,0	150,0	50,0	300,0	250,0	150,0	100,0	150,0	0,0	150,0	150,0	100,0
17.09.2026 11:06:04	5900,0	2700,0	1600,0	1300,0	400,0	250,0	300,0	300,0	100,0	150,0	50,0	100,0	150,0	10,0	40,0
17.09.2026 11:06:10	6850,0	2800,0	1550,0	800,0	350,0	150,0	350,0	450,0	100,0	100,0	0,0	50,0	50,0	20,0	80,0
17.09.2026 11:06:16	4650,0	3200,0	1600,0	700,0	350,0	300,0	450,0	100,0	200,0	50,0	0,0	0,0	0,0	0,0	50,0
17.09.2026 11:06:22	4350,0	2650,0	1300,0	650,0	300,0	150,0	350,0	150,0	100,0	300,0	0,0	0,0	0,0	0,0	50,0
17.09.2026 11:06:28	4750,0	2600,0	1300,0	750,0	200,0	150,0	100,0	100,0	50,0	0,0	250,0	50,0	50,0	0,0	50,0
17.09.2026 11:06:34	5000,0	3300,0	800,0	900,0	300,0	300,0	250,0	0,0	50,0	50,0	150,0	100,0	50,0	10,0	90,0
17.09.2026 11:06:40	4350,0	3100,0	1100,0	700,0	300,0	200,0	100,0	50,0	150,0	50,0	100,0	0,0	150,0	0,0	100,0
17.09.2026 11:06:46	4150,0	2450,0	1300,0	550,0	500,0	50,0	50,0	250,0	50,0	50,0	100,0	100,0	0,0	90,0	60,0
17.09.2026 11:06:52	4600,0	2800,0	1650,0	1250,0	250,0	100,0	200,0	400,0	350,0	50,0	50,0	0,0	200,0	20,0	130,0
17.09.2026 11:06:58	5300,0	2750,0	1700,0	750,0	300,0	50,0	200,0	250,0	150,0	100,0	50,0	100,0	100,0	60,0	90,0
17.09.2026 11:07:04	5100,0	2200,0	1100,0	750,0	100,0	0,0	200,0	50,0	150,0	100,0	0,0	50,0	150,0	190,0	110,0
17.09.2026 11:07:10	5850,0	2800,0	1200,0	700,0	150,0	50,0	200,0	150,0	0,0	50,0	0,0	150,0	50,0	70,0	80,0
17.09.2026 11:07:16	4700,0	2100,0	1250,0	750,0	400,0	300,0	100,0	50,0	100,0	50,0	50,0	100,0	0,0	40,0	110,0
17.09.2026 11:07:22	4850,0	3000,0	1100,0	700,0	150,0	200,0	100,0	100,0	100,0	100,0	50,0	100,0	150,0	0,0	50,0
17.09.2026 11:07:28	4800,0	2950,0	1450,0	500,0	250,0	50,0	300,0	300,0	0,0	50,0	0,0	0,0	50,0	80,0	120,0
17.09.2026 11:07:34	4250,0	2750,0	1200,0	650,0	350,0	0,0	150,0	150,0	250,0	50,0	0,0	0,0	0,0	0,0	50,0
17.09.2026 11:07:40	4400,0	2750,0	1050,0	700,0	250,0	50,0	150,0	150,0	50,0	100,0	200,0	100,0	0,0	0,0	50,0
17.09.2026 11:07:46	4000,0	2550,0	1350,0	650,0	650,0	200,0	100,0	150,0	200,0	50,0	100,0	0,0	50,0	30,0	120,0
17.09.2026 11:07:52	4100,0	2300,0	1100,0	750,0	300,0	150,0	200,0	50,0	100,0	150,0	0,0	50,0	50,0	90,0	60,0
17.09.2026 11:07:58	4700,0	2100,0	950,0	400,0	350,0	100,0	200,0	100,0	50,0	0,0	50,0	50,0	150,0	40,0	110,0
17.09.2026 11:08:04	4600,0	2450,0	1450,0	700,0	350,0	100,0	400,0	150,0	50,0	50,0	0,0	150,0	0,0	130,0	120,0
17.09.2026 11:08:10	3800,0	2350,0	1500,0	550,0	150,0	100,0	0,0	350,0	100,0	50,0	100,0	0,0	50,0	0,0	50,0
17.09.2026 11:08:16	3250,0	2300,0	1250,0	750,0	100,0	250,0	50,0	150,0	50,0	0,0	100,0	0,0	0,0	0,0	50,0
17.09.2026 11:08:22	4000,0	2200,0	1150,0	550,0	300,0	200,0	200,0	100,0	100,0	50,0	250,0	0,0	0,0	10,0	90,0
17.09.2026 11:08:28	3350,0	2400,0	1000,0	650,0	350,0	250,0	150,0	200,0	50,0	100,0	0,0	0,0	0,0	20,0	130,0
17.09.2026 11:08:34	4700,0	2250,0	1000,0	250,0	50,0	200,0	50,0	250,0	150,0	50,0	50,0	0,0	100,0	80,0	120,0
17.09.2026 11:08:40	3150,0	2600,0	800,0	500,0	250,0	250,0	300,0	0,0	150,0	0,0	0,0	0,0	0,0	0,0	50,0
17.09.2026 11:08:46	3600,0	2850,0	1750,0	700,0	200,0	250,0	350,0	150,0	50,0	50,0	100,0	0,0	50,0	0,0	50,0
17.09.2026 11:08:52	3450,0	1900,0	950,0	450,0	250,0	100,0	150,0	150,0	0,0	0,0	100,0	0,0	0,0	90,0	60,0
17.09.2026 11:08:58	2950,0	2350,0	700,0	700,0	250,0	150,0	250,0	150,0	150,0	0,0	50,0	50,0	50,0	30,0	70,0
17.09.2026 11:09:04	4650,0	2450,0	1100,0	400,0	200,0	50,0	300,0	150,0	100,0	50,0	150,0	0,0	50,0	80,0	120,0
17.09.2026 11:09:10	3550,0	2000,0	850,0	1000,0	250,0	50,0	400,0	200,0	50,0	100,0	50,0	0,0	50,0	30,0	120,0
17.09.2026 11:09:16	4350,0	1900,0	1200,0	400,0	250,0	50,0	150,0	100,0	150,0	0,0	50,0	0,0	50,0	100,0	50,0
17.09.2026 11:09:22	4250,0	2400,0	800,0	700,0	200,0	100,0	200,0	250,0	50,0	50,0	0,0	50,0	150,0	140,0	160,0
17.09.2026 11:09:28	3650,0	2100,0	1250,0	450,0	400,0	50,0	100,0	250,0	50,0	150,0	50,0	0,0	50,0	0,0	150,0
17.09.2026 11:09:34	3050,0	1850,0	1300,0	850,0	350,0	200,0	150,0	200,0	100,0	200,0	150,0	0,0	50,0	70,0	80,0
17.09.2026 11:09:40	3500,0	2400,0	1650,0	850,0	300,0	100,0	100,0	200,0	0,0	0,0	0,0	0,0	50,0	0,0	0,0
17.09.2026 11:09:46	4200,0	1950,0	1450,0	550,0	200,0	100,0	150,0	50,0	0,0	50,0	0,0	0,0	50,0	0,0	150,0
17.09.2026 11:09:52	3950,0	1700,0	1600,0	350,0	300,0	100,0	200,0	100,0	0,0	50,0	50,0	0,0	0,0	80,0	70,0
17.09.2026 11:09:58	3300,0	2100,0	1000,0	850,0	150,0	300,0	150,0	100,0	50,0	50,0	0,0	50,0	50,0	90,0	110,0
17.09.2026 11:10:04	3300,0	1900,0	1100,0	650,0	250,0	250,0	400,0	150,0	50,0	50,0	100,0	50,0	100,0	60,0	140,0
17.09.2026 11:10:10	3700,0	2350,0	1350,0	450,0	200,0	200,0	200,0	350,0	200,0	0,0	50,0	0,0	0,0	30,0	70,0
17.09.2026 11:10:16	3350,0	2000,0	750,0	800,0	100,0	50,0	0,0	200,0	50,0	150,0	100,0	0,0	150,0	40,0	60,0
17.09.2026 11:10:22	2900,0	1300,0	1250,0	550,0	150,0	100,0	300,0	200,0	100,0	100,0	100,0	50,0	150,0	30,0	70,0
17.09.2026 11:10:28	3300,0	1700,0	850,0	250,0	200,0	0,0	150,0	100,0	150,0	200,0	100,0	50,0	0,0	0,0	0,0
17.09.2026 11:10:34	3050,0	2250,0	900,0	550,0	300,0	100,0	300,0	250,0	50,0	0,0	0,0	50,0	50,0	150,0	150,0
17.09.2026 11:10:40	4100,0	1700,0	1050,0	500,0	200,0	50,0	100,0	200,0	0,0	0,0	50,0	0,0	50,0	70,0	130,0
17.09.2026 11:10:46	4000,0	2000,0	1300,0	450,0	350,0	200,0	100,0	150,0	100,0	100,0	0,0	0,0	50,0	30,0	120,0
17.09.2026 11:10:52	3300,0	2750,0	1100,0	750,0	400,0	150,0	150,0	100,0	50,0	0,0	100,0	100,0	50,0	30,0	120,0
17.09.2026 11:10:58	3450,0	2200,0	1250,0	650,0	400,0	150,0	200,0	150,0	50,0	0,0	50,0	50,0	0,0	100,0	150,0
17.09.2026 11:11:04	2950,0	2200,0	650,0	550,0	200,0	250,0	250,0	250,0	0,0	100,0	0,0	100,0	0,0	0,0	50,0
17.09.2026 11:11:10	4050,0	2300,0	1000,0	350,0	150,0	200,0	0,0	450,0	100,0	100,0	0,0	50,0	200,0	70,0	130,0
17.09.2026 11:11:16	3150,0	2150,0	650,0	350,0	350,0	100,0	50,0	200,0	100,0	50,0	50,0	100,0	100,0	40,0	110,0
17.09.2026 11:11:22	2600,0	1550,0	850,0	450,0	300,0	100,0	0,0	100,0	50,0	50,0	0,0	0,0	50,0	0,0	0,0
17.09.2026 11:11:28	3450,0	2200,0	1350,0	400,0	250,0	200,0	300,0	100,0	100,0	200,0	50,0	0,0	0,0	140,0	110,0
17.09.2026 11:11:34	4050,0	2200,0	1000,0	350,0	150,0	50,0	150,0	100,0	0,0	50,0	100,0	0,0	100,0	80,0	120,0
17.09.2026 11:11:40	3500,0	1950,0	900,0	650,0	400,0	200,0	100,0	100,0	0,0	50,0	100,0	0,0	0,0	20,0	130,0
17.09.2026 11:11:46	4050,0	1850,0	950,0	700,0	300,0	150,0	250,0	150,0	50,0	50,0	50,0	50,0	50,0	50,0	100,0
17.09.2026 11:11:52	2400,0	2000,0	900,0	700,0	250,0	100,0	150,0	50,0	0,0	100,0	0,0	0,0	0,0	0,0	0,0
17.09.2026 11:11:58	3550,0	2100,0	750,0	750,0	100,0	200,0	200,0	150,0	100,0	50,0	0,0	0,0	50,0	130,0	120,0
17.09.2026 11:12:04	3950,0	1750,0	800,0	500,0	200,0	100,0	100,0	250,0	50,0	250,0	50,0	0,0	0,0	60,0	140,0
17.09.2026 11:12:10	2400,0	1700,0	1150,0	800,0	150,0	250,0	150,0	100,0	150,0	0,0	150,0	0,0	50,0	40,0	110,0
17.09.2026 11:12:16	3000,0	1950,0	1000,0	400,0	250,0	50,0	250,0	150,0	100,0	300,0	0,0	0,0	50,0	30,0	120,0
17.09.2026 11:12:22	2900,0	1200,0	500,0	300,0	300,0	50,0	200,0	150,0	50,0	50,0	150,0	0,0	50,0	40,0	110,0
17.09.2026 11:12:28	3250,0	1500,0	1000,0	600,0	100,0	100,0	100,0	100,0	0,0	0,0	50,0	0,0	50,0	10,0	90,0
17.09.2026 11:12:34	2950,0	1400,0	1000,0	450,0	200,0	0,0	50,0	50,0	150,0	0,0	50,0	0,0	50,0	0,0	100,0
17.09.2026 11:12:40	3800,0	1750,0	1150,0	600,0	300,0	250,0	200,0	200,0	50,0	0,0	50,0	50,0	0,0	70,0	80,0
17.09.2026 11:12:46	3150,0	1400,0	1000,0	450,0	0,0	0,0	250,0	150,0	200,0	50,0	0,0	0,0	100,0	0,0	100,0
17.09.2026 11:12:52	3550,0	1400,0	600,0	550,0	350,0	100,0	250,0	50,0	100,0	0,0	50,0	50,0	50,0	10,0	90,0
17.09.2026 11:12:58	2750,0	1800,0	1100,0	150,0	50,0	0,0	50,0	150,0	50,0	50,0	50,0	0,0	100,0	10,0	90,0
17.09.2026 11:13:04	2600,0	1650,0	500,0	550,0	150,0	50,0	50,0	50,0	50,0	100,0	0,0	100,0	0,0	0,0	0,0
17.09.2026 11:13:10	2850,0	1400,0	800,0	500,0	100,0	50,0	50,0	50,0	0,0	100,0	150,0	0,0	50,0	0,0	0,0
17.09.2026 11:13:16	3000,0	1900,0	900,0	500,0	250,0	150,0	200,0	100,0	50,0	100,0	150,0	0,0	0,0	100,0	100,0
17.09.2026 11:13:22	2300,0	1550,0	1000,0	450,0	200,0	50,0	100,0	100,0	150,0	0,0	0,0	0,0	0,0	40,0	60,0
17.09.2026 11:13:28	2850,0	1800,0	750,0	600,0	150,0	50,0	250,0	50,0	0,0	0,0	0,0	0,0	50,0	0,0	100,0
17.09.2026 11:13:34	3100,0	1800,0	700,0	700,0	250,0	100,0	0,0	150,0	50,0	100,0	0,0	0,0	0,0	60,0	40,0
17.09.2026 11:13:40	3400,0	2100,0	900,0	500,0	100,0	50,0	300,0	50,0	50,0	50,0	100,0	0,0	50,0	50,0	100,0
17.09.2026 11:13:46	3050,0	1600,0	750,0	550,0	50,0	250,0	100,0	150,0	0,0	50,0	50,0	0,0	0,0	40,0	110,0
17.09.2026 11:13:52	3300,0	1700,0	850,0	950,0	150,0	150,0	150,0	150,0	150,0	0,0	0,0	0,0	50,0	120,0	130,0
17.09.2026 11:13:58	4000,0	1550,0	900,0	550,0	150,0	0,0	200,0	100,0	50,0	0,0	50,0	100,0	0,0	170,0	130,0
17.09.2026 11:14:04	2650,0	1800,0	1100,0	400,0	250,0	200,0	100,0	50,0	0,0	0,0	50,0	0,0	100,0	0,0	100,0
17.09.2026 11:14:10	2900,0	1450,0	1050,0	550,0	250,0	100,0	150,0	150,0	0,0	100,0	100,0	50,0	0,0	20,0	80,0
17.09.2026 11:14:16	4100,0	1250,0	650,0	450,0	200,0	200,0	100,0	50,0	100,0	0,0	0,0	0,0	0,0	80,0	70,0
17.09.2026 11:14:22	2850,0	1100,0	900,0	800,0	250,0	50,0	300,0	100,0	50,0	0,0	0,0	0,0	100,0	20,0	30,0
17.09.2026 11:14:28	3050,0	1550,0	700,0	300,0	50,0	100,0	100,0	100,0	50,0	0,0	50,0	0,0	0,0	50,0	100,0
17.09.2026 11:14:34	2700,0	1750,0	650,0	450,0	100,0	0,0	150,0	0,0	0,0	0,0	50,0	0,0	100,0	0,0	0,0
17.09.2026 11:14:40	2750,0	2200,0	1450,0	550,0	150,0	50,0	150,0	100,0	100,0	0,0	50,0	0,0	50,0	0,0	100,0
17.09.2026 11:14:46	2650,0	1750,0	750,0	700,0	300,0	50,0	300,0	250,0	150,0	0,0	0,0	0,0	100,0	50,0	150,0
17.09.2026 11:14:52	2600,0	1350,0	1100,0	450,0	50,0	300,0	100,0	150,0	100,0	100,0	50,0	0,0	100,0	110,0	40,0
17.09.2026 11:14:58	3600,0	1850,0	1050,0	750,0	50,0	250,0	150,0	250,0	150,0	50,0	50,0	50,0	100,0	110,0	140,0
17.09.2026 11:15:04	2900,0	1400,0	750,0	250,0	50,0	150,0	0,0	200,0	200,0	50,0	50,0	50,0	50,0	70,0	30,0
17.09.2026 11:15:10	3200,0	1650,0	700,0	500,0	250,0	150,0	0,0	100,0	50,0	0,0	0,0	50,0	0,0	30,0	70,0
17.09.2026 11:15:16	3100,0	1600,0	900,0	500,0	50,0	100,0	50,0	200,0	50,0	50,0	0,0	50,0	0,0	60,0	140,0
17.09.2026 11:15:22	3550,0	1750,0	850,0	550,0	150,0	200,0	150,0	300,0	100,0	0,0	0,0	0,0	100,0	80,0	120,0
17.09.2026 11:15:28	3000,0	1700,0	1100,0	450,0	50,0	50,0	200,0	150,0	150,0	0,0	0,0	0,0	0,0	110,0	90,0
17.09.2026 11:15:34	3050,0	1250,0	950,0	550,0	500,0	50,0	200,0	200,0	0,0	50,0	50,0	0,0	150,0	30,0	70,0
17.09.2026 11:15:40	3150,0	1450,0	750,0	600,0	250,0	400,0	200,0	100,0	200,0	50,0	50,0	50,0	100,0	50,0	100,0
17.09.2026 11:15:46	3650,0	1500,0	1600,0	850,0	100,0	50,0	300,0	100,0	50,0	0,0	0,0	0,0	50,0	70,0	130,0
17.09.2026 11:15:52	2950,0	1700,0	1100,0	600,0	400,0	250,0	400,0	150,0	50,0	100,0	50,0	0,0	0,0	110,0	140,0
17.09.2026 11:15:58	2500,0	1400,0	700,0	450,0	50,0	100,0	50,0	150,0	100,0	0,0	0,0	50,0	100,0	0,0	50,0
17.09.2026 11:16:04	3050,0	1700,0	900,0	650,0	200,0	100,0	100,0	100,0	50,0	0,0	0,0	0,0	0,0	30,0	120,0
17.09.2026 11:16:10	3400,0	2100,0	1200,0	450,0	300,0	50,0	150,0	100,0	0,0	0,0	0,0	0,0	0,0	50,0	100,0
17.09.2026 11:16:16	3050,0	1650,0	950,0	400,0	450,0	100,0	250,0	100,0	0,0	0,0	0,0	50,0	50,0	30,0	120,0
17.09.2026 11:16:22	2800,0	1500,0	800,0	950,0	400,0	200,0	100,0	250,0	50,0	50,0	0,0	50,0	0,0	30,0	120,0
17.09.2026 11:16:28	2200,0	1300,0	650,0	550,0	200,0	150,0	150,0	150,0	0,0	0,0	0,0	150,0	150,0	80,0	70,0
17.09.2026 11:16:34	3450,0	1250,0	650,0	450,0	100,0	100,0	0,0	50,0	0,0	100,0	0,0	0,0	50,0	20,0	130,0
17.09.2026 11:16:40	2850,0	2000,0	700,0	450,0	250,0	100,0	0,0	250,0	50,0	50,0	100,0	0,0	50,0	0,0	100,0
17.09.2026 11:16:46	3500,0	1500,0	850,0	400,0	100,0	200,0	200,0	100,0	50,0	100,0	0,0	0,0	0,0	30,0	120,0
17.09.2026 11:16:52	3100,0	1250,0	1050,0	650,0	150,0	100,0	50,0	150,0	50,0	50,0	100,0	0,0	0,0	90,0	160,0
17.09.2026 11:16:58	2600,0	1550,0	700,0	350,0	250,0	100,0	100,0	150,0	0,0	50,0	0,0	0,0	0,0	0,0	100,0
17.09.2026 11:17:04	3450,0	1350,0	1000,0	600,0	100,0	150,0	50,0	250,0	100,0	100,0	100,0	0,0	100,0	130,0	220,0
17.09.2026 11:17:10	2250,0	1500,0	1350,0	350,0	50,0	100,0	100,0	200,0	0,0	50,0	50,0	50,0	50,0	0,0	100,0
17.09.2026 11:17:16	2400,0	1400,0	1150,0	400,0	100,0	150,0	200,0	250,0	50,0	150,0	100,0	0,0	150,0	0,0	0,0
17.09.2026 11:17:22	2450,0	1550,0	750,0	300,0	200,0	100,0	50,0	100,0	0,0	50,0	0,0	50,0	100,0	70,0	30,0
17.09.2026 11:17:28	2700,0	1350,0	850,0	750,0	100,0	100,0	200,0	0,0	0,0	0,0	50,0	50,0	100,0	0,0	50,0
17.09.2026 11:17:34	3250,0	2000,0	800,0	450,0	350,0	50,0	250,0	50,0	50,0	150,0	0,0	50,0	0,0	60,0	90,0
17.09.2026 11:17:40	2150,0	1650,0	850,0	600,0	50,0	150,0	0,0	50,0	0,0	0,0	100,0	50,0	50,0	0,0	0,0
17.09.2026 11:17:46	2450,0	1350,0	900,0	500,0	350,0	200,0	150,0	200,0	250,0	50,0	100,0	50,0	100,0	90,0	160,0
17.09.2026 11:17:52	3150,0	1450,0	850,0	600,0	150,0	150,0	0,0	200,0	100,0	0,0	100,0	0,0	50,0	40,0	110,0
17.09.2026 11:17:58	2550,0	1400,0	650,0	500,0	100,0	50,0	200,0	100,0	50,0	0,0	100,0	50,0	0,0	0,0	50,0
17.09.2026 11:18:04	2550,0	1550,0	700,0	350,0	250,0	250,0	300,0	100,0	50,0	0,0	100,0	0,0	0,0	50,0	150,0
17.09.2026 11:18:10	2650,0	1750,0	1050,0	600,0	250,0	150,0	150,0	200,0	0,0	50,0	100,0	0,0	50,0	80,0	170,0
17.09.2026 11:18:16	3150,0	1200,0	450,0	400,0	150,0	0,0	300,0	300,0	0,0	50,0	200,0	50,0	0,0	0,0	0,0
17.09.2026 11:18:22	2700,0	1550,0	1350,0	500,0	100,0	150,0	350,0	250,0	100,0	50,0	0,0	50,0	150,0	80,0	120,0
17.09.2026 11:18:28	2800,0	1800,0	750,0	350,0	150,0	50,0	100,0	150,0	0,0	100,0	100,0	0,0	0,0	0,0	100,0
17.09.2026 11:18:34	4200,0	1650,0	900,0	650,0	250,0	150,0	100,0	150,0	150,0	0,0	0,0	0,0	100,0	90,0	160,0
17.09.2026 11:18:40	2700,0	1600,0	1050,0	450,0	250,0	100,0	150,0	150,0	0,0	200,0	0,0	50,0	0,0	120,0	30,0
17.09.2026 11:18:46	3250,0	1800,0	700,0	600,0	350,0	50,0	50,0	150,0	0,0	100,0	50,0	0,0	100,0	0,0	50,0
17.09.2026 11:18:52	2450,0	1650,0	950,0	400,0	200,0	150,0	150,0	150,0	100,0	50,0	150,0	100,0	0,0	80,0	70,0
17.09.2026 11:18:58	3000,0	1000,0	800,0	700,0	0,0	100,0	50,0	150,0	50,0	0,0	100,0	100,0	150,0	0,0	100,0
17.09.2026 11:19:04	2700,0	1450,0	600,0	650,0	250,0	100,0	100,0	0,0	0,0	0,0	50,0	50,0	100,0	0,0	50,0
17.09.2026 11:19:10	2700,0	1500,0	850,0	700,0	300,0	100,0	200,0	150,0	100,0	50,0	0,0	0,0	50,0	80,0	120,0
17.09.2026 11:19:16	3000,0	1350,0	650,0	350,0	200,0	200,0	50,0	100,0	150,0	50,0	100,0	0,0	50,0	60,0	90,0
17.09.2026 11:19:22	2600,0	1200,0	1150,0	600,0	300,0	100,0	50,0	200,0	50,0	150,0	150,0	50,0	100,0	80,0	220,0
17.09.2026 11:19:28	2900,0	1400,0	1050,0	350,0	100,0	250,0	200,0	200,0	0,0	0,0	50,0	0,0	200,0	70,0	130,0
17.09.2026 11:19:34	2600,0	1200,0	450,0	400,0	250,0	100,0	150,0	200,0	250,0	150,0	50,0	100,0	0,0	120,0	180,0
17.09.2026 11:19:40	2550,0	1450,0	800,0	550,0	250,0	200,0	150,0	200,0	100,0	150,0	0,0	100,0	150,0	10,0	140,0
17.09.2026 11:19:46	3200,0	1050,0	350,0	250,0	150,0	150,0	50,0	0,0	50,0	0,0	100,0	50,0	150,0	100,0	100,0
17.09.2026 11:19:52	3650,0	1050,0	750,0	450,0	250,0	50,0	150,0	200,0	150,0	100,0	50,0	150,0	50,0	240,0	260,0
17.09.2026 11:19:58	2100,0	1250,0	650,0	200,0	150,0	50,0	200,0	200,0	50,0	50,0	0,0	50,0	50,0	0,0	50,0
17.09.2026 11:20:04	2350,0	1500,0	300,0	500,0	350,0	100,0	100,0	100,0	50,0	50,0	100,0	0,0	250,0	80,0	70,0
17.09.2026 11:20:10	3100,0	1400,0	700,0	550,0	300,0	300,0	150,0	150,0	0,0	0,0	50,0	0,0	50,0	150,0	150,0
17.09.2026 11:20:16	2550,0	1100,0	450,0	400,0	150,0	150,0	200,0	0,0	100,0	50,0	0,0	0,0	0,0	90,0	110,0
17.09.2026 11:20:22	3050,0	2050,0	1050,0	400,0	100,0	150,0	0,0	150,0	100,0	50,0	150,0	50,0	100,0	170,0	130,0
17.09.2026 11:20:28	2250,0	1150,0	850,0	250,0	250,0	50,0	200,0	50,0	0,0	100,0	200,0	50,0	50,0	90,0	60,0
17.09.2026 11:20:34	3350,0	1500,0	900,0	400,0	150,0	50,0	50,0	150,0	50,0	50,0	100,0	0,0	100,0	60,0	90,0
17.09.2026 11:20:40	2300,0	1450,0	850,0	600,0	100,0	200,0	100,0	150,0	0,0	0,0	0,0	0,0	50,0	110,0	90,0
17.09.2026 11:20:46	2650,0	1150,0	800,0	400,0	200,0	150,0	150,0	100,0	0,0	50,0	50,0	0,0	50,0	0,0	50,0
17.09.2026 11:20:52	2500,0	1100,0	500,0	600,0	50,0	100,0	100,0	100,0	100,0	50,0	200,0	100,0	100,0	30,0	70,0
17.09.2026 11:20:58	3000,0	1500,0	600,0	350,0	100,0	50,0	250,0	150,0	0,0	150,0	0,0	0,0	100,0	10,0	90,0
17.09.2026 11:21:04	2550,0	1300,0	950,0	600,0	250,0	250,0	150,0	300,0	100,0	100,0	0,0	0,0	0,0	100,0	150,0
17.09.2026 11:21:10	2550,0	1050,0	800,0	400,0	300,0	0,0	100,0	150,0	200,0	0,0	50,0	50,0	0,0	70,0	80,0
17.09.2026 11:21:16	2650,0	1450,0	700,0	550,0	350,0	50,0	50,0	150,0	100,0	0,0	0,0	0,0	0,0	0,0	100,0
17.09.2026 11:21:22	2350,0	1600,0	900,0	300,0	50,0	0,0	200,0	150,0	50,0	50,0	200,0	50,0	100,0	50,0	100,0
17.09.2026 11:21:28	2800,0	1250,0	700,0	250,0	50,0	200,0	50,0	150,0	50,0	150,0	0,0	0,0	100,0	40,0	110,0
17.09.2026 11:21:34	2150,0	1200,0	400,0	300,0	50,0	100,0	50,0	100,0	50,0	50,0	50,0	0,0	50,0	0,0	0,0
17.09.2026 11:21:40	3400,0	3150,0	1350,0	700,0	350,0	350,0	200,0	250,0	0,0	0,0	100,0	100,0	100,0	130,0	220,0
17.09.2026 11:21:46	2250,0	1200,0	850,0	450,0	200,0	50,0	100,0	250,0	50,0	50,0	50,0	0,0	50,0	0,0	100,0
17.09.2026 11:21:52	3900,0	800,0	600,0	550,0	50,0	150,0	200,0	100,0	50,0	50,0	0,0	0,0	50,0	240,0	210,0
17.09.2026 11:21:58	2250,0	1300,0	650,0	500,0	200,0	150,0	200,0	50,0	50,0	0,0	200,0	0,0	0,0	0,0	0,0
17.09.2026 11:22:04	3100,0	1550,0	1050,0	600,0	200,0	50,0	350,0	150,0	100,0	100,0	50,0	50,0	0,0	40,0	110,0
17.09.2026 11:22:10	2400,0	1150,0	800,0	450,0	200,0	200,0	200,0	100,0	0,0	50,0	0,0	0,0	0,0	30,0	120,0
17.09.2026 11:22:16	3150,0	1300,0	800,0	600,0	200,0	50,0	300,0	250,0	150,0	100,0	150,0	50,0	50,0	170,0	180,0
17.09.2026 11:22:22	1950,0	950,0	450,0	450,0	150,0	150,0	150,0	200,0	100,0	150,0	0,0	0,0	100,0	0,0	0,0
17.09.2026 11:22:28	2500,0	1600,0	950,0	550,0	150,0	50,0	100,0	200,0	100,0	50,0	0,0	0,0	50,0	70,0	30,0
17.09.2026 11:22:34	2450,0	1150,0	700,0	400,0	250,0	50,0	100,0	150,0	150,0	50,0	50,0	0,0	0,0	70,0	30,0
17.09.2026 11:22:40	1800,0	1550,0	850,0	550,0	250,0	100,0	100,0	50,0	50,0	50,0	0,0	0,0	50,0	40,0	60,0
17.09.2026 11:22:46	3000,0	1800,0	900,0	500,0	50,0	0,0	100,0	150,0	100,0	50,0	0,0	100,0	0,0	60,0	90,0
17.09.2026 11:22:52	3200,0	1000,0	450,0	400,0	200,0	50,0	150,0	350,0	50,0	50,0	100,0	50,0	100,0	30,0	70,0
17.09.2026 11:22:58	2800,0	1050,0	550,0	300,0	50,0	150,0	0,0	100,0	0,0	100,0	100,0	0,0	0,0	0,0	50,0
17.09.2026 11:23:04	2400,0	950,0	500,0	500,0	200,0	100,0	50,0	250,0	200,0	50,0	0,0	0,0	50,0	40,0	60,0
17.09.2026 11:23:10	2500,0	1350,0	800,0	650,0	300,0	50,0	150,0	350,0	0,0	50,0	0,0	50,0	0,0	0,0	100,0
17.09.2026 11:23:16	2750,0	800,0	550,0	200,0	50,0	0,0	0,0	0,0	100,0	0,0	0,0	0,0	100,0	30,0	70,0
17.09.2026 11:23:22	1950,0	950,0	300,0	450,0	250,0	0,0	250,0	150,0	50,0	50,0	100,0	50,0	0,0	0,0	50,0
17.09.2026 11:23:28	3350,0	1900,0	750,0	400,0	250,0	150,0	150,0	100,0	150,0	100,0	50,0	0,0	50,0	70,0	130,0
17.09.2026 11:23:34	2500,0	1150,0	700,0	350,0	250,0	250,0	0,0	150,0	150,0	50,0	50,0	0,0	0,0	0,0	50,0
17.09.2026 11:23:40	2000,0	1200,0	850,0	300,0	300,0	100,0	300,0	200,0	0,0	50,0	0,0	100,0	0,0	80,0	70,0
17.09.2026 11:23:46	2600,0	1400,0	600,0	500,0	200,0	100,0	100,0	150,0	100,0	0,0	100,0	0,0	50,0	10,0	90,0
17.09.2026 11:23:52	2950,0	1600,0	900,0	500,0	150,0	100,0	0,0	150,0	50,0	50,0	50,0	0,0	0,0	30,0	120,0
17.09.2026 11:23:58	2250,0	1100,0	750,0	150,0	200,0	150,0	100,0	50,0	0,0	150,0	100,0	50,0	50,0	0,0	50,0
17.09.2026 11:24:04	2750,0	1450,0	850,0	350,0	100,0	0,0	50,0	100,0	50,0	50,0	0,0	50,0	50,0	0,0	50,0
17.09.2026 11:24:10	1750,0	1650,0	1000,0	600,0	200,0	50,0	50,0	50,0	50,0	0,0	50,0	50,0	0,0	20,0	80,0
17.09.2026 11:24:16	3450,0	900,0	850,0	500,0	200,0	150,0	200,0	200,0	150,0	0,0	100,0	0,0	0,0	30,0	70,0
17.09.2026 11:24:22	2150,0	1550,0	1250,0	450,0	350,0	100,0	200,0	50,0	100,0	50,0	50,0	0,0	0,0	20,0	80,0
17.09.2026 11:24:28	3050,0	1400,0	450,0	300,0	50,0	0,0	0,0	200,0	50,0	50,0	50,0	0,0	0,0	0,0	0,0
17.09.2026 11:24:34	2600,0	1450,0	650,0	450,0	150,0	150,0	100,0	50,0	0,0	0,0	50,0	100,0	50,0	0,0	0,0
17.09.2026 11:24:40	2950,0	1350,0	750,0	550,0	150,0	150,0	50,0	100,0	50,0	50,0	50,0	0,0	150,0	50,0	100,0
17.09.2026 11:24:46	1900,0	1650,0	1300,0	900,0	250,0	200,0	150,0	100,0	150,0	0,0	100,0	100,0	0,0	60,0	140,0
17.09.2026 11:24:52	2350,0	950,0	750,0	350,0	150,0	50,0	150,0	100,0	0,0	0,0	0,0	0,0	0,0	0,0	50,0
17.09.2026 11:24:58	2150,0	1800,0	450,0	450,0	350,0	100,0	100,0	50,0	50,0	0,0	50,0	0,0	0,0	60,0	40,0
17.09.2026 11:25:04	1850,0	1000,0	600,0	650,0	300,0	50,0	200,0	100,0	150,0	0,0	100,0	0,0	50,0	100,0	50,0
17.09.2026 11:25:10	2100,0	1150,0	1150,0	50,0	250,0	0,0	100,0	100,0	0,0	100,0	50,0	100,0	0,0	0,0	50,0
17.09.2026 11:25:16	2450,0	950,0	650,0	550,0	350,0	50,0	50,0	150,0	50,0	100,0	0,0	0,0	50,0	30,0	120,0
17.09.2026 11:25:22	2300,0	1650,0	900,0	300,0	250,0	50,0	100,0	100,0	50,0	50,0	0,0	0,0	50,0	0,0	50,0
17.09.2026 11:25:28	2350,0	1600,0	1100,0	500,0	50,0	100,0	100,0	100,0	100,0	50,0	0,0	50,0	0,0	80,0	120,0
17.09.2026 11:25:34	2450,0	1150,0	500,0	350,0	150,0	0,0	150,0	150,0	0,0	0,0	0,0	100,0	0,0	10,0	40,0
17.09.2026 11:25:40	2450,0	1400,0	900,0	350,0	200,0	100,0	200,0	0,0	0,0	50,0	50,0	0,0	50,0	0,0	0,0
17.09.2026 11:25:46	2750,0	1050,0	1000,0	350,0	300,0	50,0	50,0	50,0	50,0	0,0	100,0	0,0	50,0	30,0	20,0
17.09.2026 11:25:52	2150,0	1300,0	550,0	350,0	50,0	100,0	50,0	0,0	0,0	100,0	0,0	0,0	0,0	10,0	40,0
17.09.2026 11:25:58	2450,0	2000,0	1000,0	300,0	50,0	150,0	50,0	100,0	0,0	100,0	0,0	50,0	50,0	100,0	150,0
17.09.2026 11:26:04	2450,0	1350,0	1000,0	450,0	550,0	50,0	150,0	100,0	50,0	50,0	150,0	0,0	0,0	50,0	100,0
17.09.2026 11:26:10	2200,0	1150,0	750,0	250,0	200,0	50,0	50,0	250,0	100,0	50,0	100,0	50,0	0,0	0,0	0,0
17.09.2026 11:26:16	3400,0	1400,0	650,0	250,0	100,0	100,0	250,0	100,0	0,0	150,0	100,0	0,0	0,0	20,0	130,0
17.09.2026 11:26:22	2650,0	1400,0	550,0	500,0	50,0	50,0	100,0	150,0	50,0	50,0	0,0	0,0	0,0	40,0	110,0
17.09.2026 11:26:28	2400,0	1250,0	900,0	250,0	150,0	100,0	50,0	100,0	100,0	100,0	50,0	50,0	0,0	0,0	0,0
17.09.2026 11:26:34	3100,0	1750,0	350,0	350,0	100,0	100,0	250,0	150,0	0,0	50,0	0,0	0,0	0,0	10,0	40,0
17.09.2026 11:26:40	3000,0	1300,0	700,0	200,0	150,0	150,0	200,0	100,0	0,0	50,0	100,0	150,0	100,0	80,0	70,0
17.09.2026 11:26:46	1950,0	1650,0	450,0	650,0	250,0	100,0	50,0	50,0	0,0	100,0	100,0	150,0	50,0	0,0	50,0
17.09.2026 11:26:52	1850,0	1750,0	450,0	450,0	250,0	0,0	50,0	100,0	100,0	100,0	0,0	0,0	50,0	50,0	100,0
17.09.2026 11:26:58	2700,0	2100,0	600,0	550,0	150,0	200,0	200,0	150,0	100,0	100,0	50,0	50,0	0,0	130,0	70,0
17.09.2026 11:27:04	2500,0	900,0	650,0	250,0	150,0	0,0	100,0	100,0	50,0	50,0	100,0	0,0	100,0	0,0	0,0
17.09.2026 11:27:10	2150,0	1250,0	300,0	200,0	100,0	100,0	50,0	200,0	100,0	50,0	0,0	0,0	150,0	70,0	30,0
17.09.2026 11:27:16	3350,0	1450,0	900,0	500,0	150,0	100,0	50,0	50,0	50,0	100,0	50,0	0,0	50,0	10,0	40,0
17.09.2026 11:27:22	2900,0	1400,0	1200,0	550,0	50,0	50,0	150,0	50,0	0,0	0,0	50,0	0,0	50,0	120,0	130,0
17.09.2026 11:27:28	2900,0	1750,0	1000,0	150,0	100,0	50,0	50,0	50,0	100,0	100,0	0,0	0,0	0,0	10,0	40,0
17.09.2026 11:27:34	2600,0	1000,0	650,0	300,0	100,0	100,0	50,0	0,0	50,0	100,0	0,0	50,0	0,0	20,0	80,0
17.09.2026 11:27:40	2500,0	700,0	800,0	150,0	250,0	150,0	0,0	150,0	150,0	0,0	0,0	0,0	0,0	20,0	30,0
17.09.2026 11:27:46	2100,0	1350,0	850,0	550,0	350,0	200,0	150,0	200,0	100,0	0,0	50,0	0,0	50,0	0,0	0,0
17.09.2026 11:27:52	2400,0	1600,0	950,0	800,0	100,0	150,0	100,0	150,0	0,0	50,0	100,0	0,0	50,0	70,0	80,0
17.09.2026 11:27:58	2100,0	1000,0	600,0	400,0	250,0	50,0	50,0	50,0	50,0	100,0	50,0	0,0	50,0	10,0	40,0
17.09.2026 11:28:04	3550,0	1400,0	600,0	350,0	50,0	200,0	50,0	150,0	50,0	0,0	0,0	0,0	50,0	60,0	90,0
17.09.2026 11:28:10	2450,0	1700,0	750,0	450,0	200,0	0,0	150,0	50,0	0,0	50,0	0,0	100,0	50,0	0,0	50,0
17.09.2026 11:28:16	7600,0	3800,0	1700,0	1100,0	400,0	100,0	150,0	150,0	200,0	0,0	50,0	50,0	0,0	70,0	80,0
17.09.2026 11:28:22	4500,0	3300,0	1250,0	800,0	350,0	200,0	50,0	50,0	100,0	50,0	100,0	0,0	50,0	0,0	50,0
17.09.2026 11:28:28	7350,0	3650,0	1700,0	1650,0	400,0	300,0	150,0	200,0	0,0	0,0	100,0	50,0	0,0	80,0	170,0
17.09.2026 11:28:34	7200,0	4550,0	1950,0	1400,0	200,0	300,0	200,0	150,0	150,0	0,0	50,0	100,0	50,0	10,0	90,0
17.09.2026 11:28:40	6600,0	4450,0	2500,0	950,0	550,0	100,0	150,0	100,0	50,0	50,0	0,0	0,0	0,0	0,0	0,0
17.09.2026 11:28:46	7650,0	5500,0	2250,0	1050,0	500,0	300,0	350,0	100,0	150,0	100,0	0,0	0,0	100,0	50,0	0,0
17.09.2026 11:28:52	6250,0	3400,0	2050,0	950,0	250,0	300,0	300,0	100,0	50,0	0,0	50,0	50,0	0,0	40,0	60,0
17.09.2026 11:28:58	6700,0	3800,0	1950,0	900,0	500,0	300,0	150,0	150,0	150,0	150,0	50,0	100,0	50,0	0,0	50,0
17.09.2026 11:29:04	8150,0	3950,0	2350,0	750,0	450,0	100,0	250,0	100,0	0,0	50,0	50,0	100,0	0,0	60,0	90,0
17.09.2026 11:29:10	6850,0	4050,0	2050,0	1250,0	800,0	100,0	350,0	200,0	50,0	100,0	50,0	50,0	50,0	0,0	50,0
17.09.2026 11:29:16	6800,0	5200,0	2350,0	950,0	300,0	250,0	300,0	50,0	200,0	100,0	200,0	100,0	100,0	70,0	130,0
17.09.2026 11:29:22	7900,0	5500,0	2100,0	1150,0	350,0	50,0	250,0	250,0	150,0	0,0	250,0	50,0	50,0	90,0	160,0
17.09.2026 11:29:28	9950,0	5800,0	3450,0	1300,0	450,0	400,0	150,0	150,0	250,0	100,0	150,0	150,0	50,0	40,0	110,0
17.09.2026 11:29:34	8100,0	5750,0	2800,0	1400,0	400,0	150,0	200,0	300,0	100,0	0,0	100,0	0,0	150,0	180,0	170,0
17.09.2026 11:29:40	9900,0	6700,0	3250,0	1450,0	350,0	200,0	250,0	250,0	100,0	100,0	50,0	0,0	0,0	0,0	0,0
17.09.2026 11:29:46	8900,0	6150,0	1900,0	1350,0	500,0	100,0	250,0	400,0	50,0	0,0	100,0	50,0	100,0	40,0	110,0
17.09.2026 11:29:52	8950,0	6100,0	2650,0	1200,0	500,0	200,0	250,0	150,0	100,0	50,0	50,0	0,0	50,0	0,0	100,0
17.09.2026 11:29:58	9250,0	5000,0	2650,0	1550,0	600,0	200,0	300,0	250,0	0,0	0,0	50,0	100,0	150,0	150,0	100,0
17.09.2026 11:30:04	8100,0	5500,0	2950,0	1850,0	500,0	250,0	150,0	150,0	250,0	300,0	100,0	100,0	0,0	30,0	70,0
17.09.2026 11:30:10	9250,0	4850,0	3100,0	1450,0	450,0	200,0	150,0	350,0	250,0	0,0	100,0	200,0	100,0	100,0	200,0
17.09.2026 11:30:16	8450,0	6700,0	2900,0	1600,0	500,0	150,0	500,0	250,0	100,0	200,0	50,0	50,0	100,0	90,0	110,0
17.09.2026 11:30:22	9150,0	5150,0	2850,0	1200,0	850,0	200,0	200,0	150,0	50,0	150,0	100,0	50,0	100,0	0,0	50,0
17.09.2026 11:30:28	9350,0	6900,0	2850,0	2000,0	600,0	150,0	400,0	300,0	100,0	50,0	100,0	0,0	100,0	90,0	60,0
17.09.2026 11:30:34	8850,0	4500,0	2500,0	1500,0	450,0	250,0	500,0	150,0	0,0	100,0	50,0	0,0	0,0	0,0	0,0
17.09.2026 11:30:40	7700,0	4700,0	2950,0	1150,0	600,0	200,0	200,0	200,0	150,0	250,0	50,0	50,0	50,0	80,0	70,0
17.09.2026 11:30:46	8200,0	5150,0	3200,0	1600,0	300,0	50,0	250,0	150,0	250,0	50,0	50,0	0,0	0,0	90,0	60,0
17.09.2026 11:30:52	8600,0	5550,0	2450,0	1150,0	750,0	150,0	300,0	50,0	100,0	50,0	100,0	100,0	0,0	40,0	110,0
17.09.2026 11:30:58	9650,0	5750,0	2700,0	1500,0	450,0	200,0	300,0	100,0	100,0	150,0	50,0	0,0	50,0	60,0	40,0
17.09.2026 11:31:04	9450,0	6850,0	2450,0	1100,0	950,0	150,0	200,0	350,0	100,0	50,0	50,0	0,0	50,0	110,0	40,0
17.09.2026 11:31:10	9050,0	6500,0	3350,0	1800,0	200,0	200,0	400,0	150,0	300,0	50,0	150,0	0,0	0,0	0,0	0,0
17.09.2026 11:31:16	10050,0	6350,0	2550,0	2350,0	450,0	100,0	250,0	350,0	100,0	250,0	0,0	0,0	0,0	10,0	40,0
17.09.2026 11:31:22	10050,0	7050,0	3800,0	1400,0	550,0	100,0	250,0	300,0	100,0	50,0	100,0	50,0	0,0	160,0	40,0
17.09.2026 11:31:28	10100,0	7600,0	3250,0	1750,0	350,0	350,0	700,0	50,0	150,0	50,0	50,0	0,0	50,0	50,0	50,0
17.09.2026 11:31:34	10050,0	7100,0	3550,0	1450,0	400,0	350,0	250,0	350,0	50,0	250,0	50,0	0,0	50,0	80,0	70,0
17.09.2026 11:31:40	8450,0	6800,0	2950,0	1650,0	450,0	200,0	200,0	350,0	50,0	0,0	100,0	100,0	0,0	0,0	0,0
