<Header>
User name: 
Location: cabin
# of Location: 3
Model: 1.109
Serial No.: 9G070015
Firmware revision: 12.30E
Software revision: 1178 V8-26 (18--12-2023)
Unit: dM [ug/m3]
C-factor: 1,00
Comment: 
online data
<Data>
[d&t31.12.2035 11:50:55]	0,25 um	0,28 um	0,30 um	0,35 um	0,40 um	0,45 um	0,50 um	0,58 um	0,65 um	0,70 um	0,80 um	1,00 um	1,30 um	1,60 um	2,00 um	2,50 um	3,00 um	3,50 um	4,00 um	5,00 um	6,50 um	7,50 um	8,50 um	10,00 um	12,50 um	15,00 um	17,50 um	20,00 um	25,00 um	30,00 um	32,00 um
11.09.2025 08:38:19	0,48	0,43	0,37	0,35	0,12	0,09	0,04	0,08	0,03	0,04	0,06	0,13	0,13	0,26	0,40	1,83	0,30	0,46	4,01	3,34	6,03	0,00	0,00	0,00	0,00	0,00	0,00	0,00	0,00	0,00	0,00
11.09.2025 08:38:25	0,49	0,45	0,40	0,30	0,11	0,09	0,06	0,06	0,03	0,07	0,00	0,00	0,27	0,00	0,90	0,18	1,21	0,93	0,00	0,00	3,02	4,50	6,96	12,52	0,00	0,00	0,00	0,00	0,00	0,00	0,00
11.09.2025 08:38:31	0,56	0,41	0,34	0,33	0,15	0,10	0,07	0,05	0,01	0,06	0,00	0,00	0,00	0,26	0,00	0,00	0,00	0,93	0,80	0,00	3,02	0,00	0,00	12,52	0,00	0,00	0,00	0,00	0,00	0,00	0,00
11.09.2025 08:38:37	0,57	0,46	0,45	0,31	0,16	0,08	0,10	0,06	0,03	0,06	0,03	0,20	0,13	0,51	0,00	0,00	1,81	0,46	0,80	1,67	3,02	13,51	0,00	12,52	22,87	0,00	0,00	0,00	0,00	0,00	0,00
11.09.2025 08:38:43	0,55	0,41	0,33	0,33	0,11	0,05	0,09	0,04	0,03	0,07	0,03	0,13	0,27	0,51	1,10	2,74	0,91	0,93	1,60	0,00	0,00	4,50	0,00	12,52	0,00	0,00	0,00	0,00	0,00	0,00	0,00
11.09.2025 08:38:49	0,52	0,43	0,38	0,37	0,10	0,07	0,08	0,08	0,03	0,06	0,13	0,27	0,27	0,00	0,80	0,91	0,60	1,86	0,80	0,00	0,00	0,00	0,00	0,00	0,00	0,00	0,00	0,00	0,00	0,00	0,00
11.09.2025 08:38:55	0,49	0,37	0,36	0,30	0,10	0,06	0,15	0,08	0,01	0,09	0,03	0,07	0,13	0,00	1,30	0,37	1,21	0,46	0,80	5,02	0,00	0,00	0,00	12,52	0,00	0,00	0,00	0,00	0,00	0,00	0,00
11.09.2025 08:39:01	0,56	0,46	0,39	0,33	0,18	0,04	0,06	0,08	0,03	0,07	0,00	0,13	0,40	0,51	0,00	0,00	0,00	0,00	2,40	1,67	3,02	0,00	0,00	0,00	0,00	0,00	0,00	0,00	0,00	0,00	0,00
11.09.2025 08:39:07	0,51	0,42	0,41	0,34	0,16	0,07	0,08	0,05	0,04	0,11	0,06	0,07	0,13	0,51	1,30	2,56	0,00	0,93	3,21	3,34	0,00	0,00	0,00	0,00	0,00	0,00	0,00	0,00	0,00	0,00	0,00
11.09.2025 08:39:13	0,53	0,43	0,39	0,34	0,13	0,08	0,04	0,05	0,01	0,09	0,03	0,07	0,00	0,51	0,80	0,18	1,21	0,93	3,21	0,00	0,00	0,00	6,96	0,00	0,00	0,00	0,00	0,00	0,00	0,00	0,00
11.09.2025 08:39:19	0,54	0,38	0,37	0,34	0,10	0,06	0,13	0,06	0,01	0,09	0,00	0,13	0,13	0,00	0,50	1,10	2,11	0,46	0,00	1,67	0,00	0,00	0,00	0,00	0,00	0,00	0,00	0,00	0,00	0,00	0,00
11.09.2025 08:39:25	0,52	0,47	0,37	0,26	0,13	0,07	0,10	0,03	0,00	0,07	0,10	0,00	0,00	0,00	0,00	0,00	0,60	0,93	0,00	1,67	0,00	0,00	6,96	12,52	22,87	37,75	57,98	0,00	0,00	0,00	0,00
11.09.2025 08:39:31	0,57	0,41	0,40	0,31	0,11	0,05	0,15	0,06	0,03	0,07	0,03	0,20	0,13	0,00	0,70	0,37	0,60	0,46	0,80	0,00	3,02	0,00	0,00	12,52	0,00	0,00	0,00	0,00	0,00	0,00	0,00
11.09.2025 08:39:37	0,51	0,47	0,40	0,32	0,13	0,08	0,10	0,06	0,04	0,04	0,10	0,00	0,00	0,26	1,20	0,73	0,91	1,39	2,40	0,00	0,00	0,00	0,00	0,00	0,00	0,00	0,00	0,00	0,00	0,00	0,00
11.09.2025 08:39:43	0,51	0,45	0,36	0,28	0,15	0,05	0,07	0,04	0,03	0,09	0,10	0,00	0,40	0,00	1,30	1,28	0,00	0,93	0,80	3,34	0,00	0,00	0,00	0,00	0,00	0,00	0,00	0,00	0,00	0,00	0,00
11.09.2025 08:39:49	0,53	0,43	0,36	0,31	0,16	0,07	0,10	0,09	0,03	0,09	0,03	0,07	0,13	0,26	0,00	0,00	0,30	1,39	0,80	3,34	0,00	4,50	6,96	0,00	22,87	0,00	0,00	0,00	0,00	0,00	0,00
11.09.2025 08:39:55	0,49	0,46	0,36	0,33	0,16	0,07	0,04	0,02	0,03	0,09	0,03	0,13	0,13	0,51	0,00	0,00	0,00	0,93	1,60	0,00	0,00	4,50	0,00	0,00	0,00	0,00	0,00	0,00	0,00	0,00	0,00
11.09.2025 08:40:01	0,53	0,42	0,37	0,34	0,15	0,07	0,08	0,06	0,04	0,09	0,00	0,20	0,13	0,26	0,40	0,00	1,21	0,93	0,80	1,67	0,00	4,50	6,96	12,52	0,00	0,00	0,00	0,00	0,00	0,00	0,00
11.09.2025 08:40:07	0,53	0,44	0,40	0,33	0,14	0,06	0,08	0,11	0,03	0,06	0,06	0,07	0,00	0,26	0,70	1,28	0,91	1,39	0,00	3,34	0,00	9,01	0,00	12,52	0,00	0,00	0,00	0,00	0,00	0,00	0,00
11.09.2025 08:40:13	0,54	0,43	0,38	0,27	0,12	0,06	0,08	0,09	0,00	0,11	0,00	0,00	0,00	0,00	0,00	0,00	0,00	0,93	1,60	0,00	0,00	0,00	0,00	12,52	0,00	0,00	0,00	0,00	0,00	0,00	0,00
11.09.2025 08:40:19	0,53	0,46	0,36	0,30	0,12	0,03	0,10	0,02	0,03	0,04	0,06	0,07	0,40	0,00	0,80	0,37	0,30	0,46	0,00	1,67	3,02	0,00	6,96	0,00	0,00	0,00	0,00	0,00	0,00	0,00	0,00
11.09.2025 08:40:25	0,51	0,45	0,35	0,31	0,11	0,07	0,11	0,03	0,00	0,06	0,13	0,00	0,13	0,77	1,80	1,10	0,60	0,00	0,80	1,67	6,03	0,00	0,00	0,00	0,00	0,00	0,00	0,00	0,00	0,00	0,00
11.09.2025 08:40:31	0,53	0,42	0,39	0,36	0,17	0,08	0,12	0,08	0,04	0,15	0,03	0,20	0,00	0,00	1,00	2,74	0,00	0,93	0,00	1,67	3,02	0,00	6,96	0,00	0,00	0,00	0,00	0,00	0,00	0,00	0,00
11.09.2025 08:40:37	0,53	0,48	0,41	0,40	0,12	0,07	0,10	0,09	0,03	0,02	0,06	0,13	0,00	0,00	0,30	0,00	0,00	0,93	2,40	3,34	0,00	0,00	0,00	0,00	0,00	0,00	0,00	0,00	0,00	0,00	0,00
11.09.2025 08:40:43	0,52	0,47	0,38	0,29	0,14	0,07	0,09	0,04	0,05	0,07	0,16	0,13	0,00	0,26	1,30	1,46	0,60	0,46	0,80	3,34	0,00	0,00	13,92	12,52	0,00	0,00	0,00	0,00	0,00	0,00	0,00
11.09.2025 08:40:49	0,53	0,45	0,41	0,32	0,14	0,10	0,09	0,10	0,00	0,06	0,06	0,00	0,00	0,51	0,50	1,46	0,91	0,46	2,40	3,34	3,02	0,00	13,92	0,00	0,00	0,00	0,00	0,00	0,00	0,00	0,00
11.09.2025 08:40:55	0,53	0,45	0,38	0,29	0,14	0,09	0,10	0,11	0,00	0,02	0,03	0,07	0,13	0,00	0,90	0,00	0,60	0,00	1,60	1,67	0,00	0,00	0,00	0,00	0,00	0,00	57,98	0,00	0,00	0,00	0,00
11.09.2025 08:41:01	0,55	0,47	0,38	0,32	0,14	0,05	0,10	0,11	0,00	0,09	0,03	0,07	0,27	0,26	0,10	1,10	0,00	0,00	2,40	0,00	0,00	0,00	0,00	0,00	0,00	0,00	0,00	0,00	0,00	0,00	0,00
11.09.2025 08:41:07	0,49	0,42	0,38	0,31	0,12	0,09	0,07	0,06	0,05	0,11	0,03	0,00	0,00	0,26	1,80	2,74	0,60	0,00	2,40	1,67	0,00	0,00	6,96	0,00	0,00	0,00	0,00	0,00	0,00	0,00	0,00
11.09.2025 08:41:13	0,56	0,42	0,40	0,34	0,19	0,08	0,09	0,06	0,00	0,04	0,03	0,27	0,00	0,26	0,30	0,00	0,00	0,46	2,40	3,34	0,00	0,00	6,96	0,00	0,00	0,00	0,00	0,00	0,00	0,00	0,00
11.09.2025 08:41:19	0,50	0,44	0,38	0,32	0,15	0,08	0,12	0,05	0,03	0,15	0,03	0,20	0,00	0,26	1,00	3,11	0,91	0,46	1,60	3,34	0,00	0,00	0,00	0,00	0,00	0,00	0,00	0,00	0,00	0,00	0,00
11.09.2025 08:41:25	0,53	0,48	0,34	0,33	0,15	0,08	0,14	0,05	0,03	0,09	0,16	0,07	0,00	0,26	0,10	0,73	0,91	0,46	0,80	3,34	3,02	0,00	0,00	12,52	22,87	0,00	0,00	0,00	0,00	0,00	0,00
11.09.2025 08:41:31	0,52	0,49	0,39	0,27	0,13	0,05	0,07	0,06	0,05	0,04	0,06	0,13	0,00	0,00	0,40	1,46	1,51	0,46	3,21	1,67	3,02	0,00	6,96	0,00	0,00	0,00	0,00	0,00	0,00	0,00	0,00
11.09.2025 08:41:37	0,51	0,47	0,39	0,32	0,13	0,08	0,07	0,08	0,04	0,15	0,00	0,00	0,27	0,26	1,50	2,20	0,30	0,46	0,80	0,00	0,00	0,00	0,00	0,00	0,00	0,00	0,00	0,00	0,00	0,00	0,00
11.09.2025 08:41:43	0,54	0,43	0,41	0,32	0,15	0,07	0,11	0,06	0,04	0,06	0,10	0,13	0,13	0,26	0,30	1,46	1,21	0,00	2,40	1,67	3,02	0,00	0,00	0,00	0,00	0,00	0,00	0,00	0,00	0,00	0,00
11.09.2025 08:41:49	0,48	0,40	0,34	0,29	0,14	0,06	0,07	0,08	0,03	0,06	0,03	0,07	0,13	0,00	0,30	0,00	0,91	0,93	3,21	3,34	0,00	0,00	6,96	0,00	0,00	0,00	0,00	0,00	0,00	0,00	0,00
11.09.2025 08:41:55	0,38	0,31	0,26	0,24	0,10	0,06	0,07	0,04	0,01	0,06	0,03	0,07	0,00	0,26	0,30	0,37	1,51	0,46	0,80	1,67	0,00	0,00	13,92	0,00	0,00	0,00	0,00	0,00	0,00	0,00	0,00
11.09.2025 08:42:01	0,39	0,32	0,27	0,22	0,10	0,04	0,09	0,03	0,03	0,04	0,06	0,00	0,27	0,77	0,90	0,91	0,30	0,46	0,00	1,67	3,02	0,00	6,96	12,52	0,00	0,00	0,00	0,00	0,00	0,00	0,00
11.09.2025 08:42:07	0,35	0,27	0,24	0,19	0,11	0,04	0,07	0,03	0,03	0,02	0,06	0,07	0,00	0,00	1,00	0,55	0,60	0,46	2,40	0,00	0,00	0,00	6,96	0,00	0,00	0,00	0,00	0,00	0,00	0,00	0,00
11.09.2025 08:42:13	0,33	0,28	0,26	0,16	0,12	0,03	0,07	0,05	0,00	0,09	0,03	0,07	0,13	0,00	0,70	1,46	0,30	0,46	1,60	0,00	0,00	0,00	6,96	0,00	0,00	0,00	0,00	0,00	0,00	0,00	0,00
11.09.2025 08:42:19	0,32	0,27	0,23	0,19	0,10	0,02	0,03	0,05	0,03	0,07	0,03	0,07	0,13	0,26	0,90	0,00	0,91	0,00	1,60	0,00	3,02	0,00	0,00	0,00	0,00	0,00	0,00	0,00	0,00	0,00	0,00
11.09.2025 08:42:25	0,28	0,21	0,22	0,20	0,06	0,05	0,10	0,04	0,00	0,04	0,10	0,07	0,00	0,00	0,80	0,55	0,00	0,93	0,00	0,00	0,00	4,50	0,00	12,52	0,00	0,00	0,00	0,00	0,00	0,00	0,00
11.09.2025 08:42:31	0,27	0,22	0,22	0,15	0,05	0,03	0,04	0,03	0,00	0,02	0,00	0,00	0,00	0,26	0,20	0,55	0,60	0,46	2,40	3,34	3,02	4,50	0,00	0,00	0,00	0,00	0,00	0,00	0,00	0,00	0,00
11.09.2025 08:42:37	0,26	0,20	0,17	0,13	0,05	0,04	0,07	0,01	0,00	0,02	0,03	0,07	0,00	0,00	0,00	0,00	0,00	0,00	0,00	0,00	0,00	0,00	0,00	0,00	0,00	0,00	0,00	0,00	0,00	0,00	0,00
11.09.2025 08:42:43	0,25	0,17	0,19	0,11	0,06	0,05	0,03	0,01	0,00	0,00	0,03	0,00	0,00	0,26	0,10	0,00	0,00	0,00	1,60	1,67	3,02	0,00	0,00	0,00	0,00	0,00	0,00	0,00	0,00	0,00	0,00
11.09.2025 08:42:49	0,23	0,15	0,14	0,13	0,04	0,02	0,02	0,01	0,01	0,00	0,00	0,07	0,00	0,26	0,50	0,37	0,30	0,00	0,80	1,67	0,00	0,00	0,00	0,00	0,00	0,00	0,00	0,00	0,00	0,00	0,00
11.09.2025 08:42:55	0,19	0,17	0,11	0,10	0,04	0,03	0,06	0,03	0,04	0,02	0,13	0,07	0,00	0,00	0,50	0,91	0,60	0,00	0,80	0,00	0,00	0,00	0,00	12,52	0,00	0,00	57,98	0,00	0,00	0,00	0,00
11.09.2025 08:43:01	0,21	0,12	0,11	0,11	0,04	0,01	0,07	0,03	0,01	0,02	0,00	0,00	0,00	0,00	0,80	1,28	0,00	0,00	0,00	0,00	0,00	0,00	0,00	0,00	0,00	0,00	0,00	0,00	0,00	0,00	0,00
11.09.2025 08:43:07	0,17	0,14	0,12	0,12	0,05	0,02	0,07	0,02	0,01	0,00	0,03	0,00	0,27	0,26	0,10	0,18	0,00	0,46	0,80	0,00	0,00	0,00	0,00	0,00	22,87	0,00	0,00	0,00	0,00	0,00	0,00
11.09.2025 08:43:13	0,16	0,11	0,10	0,08	0,06	0,02	0,03	0,02	0,00	0,02	0,03	0,07	0,00	0,00	0,40	0,00	0,00	0,00	0,00	0,00	0,00	0,00	0,00	0,00	0,00	0,00	57,98	0,00	0,00	0,00	0,00
11.09.2025 08:43:19	0,16	0,10	0,08	0,12	0,03	0,02	0,02	0,03	0,00	0,04	0,03	0,00	0,13	0,00	0,40	0,00	0,00	0,00	0,80	0,00	0,00	0,00	0,00	0,00	0,00	0,00	0,00	0,00	0,00	0,00	0,00
11.09.2025 08:43:25	0,13	0,10	0,11	0,09	0,04	0,01	0,02	0,02	0,00	0,00	0,00	0,00	0,00	0,00	0,10	0,18	0,00	0,93	0,00	0,00	0,00	4,50	0,00	0,00	0,00	0,00	0,00	0,00	0,00	0,00	0,00
11.09.2025 08:43:31	0,14	0,10	0,06	0,07	0,03	0,02	0,02	0,01	0,01	0,00	0,00	0,00	0,13	0,00	0,70	0,55	0,00	0,00	0,00	0,00	0,00	0,00	0,00	0,00	0,00	0,00	0,00	0,00	0,00	0,00	0,00
11.09.2025 08:43:37	0,12	0,09	0,06	0,04	0,01	0,01	0,01	0,00	0,00	0,00	0,03	0,00	0,00	0,00	0,00	0,00	0,00	0,00	0,00	0,00	0,00	0,00	0,00	0,00	0,00	0,00	0,00	0,00	0,00	0,00	0,00
11.09.2025 08:43:43	0,13	0,08	0,08	0,07	0,05	0,00	0,01	0,01	0,03	0,04	0,00	0,13	0,13	0,00	0,10	0,37	0,00	0,46	0,00	1,67	0,00	0,00	0,00	0,00	0,00	0,00	0,00	0,00	0,00	0,00	0,00
11.09.2025 08:43:49	0,10	0,09	0,08	0,07	0,04	0,01	0,02	0,04	0,01	0,00	0,00	0,00	0,00	0,00	0,40	0,91	0,00	0,00	0,00	0,00	0,00	0,00	0,00	0,00	22,87	0,00	0,00	0,00	0,00	0,00	0,00
11.09.2025 08:43:55	0,11	0,08	0,05	0,05	0,02	0,01	0,02	0,01	0,01	0,04	0,00	0,00	0,00	0,00	0,20	0,37	0,00	0,00	0,80	0,00	0,00	0,00	0,00	0,00	0,00	0,00	0,00	0,00	0,00	0,00	0,00
11.09.2025 08:44:01	0,08	0,05	0,05	0,05	0,02	0,01	0,03	0,01	0,00	0,00	0,00	0,20	0,00	0,00	0,50	0,00	0,00	0,00	0,00	0,00	0,00	0,00	0,00	0,00	0,00	0,00	0,00	0,00	0,00	0,00	0,00
11.09.2025 08:44:07	0,08	0,07	0,07	0,02	0,04	0,00	0,02	0,03	0,00	0,02	0,00	0,00	0,00	0,00	0,00	0,18	0,00	0,46	1,60	0,00	0,00	0,00	0,00	0,00	0,00	0,00	0,00	100,20	0,00	0,00	0,00
11.09.2025 08:44:13	0,07	0,06	0,05	0,03	0,01	0,01	0,01	0,01	0,01	0,00	0,03	0,00	0,00	0,00	0,00	0,00	0,00	0,00	0,00	0,00	0,00	0,00	0,00	0,00	0,00	0,00	0,00	0,00	0,00	0,00	0,00
11.09.2025 08:44:19	0,06	0,06	0,05	0,04	0,02	0,01	0,02	0,00	0,01	0,00	0,03	0,00	0,00	0,00	0,00	0,00	0,00	0,00	0,00	0,00	0,00	0,00	0,00	0,00	0,00	0,00	0,00	0,00	0,00	0,00	0,00
11.09.2025 08:44:25	0,07	0,06	0,05	0,02	0,02	0,01	0,01	0,00	0,00	0,02	0,06	0,00	0,00	0,00	0,00	0,00	0,00	0,00	0,00	0,00	0,00	0,00	0,00	0,00	0,00	0,00	0,00	0,00	0,00	0,00	0,00
11.09.2025 08:44:31	0,06	0,05	0,04	0,02	0,02	0,00	0,00	0,00	0,01	0,00	0,00	0,00	0,13	0,00	0,50	0,00	0,00	0,00	0,00	0,00	0,00	0,00	0,00	0,00	0,00	0,00	0,00	0,00	0,00	0,00	0,00
11.09.2025 08:44:37	0,05	0,05	0,03	0,03	0,01	0,00	0,01	0,00	0,01	0,00	0,00	0,00	0,00	0,00	0,50	0,00	0,00	0,00	0,00	0,00	0,00	0,00	0,00	0,00	0,00	0,00	0,00	0,00	0,00	0,00	0,00
11.09.2025 08:44:43	0,05	0,03	0,02	0,02	0,01	0,00	0,01	0,00	0,00	0,02	0,00	0,07	0,00	0,00	0,00	0,00	0,00	0,00	0,00	0,00	0,00	0,00	0,00	0,00	0,00	0,00	0,00	0,00	0,00	0,00	0,00
11.09.2025 08:44:49	0,06	0,03	0,05	0,03	0,02	0,01	0,01	0,01	0,00	0,00	0,00	0,00	0,00	0,00	0,50	0,91	0,00	0,00	0,00	0,00	0,00	0,00	0,00	0,00	0,00	0,00	0,00	0,00	0,00	0,00	0,00
11.09.2025 08:44:55	0,04	0,04	0,03	0,01	0,01	0,00	0,00	0,01	0,00	0,00	0,03	0,00	0,00	0,00	0,00	0,00	0,00	0,00	0,00	0,00	0,00	0,00	0,00	0,00	0,00	0,00	0,00	0,00	0,00	0,00	0,00
11.09.2025 08:45:01	0,04	0,04	0,02	0,01	0,02	0,00	0,01	0,01	0,00	0,00	0,00	0,00	0,00	0,00	0,00	0,00	0,00	0,00	0,00	0,00	0,00	0,00	0,00	0,00	0,00	0,00	0,00	0,00	0,00	0,00	0,00
11.09.2025 08:45:07	0,05	0,03	0,03	0,02	0,01	0,01	0,01	0,01	0,00	0,00	0,00	0,00	0,00	0,00	0,00	0,00	0,00	0,00	0,00	0,00	0,00	0,00	0,00	0,00	0,00	0,00	0,00	0,00	0,00	0,00	0,00
11.09.2025 08:45:13	0,04	0,02	0,03	0,01	0,01	0,00	0,00	0,01	0,00	0,00	0,00	0,00	0,00	0,00	0,00	0,00	0,00	0,00	0,00	0,00	0,00	0,00	0,00	0,00	0,00	0,00	0,00	0,00	0,00	0,00	0,00
11.09.2025 08:45:19	0,04	0,02	0,02	0,02	0,01	0,00	0,00	0,01	0,00	0,00	0,00	0,00	0,00	0,00	0,00	0,00	0,00	0,00	0,00	0,00	0,00	0,00	0,00	0,00	0,00	0,00	0,00	0,00	0,00	0,00	0,00
11.09.2025 08:45:25	0,03	0,03	0,01	0,02	0,00	0,00	0,00	0,02	0,00	0,00	0,00	0,07	0,00	0,00	0,00	0,00	0,00	0,00	0,00	0,00	0,00	0,00	0,00	0,00	0,00	0,00	0,00	0,00	0,00	0,00	0,00
11.09.2025 08:45:31	0,03	0,02	0,02	0,02	0,00	0,01	0,00	0,00	0,01	0,00	0,00	0,00	0,00	0,00	0,00	0,00	0,00	0,00	0,00	0,00	0,00	0,00	0,00	0,00	0,00	0,00	0,00	0,00	0,00	0,00	0,00
11.09.2025 08:45:37	0,03	0,02	0,02	0,01	0,01	0,00	0,01	0,00	0,00	0,00	0,00	0,00	0,00	0,00	0,00	0,00	0,00	0,00	0,00	0,00	0,00	0,00	0,00	0,00	0,00	0,00	0,00	0,00	0,00	0,00	0,00
11.09.2025 08:45:43	0,03	0,01	0,02	0,01	0,01	0,00	0,02	0,00	0,00	0,00	0,00	0,00	0,00	0,00	0,00	0,00	0,00	0,00	0,00	0,00	0,00	0,00	0,00	0,00	0,00	0,00	0,00	0,00	0,00	0,00	0,00
11.09.2025 08:45:49	0,03	0,02	0,02	0,02	0,00	0,00	0,00	0,00	0,00	0,00	0,00	0,00	0,00	0,26	0,00	0,00	0,00	0,00	0,00	0,00	0,00	0,00	0,00	0,00	0,00	0,00	0,00	0,00	0,00	0,00	0,00
11.09.2025 08:45:55	0,02	0,02	0,02	0,01	0,00	0,00	0,00	0,01	0,00	0,00	0,00	0,00	0,00	0,00	0,00	0,00	0,00	0,00	0,00	0,00	0,00	0,00	0,00	0,00	0,00	0,00	0,00	0,00	0,00	0,00	0,00
11.09.2025 08:46:01	0,02	0,00	0,02	0,02	0,00	0,00	0,00	0,00	0,00	0,02	0,00	0,00	0,00	0,00	0,00	0,00	0,00	0,00	0,00	0,00	0,00	0,00	0,00	0,00	0,00	0,00	0,00	0,00	0,00	0,00	0,00
11.09.2025 08:46:07	0,03	0,02	0,02	0,02	0,02	0,00	0,00	0,00	0,00	0,00	0,00	0,00	0,00	0,00	0,00	0,00	0,00	0,00	0,00	0,00	0,00	0,00	0,00	0,00	0,00	0,00	0,00	0,00	0,00	0,00	0,00
11.09.2025 08:46:13	0,02	0,01	0,02	0,01	0,01	0,00	0,00	0,00	0,00	0,00	0,00	0,00	0,00	0,00	0,00	0,00	0,00	0,00	0,00	0,00	0,00	0,00	0,00	0,00	0,00	0,00	0,00	0,00	0,00	0,00	0,00
11.09.2025 08:46:19	0,02	0,01	0,01	0,01	0,00	0,00	0,00	0,00	0,00	0,00	0,00	0,07	0,00	0,00	0,00	0,00	0,00	0,00	0,00	0,00	0,00	0,00	0,00	0,00	0,00	0,00	0,00	0,00	0,00	0,00	0,00
11.09.2025 08:46:25	0,02	0,01	0,00	0,02	0,00	0,00	0,00	0,01	0,00	0,02	0,00	0,00	0,00	0,00	0,00	0,00	0,00	0,00	0,00	0,00	0,00	0,00	0,00	0,00	0,00	0,00	0,00	0,00	0,00	0,00	0,00
11.09.2025 08:46:31	0,02	0,01	0,01	0,01	0,00	0,00	0,00	0,00	0,00	0,00	0,00	0,00	0,00	0,00	0,00	0,00	0,00	0,00	0,00	0,00	0,00	0,00	0,00	0,00	0,00	0,00	0,00	0,00	0,00	0,00	0,00
11.09.2025 08:46:37	0,02	0,01	0,01	0,01	0,00	0,00	0,01	0,01	0,00	0,00	0,00	0,00	0,00	0,00	0,00	0,00	0,00	0,00	0,00	0,00	0,00	0,00	0,00	0,00	0,00	0,00	0,00	0,00	0,00	0,00	0,00
11.09.2025 08:46:43	0,02	0,02	0,01	0,00	0,00	0,00	0,01	0,00	0,00	0,00	0,00	0,00	0,00	0,00	0,00	0,00	0,00	0,00	0,00	0,00	0,00	0,00	0,00	0,00	0,00	0,00	0,00	0,00	0,00	0,00	0,00
11.09.2025 08:46:49	0,01	0,01	0,00	0,01	0,02	0,00	0,00	0,00	0,00	0,00	0,00	0,00	0,00	0,00	0,00	0,00	0,00	0,00	0,00	0,00	0,00	0,00	0,00	0,00	0,00	0,00	0,00	0,00	0,00	0,00	0,00
11.09.2025 08:46:55	0,01	0,01	0,01	0,01	0,01	0,00	0,00	0,01	0,00	0,00	0,00	0,00	0,00	0,00	0,00	0,00	0,00	0,00	0,00	0,00	0,00	0,00	0,00	0,00	0,00	0,00	0,00	0,00	0,00	0,00	0,00
11.09.2025 08:47:01	0,01	0,01	0,00	0,01	0,00	0,00	0,00	0,00	0,00	0,00	0,00	0,00	0,00	0,00	0,00	0,00	0,00	0,00	0,00	0,00	0,00	0,00	0,00	0,00	0,00	0,00	0,00	0,00	0,00	0,00	0,00
11.09.2025 08:47:07	0,01	0,02	0,00	0,00	0,00	0,00	0,00	0,00	0,00	0,00	0,00	0,00	0,00	0,00	0,00	0,00	0,00	0,00	0,00	0,00	0,00	0,00	0,00	0,00	0,00	0,00	0,00	0,00	0,00	0,00	0,00
11.09.2025 08:47:13	0,01	0,01	0,00	0,00	0,01	0,00	0,01	0,00	0,00	0,00	0,00	0,00	0,00	0,00	0,00	0,00	0,00	0,00	0,00	0,00	0,00	0,00	0,00	0,00	0,00	0,00	0,00	0,00	0,00	0,00	0,00
11.09.2025 08:47:19	0,01	0,01	0,01	0,01	0,00	0,00	0,00	0,00	0,00	0,00	0,00	0,00	0,00	0,00	0,00	0,00	0,00	0,00	0,00	0,00	0,00	0,00	0,00	0,00	0,00	0,00	0,00	0,00	0,00	0,00	0,00
11.09.2025 08:47:25	0,01	0,01	0,01	0,00	0,00	0,00	0,00	0,00	0,00	0,00	0,00	0,00	0,00	0,00	0,00	0,00	0,00	0,00	0,00	0,00	0,00	0,00	0,00	0,00	0,00	0,00	0,00	0,00	0,00	0,00	0,00
11.09.2025 08:47:31	0,01	0,00	0,01	0,00	0,00	0,00	0,00	0,00	0,00	0,00	0,00	0,00	0,00	0,00	0,00	0,00	0,00	0,00	0,00	0,00	0,00	0,00	0,00	0,00	0,00	0,00	0,00	0,00	0,00	0,00	0,00
11.09.2025 08:47:37	0,01	0,01	0,00	0,01	0,00	0,00	0,01	0,00	0,00	0,00	0,00	0,00	0,00	0,00	0,00	0,00	0,00	0,00	0,00	0,00	0,00	0,00	0,00	0,00	0,00	0,00	0,00	0,00	0,00	0,00	0,00
11.09.2025 08:47:43	0,01	0,01	0,00	0,00	0,00	0,00	0,00	0,00	0,00	0,00	0,00	0,00	0,00	0,00	0,00	0,00	0,00	0,00	0,00	0,00	0,00	0,00	0,00	0,00	0,00	0,00	0,00	0,00	0,00	0,00	0,00
11.09.2025 08:47:49	0,01	0,00	0,00	0,01	0,00	0,00	0,01	0,00	0,00	0,00	0,00	0,00	0,00	0,00	0,00	0,00	0,00	0,00	0,00	0,00	0,00	0,00	0,00	0,00	0,00	0,00	0,00	0,00	0,00	0,00	0,00
11.09.2025 08:47:55	0,01	0,02	0,00	0,01	0,00	0,00	0,00	0,00	0,00	0,00	0,00	0,00	0,00	0,00	0,00	0,00	0,00	0,00	0,00	0,00	0,00	0,00	0,00	0,00	0,00	0,00	0,00	0,00	0,00	0,00	0,00
11.09.2025 08:48:01	0,01	0,00	0,01	0,00	0,00	0,00	0,00	0,00	0,00	0,02	0,00	0,00	0,00	0,00	0,00	0,00	0,00	0,00	0,00	0,00	0,00	0,00	0,00	0,00	0,00	0,00	0,00	0,00	0,00	0,00	0,00
11.09.2025 08:48:07	0,01	0,01	0,00	0,01	0,00	0,00	0,00	0,00	0,00	0,00	0,00	0,00	0,00	0,00	0,00	0,00	0,00	0,00	0,00	0,00	0,00	0,00	0,00	0,00	0,00	0,00	0,00	0,00	0,00	0,00	0,00
11.09.2025 08:48:13	0,01	0,01	0,01	0,00	0,00	0,00	0,00	0,00	0,00	0,00	0,00	0,00	0,00	0,00	0,00	0,00	0,00	0,00	0,00	0,00	0,00	0,00	0,00	0,00	0,00	0,00	0,00	0,00	0,00	0,00	0,00
11.09.2025 08:48:19	0,01	0,01	0,00	0,01	0,00	0,00	0,00	0,00	0,00	0,00	0,00	0,00	0,00	0,00	0,00	0,00	0,00	0,00	0,00	0,00	0,00	0,00	0,00	0,00	0,00	0,00	0,00	0,00	0,00	0,00	0,00
11.09.2025 08:48:25	0,01	0,00	0,01	0,01	0,01	0,00	0,00	0,00	0,00	0,00	0,00	0,00	0,00	0,00	0,00	0,00	0,00	0,00	0,00	0,00	0,00	0,00	0,00	0,00	0,00	0,00	0,00	0,00	0,00	0,00	0,00
11.09.2025 08:48:31	0,00	0,01	0,01	0,01	0,00	0,00	0,00	0,00	0,00	0,00	0,00	0,00	0,00	0,00	0,00	0,00	0,00	0,00	0,00	0,00	0,00	0,00	0,00	0,00	0,00	0,00	0,00	0,00	0,00	0,00	0,00
11.09.2025 08:48:37	0,01	0,01	0,01	0,00	0,00	0,00	0,00	0,00	0,00	0,00	0,00	0,00	0,00	0,00	0,00	0,00	0,00	0,00	0,00	0,00	0,00	0,00	0,00	0,00	0,00	0,00	0,00	0,00	0,00	0,00	0,00
11.09.2025 08:48:43	0,01	0,00	0,00	0,01	0,00	0,00	0,01	0,00	0,00	0,00	0,00	0,00	0,00	0,00	0,00	0,00	0,00	0,00	0,00	0,00	0,00	0,00	0,00	0,00	0,00	0,00	0,00	0,00	0,00	0,00	0,00
11.09.2025 08:48:49	0,01	0,00	0,00	0,00	0,00	0,00	0,00	0,01	0,00	0,00	0,00	0,00	0,00	0,00	0,00	0,00	0,00	0,00	0,00	0,00	0,00	0,00	0,00	0,00	0,00	0,00	0,00	0,00	0,00	0,00	0,00
11.09.2025 08:48:55	0,01	0,01	0,00	0,00	0,00	0,00	0,01	0,00	0,00	0,00	0,00	0,00	0,00	0,00	0,00	0,00	0,00	0,00	0,00	0,00	0,00	0,00	0,00	0,00	0,00	0,00	0,00	0,00	0,00	0,00	0,00
11.09.2025 08:49:01	0,00	0,00	0,00	0,00	0,00	0,00	0,00	0,00	0,00	0,00	0,00	0,00	0,00	0,26	0,00	0,00	0,00	0,00	0,00	0,00	0,00	0,00	0,00	0,00	0,00	0,00	0,00	0,00	0,00	0,00	0,00
11.09.2025 08:49:07	0,00	0,00	0,00	0,01	0,01	0,00	0,00	0,00	0,00	0,00	0,00	0,00	0,00	0,00	0,00	0,00	0,00	0,00	0,00	0,00	0,00	0,00	0,00	0,00	0,00	0,00	0,00	0,00	0,00	0,00	0,00
11.09.2025 08:49:13	0,01	0,01	0,00	0,00	0,00	0,00	0,00	0,00	0,00	0,00	0,00	0,00	0,00	0,00	0,00	0,00	0,00	0,00	0,00	0,00	0,00	0,00	0,00	0,00	0,00	0,00	0,00	0,00	0,00	0,00	0,00
11.09.2025 08:49:19	0,01	0,01	0,00	0,00	0,00	0,00	0,00	0,00	0,00	0,00	0,00	0,00	0,00	0,00	0,00	0,00	0,00	0,00	0,00	0,00	0,00	0,00	0,00	0,00	0,00	0,00	0,00	0,00	0,00	0,00	0,00
11.09.2025 08:49:25	0,01	0,00	0,01	0,00	0,00	0,00	0,00	0,00	0,00	0,02	0,00	0,00	0,00	0,00	0,00	0,00	0,00	0,00	0,00	0,00	0,00	0,00	0,00	0,00	0,00	0,00	0,00	0,00	0,00	0,00	0,00
11.09.2025 08:49:31	0,01	0,01	0,01	0,02	0,00	0,00	0,01	0,00	0,00	0,00	0,00	0,00	0,00	0,00	0,00	0,00	0,00	0,00	0,00	0,00	0,00	0,00	0,00	0,00	0,00	0,00	0,00	0,00	0,00	0,00	0,00
11.09.2025 08:49:37	0,05	0,03	0,03	0,02	0,01	0,01	0,01	0,01	0,00	0,00	0,00	0,07	0,00	0,00	0,00	0,00	0,00	0,00	0,00	0,00	0,00	0,00	0,00	0,00	0,00	0,00	0,00	0,00	0,00	0,00	0,00
11.09.2025 08:49:43	0,04	0,04	0,02	0,02	0,01	0,01	0,01	0,00	0,00	0,02	0,03	0,00	0,00	0,00	0,00	0,00	0,00	0,00	0,00	0,00	0,00	0,00	0,00	0,00	0,00	0,00	0,00	0,00	0,00	0,00	0,00
11.09.2025 08:49:49	0,03	0,02	0,03	0,01	0,01	0,00	0,01	0,00	0,00	0,04	0,00	0,00	0,00	0,00	0,00	0,00	0,00	0,00	0,00	0,00	0,00	0,00	0,00	0,00	0,00	0,00	0,00	0,00	0,00	0,00	0,00
11.09.2025 08:49:55	0,04	0,03	0,03	0,02	0,01	0,01	0,02	0,02	0,00	0,00	0,00	0,07	0,13	0,00	0,50	0,73	0,30	0,00	0,00	0,00	0,00	0,00	0,00	0,00	0,00	0,00	0,00	0,00	0,00	0,00	0,00
11.09.2025 08:50:01	0,04	0,03	0,03	0,02	0,00	0,01	0,01	0,02	0,04	0,00	0,00	0,00	0,00	0,00	0,50	0,00	0,00	0,93	0,80	1,67	0,00	0,00	6,96	0,00	0,00	0,00	0,00	0,00	0,00	0,00	0,00
11.09.2025 08:50:07	0,06	0,05	0,03	0,04	0,02	0,01	0,01	0,01	0,04	0,02	0,00	0,07	0,00	0,51	0,20	0,91	0,30	0,00	3,21	0,00	0,00	0,00	6,96	25,05	0,00	0,00	0,00	0,00	0,00	0,00	0,00
11.09.2025 08:50:13	0,05	0,04	0,04	0,04	0,03	0,01	0,00	0,03	0,00	0,07	0,03	0,07	0,00	0,26	0,50	0,73	0,00	0,93	0,00	1,67	3,02	0,00	6,96	0,00	0,00	0,00	0,00	100,20	0,00	0,00	0,00
11.09.2025 08:50:19	0,04	0,04	0,03	0,03	0,01	0,01	0,01	0,03	0,01	0,07	0,03	0,00	0,13	0,00	0,00	0,37	0,00	0,00	0,80	0,00	0,00	9,01	0,00	0,00	0,00	0,00	0,00	0,00	0,00	0,00	0,00
11.09.2025 08:50:25	0,04	0,03	0,02	0,01	0,01	0,00	0,01	0,00	0,00	0,02	0,00	0,00	0,00	0,00	0,00	0,00	0,00	0,00	0,00	0,00	0,00	0,00	0,00	0,00	0,00	0,00	0,00	0,00	0,00	0,00	0,00
11.09.2025 08:50:31	0,03	0,02	0,02	0,00	0,03	0,00	0,00	0,01	0,00	0,02	0,03	0,00	0,00	0,00	0,00	0,00	0,00	0,00	0,00	0,00	0,00	0,00	0,00	0,00	0,00	0,00	0,00	0,00	0,00	0,00	0,00
11.09.2025 08:50:37	0,03	0,03	0,02	0,03	0,01	0,00	0,02	0,03	0,01	0,00	0,03	0,07	0,00	0,00	0,20	0,37	0,60	0,00	0,00	0,00	3,02	4,50	6,96	12,52	0,00	0,00	0,00	0,00	0,00	0,00	0,00
11.09.2025 08:50:43	0,03	0,03	0,01	0,02	0,00	0,02	0,01	0,00	0,00	0,02	0,03	0,13	0,00	0,00	0,00	0,37	0,00	0,00	0,00	0,00	6,03	0,00	0,00	12,52	0,00	0,00	0,00	0,00	0,00	0,00	0,00
11.09.2025 08:50:49	0,02	0,03	0,03	0,02	0,01	0,01	0,01	0,03	0,03	0,04	0,00	0,00	0,00	0,00	0,30	0,73	0,60	0,00	0,00	3,34	0,00	9,01	6,96	12,52	0,00	0,00	0,00	0,00	0,00	0,00	0,00
11.09.2025 08:50:55	0,02	0,02	0,01	0,02	0,01	0,01	0,01	0,03	0,00	0,04	0,03	0,00	0,00	0,26	0,60	1,10	0,00	0,46	0,80	0,00	3,02	0,00	0,00	0,00	0,00	0,00	0,00	0,00	0,00	0,00	0,00
11.09.2025 08:51:01	0,02	0,04	0,01	0,02	0,01	0,00	0,00	0,02	0,00	0,00	0,00	0,00	0,00	0,00	0,50	0,91	0,60	0,46	1,60	0,00	0,00	0,00	0,00	0,00	0,00	0,00	0,00	0,00	0,00	0,00	0,00
11.09.2025 08:51:07	0,02	0,02	0,01	0,00	0,00	0,00	0,01	0,01	0,01	0,00	0,00	0,00	0,00	0,00	0,00	0,00	0,00	0,46	2,40	0,00	0,00	4,50	0,00	0,00	0,00	0,00	0,00	0,00	0,00	0,00	0,00
11.09.2025 08:51:13	0,02	0,02	0,00	0,01	0,01	0,00	0,00	0,01	0,01	0,00	0,00	0,00	0,00	0,00	0,00	0,00	0,00	0,00	0,00	0,00	0,00	0,00	0,00	0,00	0,00	0,00	0,00	0,00	0,00	0,00	0,00
11.09.2025 08:51:19	0,02	0,01	0,02	0,02	0,00	0,01	0,00	0,02	0,00	0,00	0,00	0,07	0,00	0,26	0,00	0,00	0,00	0,93	0,00	1,67	0,00	0,00	6,96	12,52	0,00	0,00	0,00	0,00	0,00	0,00	0,00
11.09.2025 08:51:25	0,02	0,01	0,01	0,02	0,00	0,01	0,01	0,00	0,04	0,00	0,00	0,00	0,00	0,26	0,20	0,55	0,00	0,00	0,00	0,00	0,00	0,00	0,00	0,00	0,00	0,00	0,00	0,00	0,00	0,00	0,00
11.09.2025 08:51:31	0,02	0,01	0,01	0,02	0,01	0,01	0,01	0,00	0,01	0,02	0,03	0,00	0,00	0,00	0,70	0,18	0,00	0,00	0,80	0,00	0,00	0,00	6,96	0,00	0,00	0,00	0,00	0,00	0,00	0,00	0,00
11.09.2025 08:51:37	0,02	0,01	0,01	0,00	0,00	0,01	0,00	0,01	0,00	0,00	0,00	0,00	0,00	0,26	0,00	0,00	0,00	0,00	0,00	0,00	0,00	0,00	0,00	0,00	0,00	0,00	0,00	0,00	0,00	0,00	0,00
11.09.2025 08:51:43	0,01	0,01	0,01	0,01	0,00	0,00	0,00	0,00	0,00	0,00	0,00	0,00	0,00	0,00	0,00	0,00	0,00	0,00	0,00	0,00	0,00	0,00	0,00	0,00	0,00	0,00	0,00	0,00	0,00	0,00	0,00
11.09.2025 08:51:49	0,01	0,01	0,01	0,00	0,01	0,00	0,00	0,00	0,00	0,02	0,03	0,00	0,00	0,00	0,00	0,00	0,00	0,00	0,00	0,00	0,00	0,00	0,00	0,00	0,00	0,00	0,00	0,00	0,00	0,00	0,00
11.09.2025 08:51:55	0,01	0,01	0,00	0,00	0,01	0,00	0,00	0,00	0,00	0,00	0,03	0,00	0,00	0,00	0,10	0,18	0,30	0,46	0,00	0,00	0,00	0,00	0,00	12,52	0,00	0,00	0,00	0,00	0,00	0,00	0,00
11.09.2025 08:52:01	0,01	0,01	0,01	0,00	0,01	0,00	0,00	0,00	0,00	0,00	0,00	0,00	0,00	0,00	0,30	0,00	0,00	0,00	0,00	1,67	0,00	0,00	6,96	0,00	0,00	0,00	0,00	0,00	0,00	0,00	0,00
11.09.2025 08:52:07	0,01	0,01	0,01	0,01	0,01	0,00	0,01	0,00	0,00	0,00	0,00	0,00	0,00	0,00	0,50	0,00	0,00	0,00	0,00	0,00	0,00	0,00	0,00	0,00	0,00	0,00	0,00	0,00	0,00	0,00	0,00
11.09.2025 08:52:13	0,01	0,01	0,00	0,00	0,00	0,00	0,00	0,01	0,00	0,00	0,00	0,00	0,00	0,00	0,00	0,00	0,00	0,00	0,00	0,00	0,00	0,00	0,00	0,00	0,00	0,00	0,00	0,00	0,00	0,00	0,00
11.09.2025 08:52:19	0,01	0,01	0,01	0,00	0,00	0,00	0,00	0,00	0,00	0,00	0,00	0,00	0,00	0,00	0,00	0,00	0,00	0,00	0,00	0,00	0,00	0,00	0,00	0,00	0,00	0,00	0,00	0,00	0,00	0,00	0,00
11.09.2025 08:52:25	0,01	0,00	0,00	0,01	0,00	0,00	0,00	0,00	0,00	0,00	0,00	0,00	0,00	0,00	0,00	0,00	0,00	0,00	0,00	0,00	0,00	0,00	0,00	0,00	0,00	0,00	0,00	0,00	0,00	0,00	0,00
11.09.2025 08:52:31	0,01	0,00	0,01	0,00	0,00	0,00	0,00	0,01	0,00	0,00	0,00	0,00	0,00	0,00	0,00	0,00	0,00	0,00	0,00	0,00	0,00	0,00	0,00	0,00	0,00	0,00	0,00	0,00	0,00	0,00	0,00
11.09.2025 08:52:37	0,06	0,06	0,04	0,04	0,02	0,01	0,01	0,02	0,01	0,00	0,03	0,00	0,00	0,00	0,10	0,18	0,00	0,00	0,00	0,00	0,00	0,00	0,00	25,05	0,00	37,75	0,00	0,00	0,00	0,00	0,00
11.09.2025 08:52:43	0,04	0,02	0,02	0,02	0,01	0,01	0,01	0,01	0,00	0,02	0,03	0,00	0,00	0,26	0,10	0,00	0,00	0,46	3,21	3,34	3,02	0,00	0,00	12,52	0,00	0,00	0,00	0,00	0,00	0,00	0,00
11.09.2025 08:52:49	0,07	0,06	0,06	0,04	0,02	0,01	0,00	0,00	0,03	0,04	0,03	0,00	0,13	0,00	0,20	0,37	0,60	0,00	1,60	3,34	0,00	0,00	0,00	0,00	0,00	0,00	0,00	0,00	0,00	0,00	0,00
11.09.2025 08:52:55	0,06	0,04	0,03	0,04	0,01	0,01	0,03	0,01	0,00	0,00	0,03	0,07	0,27	0,51	0,00	0,00	0,00	0,93	0,80	0,00	3,02	0,00	6,96	0,00	0,00	0,00	0,00	0,00	0,00	0,00	0,00
11.09.2025 08:53:01	0,03	0,02	0,02	0,03	0,01	0,00	0,01	0,00	0,00	0,07	0,03	0,07	0,00	0,00	0,40	0,91	0,00	0,93	0,80	0,00	6,03	0,00	0,00	0,00	0,00	0,00	57,98	0,00	0,00	0,00	0,00
11.09.2025 08:53:07	0,02	0,02	0,02	0,01	0,01	0,00	0,01	0,02	0,01	0,02	0,06	0,00	0,00	0,00	0,00	0,00	0,00	0,00	0,00	1,67	3,02	4,50	6,96	12,52	0,00	0,00	0,00	0,00	0,00	0,00	0,00
11.09.2025 08:53:13	0,03	0,02	0,01	0,02	0,02	0,00	0,01	0,00	0,00	0,00	0,00	0,00	0,00	0,26	0,00	0,00	0,00	0,00	0,00	0,00	0,00	0,00	0,00	0,00	0,00	0,00	0,00	0,00	0,00	0,00	0,00
11.09.2025 08:53:19	0,02	0,02	0,02	0,01	0,01	0,03	0,01	0,01	0,01	0,04	0,03	0,00	0,00	0,00	0,00	0,00	0,00	0,00	2,40	1,67	0,00	0,00	0,00	0,00	22,87	0,00	0,00	0,00	0,00	0,00	0,00
11.09.2025 08:53:25	0,03	0,02	0,02	0,02	0,01	0,00	0,00	0,00	0,01	0,04	0,03	0,00	0,00	0,00	0,00	0,18	0,30	0,00	0,80	1,67	0,00	0,00	0,00	0,00	22,87	0,00	0,00	0,00	0,00	0,00	0,00
11.09.2025 08:53:31	0,02	0,01	0,02	0,01	0,00	0,01	0,01	0,01	0,00	0,00	0,03	0,00	0,00	0,00	0,00	0,00	0,00	0,46	1,60	0,00	3,02	0,00	0,00	0,00	22,87	0,00	0,00	0,00	0,00	0,00	0,00
11.09.2025 08:53:37	0,03	0,01	0,01	0,01	0,01	0,00	0,00	0,02	0,00	0,02	0,06	0,07	0,00	0,00	0,30	0,00	0,00	0,46	1,60	1,67	0,00	0,00	13,92	12,52	0,00	0,00	0,00	0,00	0,00	0,00	0,00
11.09.2025 08:53:43	0,02	0,01	0,02	0,01	0,01	0,00	0,01	0,01	0,00	0,00	0,00	0,00	0,00	0,00	0,40	0,00	0,00	0,00	0,00	0,00	0,00	4,50	0,00	0,00	0,00	0,00	0,00	0,00	0,00	0,00	0,00
11.09.2025 08:53:49	0,02	0,02	0,02	0,02	0,00	0,00	0,00	0,00	0,00	0,02	0,03	0,00	0,00	0,00	0,50	0,73	0,00	0,00	0,00	0,00	0,00	4,50	0,00	0,00	0,00	0,00	0,00	0,00	0,00	0,00	0,00
11.09.2025 08:53:55	0,02	0,02	0,01	0,01	0,01	0,00	0,00	0,00	0,01	0,02	0,00	0,00	0,00	0,00	0,20	0,37	0,00	0,00	0,00	1,67	0,00	0,00	0,00	0,00	0,00	0,00	0,00	0,00	0,00	0,00	0,00
11.09.2025 08:54:01	0,01	0,01	0,01	0,01	0,00	0,01	0,01	0,00	0,00	0,00	0,00	0,00	0,00	0,00	0,00	0,00	0,30	0,46	0,80	0,00	6,03	0,00	0,00	0,00	0,00	0,00	0,00	0,00	0,00	0,00	0,00
11.09.2025 08:54:07	0,02	0,01	0,01	0,01	0,01	0,00	0,00	0,00	0,00	0,00	0,03	0,00	0,00	0,00	0,40	0,00	0,00	0,00	0,00	0,00	0,00	0,00	0,00	0,00	22,87	0,00	0,00	0,00	0,00	0,00	0,00
11.09.2025 08:54:13	0,02	0,01	0,02	0,01	0,01	0,00	0,01	0,00	0,00	0,07	0,00	0,00	0,00	0,00	0,30	0,73	0,60	0,00	0,80	0,00	0,00	0,00	0,00	0,00	0,00	0,00	0,00	0,00	0,00	0,00	0,00
11.09.2025 08:54:19	0,02	0,01	0,01	0,01	0,00	0,00	0,02	0,01	0,00	0,00	0,00	0,00	0,00	0,26	0,00	0,00	0,00	0,00	0,00	0,00	0,00	0,00	0,00	0,00	0,00	0,00	0,00	0,00	0,00	0,00	0,00
11.09.2025 08:54:25	0,01	0,01	0,01	0,02	0,00	0,00	0,01	0,01	0,03	0,06	0,03	0,07	0,00	0,00	0,10	0,37	0,60	0,00	0,00	0,00	0,00	0,00	0,00	0,00	0,00	0,00	0,00	0,00	0,00	0,00	0,00
11.09.2025 08:54:31	0,01	0,02	0,01	0,01	0,01	0,00	0,01	0,01	0,01	0,00	0,00	0,00	0,00	0,00	0,30	0,73	0,00	0,46	0,80	0,00	0,00	0,00	0,00	12,52	0,00	0,00	0,00	0,00	0,00	0,00	0,00
11.09.2025 08:54:37	0,02	0,01	0,02	0,00	0,00	0,00	0,00	0,01	0,03	0,02	0,00	0,00	0,00	0,51	0,20	0,55	0,00	0,00	0,00	0,00	0,00	0,00	0,00	0,00	0,00	0,00	0,00	0,00	0,00	0,00	0,00
11.09.2025 08:54:43	0,01	0,01	0,01	0,00	0,00	0,00	0,00	0,00	0,00	0,00	0,00	0,00	0,00	0,00	0,00	0,00	0,00	0,00	0,00	0,00	0,00	0,00	0,00	0,00	0,00	0,00	0,00	0,00	0,00	0,00	0,00
11.09.2025 08:54:49	0,01	0,01	0,01	0,02	0,00	0,00	0,00	0,01	0,00	0,00	0,03	0,00	0,00	0,00	0,00	0,00	0,00	0,00	0,00	0,00	0,00	0,00	0,00	0,00	0,00	0,00	0,00	0,00	0,00	0,00	0,00
11.09.2025 08:54:55	0,01	0,01	0,01	0,00	0,00	0,00	0,01	0,00	0,00	0,02	0,00	0,00	0,00	0,00	0,00	0,00	0,00	0,00	0,00	0,00	0,00	0,00	0,00	0,00	0,00	0,00	0,00	0,00	0,00	0,00	0,00
11.09.2025 08:55:01	0,02	0,01	0,01	0,00	0,01	0,00	0,00	0,01	0,00	0,02	0,00	0,00	0,00	0,00	0,10	0,37	0,00	0,00	0,80	0,00	3,02	0,00	0,00	0,00	0,00	0,00	0,00	0,00	0,00	0,00	0,00
11.09.2025 08:55:07	0,01	0,01	0,00	0,00	0,01	0,00	0,00	0,00	0,00	0,00	0,00	0,00	0,00	0,00	0,00	0,00	0,00	0,00	0,00	0,00	0,00	0,00	0,00	0,00	0,00	0,00	0,00	0,00	0,00	0,00	0,00
11.09.2025 08:55:13	0,01	0,01	0,01	0,01	0,00	0,00	0,00	0,00	0,00	0,00	0,00	0,00	0,00	0,00	0,40	0,00	0,00	0,00	0,00	0,00	0,00	4,50	0,00	0,00	0,00	0,00	0,00	0,00	0,00	0,00	0,00
11.09.2025 08:55:19	0,01	0,00	0,01	0,00	0,00	0,00	0,00	0,01	0,00	0,00	0,00	0,00	0,00	0,26	0,00	0,00	0,00	0,00	0,00	0,00	0,00	0,00	0,00	0,00	0,00	0,00	0,00	0,00	0,00	0,00	0,00
11.09.2025 08:55:25	0,01	0,01	0,01	0,01	0,00	0,00	0,00	0,00	0,00	0,00	0,00	0,00	0,00	0,00	0,00	0,00	0,00	0,00	0,00	0,00	0,00	0,00	0,00	0,00	0,00	0,00	0,00	0,00	0,00	0,00	0,00
11.09.2025 08:55:31	0,01	0,00	0,01	0,00	0,00	0,00	0,01	0,00	0,00	0,00	0,03	0,00	0,00	0,00	0,10	0,18	0,00	0,00	0,80	1,67	3,02	0,00	0,00	0,00	0,00	0,00	0,00	0,00	0,00	0,00	0,00
11.09.2025 08:55:37	0,01	0,01	0,01	0,01	0,00	0,00	0,00	0,00	0,00	0,00	0,00	0,00	0,00	0,00	0,00	0,00	0,00	0,00	0,00	0,00	0,00	0,00	0,00	0,00	0,00	0,00	0,00	0,00	0,00	0,00	0,00
11.09.2025 08:55:43	0,01	0,01	0,01	0,01	0,00	0,00	0,00	0,00	0,00	0,00	0,00	0,00	0,00	0,00	0,00	0,00	0,00	0,00	0,00	0,00	0,00	0,00	0,00	0,00	0,00	0,00	0,00	0,00	0,00	0,00	0,00
11.09.2025 08:55:49	0,01	0,01	0,01	0,00	0,00	0,00	0,01	0,00	0,00	0,00	0,00	0,00	0,00	0,00	0,00	0,00	0,00	0,00	0,00	0,00	0,00	0,00	0,00	0,00	0,00	0,00	0,00	0,00	0,00	0,00	0,00
11.09.2025 08:55:55	0,01	0,01	0,01	0,01	0,00	0,00	0,00	0,00	0,00	0,00	0,00	0,00	0,00	0,00	0,00	0,00	0,00	0,00	0,00	0,00	0,00	0,00	0,00	0,00	0,00	0,00	0,00	0,00	0,00	0,00	0,00
11.09.2025 08:56:01	0,01	0,01	0,01	0,00	0,00	0,00	0,00	0,00	0,00	0,00	0,00	0,00	0,00	0,00	0,00	0,00	0,00	0,00	0,00	0,00	0,00	0,00	0,00	0,00	0,00	0,00	0,00	0,00	0,00	0,00	0,00
11.09.2025 08:56:07	0,01	0,01	0,00	0,01	0,01	0,00	0,01	0,00	0,00	0,02	0,00	0,00	0,00	0,00	0,00	0,00	0,00	0,00	0,00	0,00	0,00	0,00	0,00	0,00	0,00	0,00	0,00	0,00	0,00	0,00	0,00
11.09.2025 08:56:13	0,01	0,00	0,00	0,00	0,00	0,00	0,00	0,00	0,00	0,00	0,00	0,07	0,00	0,00	0,00	0,00	0,00	0,00	0,00	0,00	0,00	0,00	0,00	0,00	0,00	0,00	0,00	0,00	0,00	0,00	0,00
11.09.2025 08:56:19	0,01	0,01	0,00	0,00	0,01	0,00	0,00	0,00	0,00	0,00	0,00	0,00	0,00	0,00	0,00	0,00	0,00	0,00	0,00	0,00	0,00	0,00	0,00	0,00	0,00	0,00	0,00	0,00	0,00	0,00	0,00
11.09.2025 08:56:25	0,01	0,00	0,00	0,00	0,00	0,00	0,00	0,00	0,00	0,00	0,00	0,00	0,00	0,00	0,50	0,00	0,00	0,00	0,00	0,00	0,00	0,00	0,00	0,00	0,00	0,00	0,00	0,00	0,00	0,00	0,00
11.09.2025 08:56:31	0,01	0,01	0,00	0,00	0,00	0,00	0,01	0,01	0,00	0,00	0,00	0,07	0,00	0,00	0,00	0,00	0,00	0,00	0,00	0,00	0,00	0,00	0,00	0,00	0,00	0,00	0,00	0,00	0,00	0,00	0,00
11.09.2025 08:56:37	0,01	0,00	0,01	0,00	0,00	0,00	0,00	0,00	0,00	0,00	0,00	0,00	0,00	0,00	0,00	0,00	0,00	0,00	0,00	0,00	0,00	0,00	0,00	0,00	0,00	0,00	0,00	0,00	0,00	0,00	0,00
11.09.2025 08:56:43	0,01	0,01	0,01	0,01	0,00	0,00	0,01	0,01	0,00	0,00	0,00	0,00	0,00	0,00	0,00	0,00	0,00	0,00	0,00	0,00	0,00	0,00	0,00	0,00	0,00	0,00	0,00	0,00	0,00	0,00	0,00
11.09.2025 08:56:49	0,01	0,01	0,01	0,00	0,00	0,00	0,00	0,01	0,00	0,00	0,03	0,00	0,00	0,00	0,00	0,00	0,00	0,00	0,00	0,00	0,00	0,00	0,00	0,00	0,00	0,00	0,00	0,00	0,00	0,00	0,00
11.09.2025 08:56:55	0,01	0,01	0,00	0,01	0,00	0,00	0,01	0,00	0,00	0,00	0,03	0,00	0,00	0,00	0,30	0,37	0,00	0,00	0,00	0,00	0,00	0,00	0,00	0,00	0,00	0,00	0,00	0,00	0,00	0,00	0,00
11.09.2025 08:57:01	0,01	0,00	0,01	0,00	0,00	0,00	0,01	0,00	0,00	0,00	0,00	0,00	0,00	0,00	0,00	0,00	0,00	0,00	0,00	0,00	0,00	0,00	0,00	0,00	0,00	0,00	0,00	0,00	0,00	0,00	0,00
11.09.2025 08:57:07	0,01	0,01	0,01	0,01	0,00	0,00	0,00	0,01	0,00	0,00	0,00	0,00	0,00	0,00	0,00	0,00	0,00	0,00	0,00	0,00	0,00	0,00	0,00	0,00	0,00	0,00	0,00	0,00	0,00	0,00	0,00
11.09.2025 08:57:13	0,01	0,00	0,00	0,01	0,00	0,00	0,00	0,00	0,00	0,00	0,00	0,00	0,00	0,00	0,00	0,00	0,00	0,00	0,00	0,00	0,00	0,00	0,00	0,00	0,00	0,00	0,00	0,00	0,00	0,00	0,00
11.09.2025 08:57:19	0,00	0,00	0,00	0,00	0,00	0,00	0,00	0,00	0,00	0,00	0,00	0,00	0,00	0,00	0,00	0,00	0,00	0,00	0,00	0,00	0,00	0,00	0,00	0,00	0,00	0,00	0,00	0,00	0,00	0,00	0,00
11.09.2025 08:57:25	0,01	0,01	0,00	0,01	0,00	0,00	0,00	0,00	0,00	0,00	0,00	0,00	0,00	0,00	0,00	0,00	0,00	0,00	0,00	0,00	0,00	0,00	0,00	0,00	0,00	0,00	0,00	0,00	0,00	0,00	0,00
11.09.2025 08:57:31	0,01	0,00	0,00	0,01	0,00	0,00	0,00	0,00	0,00	0,00	0,00	0,00	0,13	0,26	0,00	0,00	0,00	0,00	0,00	0,00	0,00	0,00	0,00	0,00	0,00	0,00	0,00	0,00	0,00	0,00	0,00
11.09.2025 08:57:37	0,01	0,01	0,00	0,00	0,00	0,00	0,00	0,00	0,00	0,00	0,00	0,07	0,00	0,00	0,00	0,00	0,00	0,00	0,00	0,00	0,00	0,00	0,00	0,00	0,00	0,00	0,00	0,00	0,00	0,00	0,00
11.09.2025 08:57:43	0,00	0,00	0,01	0,00	0,00	0,00	0,00	0,00	0,00	0,00	0,00	0,00	0,13	0,00	0,00	0,00	0,00	0,00	0,00	0,00	0,00	0,00	0,00	0,00	0,00	0,00	0,00	0,00	0,00	0,00	0,00
11.09.2025 08:57:49	0,01	0,00	0,00	0,01	0,00	0,00	0,00	0,00	0,00	0,00	0,00	0,00	0,00	0,00	0,00	0,00	0,00	0,00	0,00	0,00	0,00	0,00	0,00	0,00	0,00	0,00	0,00	0,00	0,00	0,00	0,00
11.09.2025 08:57:55	0,01	0,00	0,00	0,00	0,00	0,01	0,00	0,00	0,00	0,00	0,00	0,00	0,00	0,00	0,00	0,00	0,00	0,00	0,00	0,00	0,00	0,00	0,00	0,00	0,00	0,00	0,00	0,00	0,00	0,00	0,00
11.09.2025 08:58:01	0,00	0,00	0,00	0,00	0,00	0,00	0,00	0,00	0,00	0,00	0,00	0,00	0,00	0,00	0,30	0,37	0,00	0,00	0,00	0,00	0,00	0,00	0,00	0,00	0,00	0,00	0,00	0,00	0,00	0,00	0,00
11.09.2025 08:58:07	0,01	0,00	0,01	0,00	0,00	0,00	0,00	0,00	0,00	0,00	0,00	0,00	0,00	0,00	0,00	0,00	0,00	0,00	0,00	0,00	0,00	0,00	0,00	0,00	0,00	0,00	0,00	0,00	0,00	0,00	0,00
11.09.2025 08:58:13	0,00	0,00	0,00	0,00	0,00	0,00	0,00	0,01	0,00	0,00	0,00	0,00	0,00	0,00	0,00	0,00	0,00	0,00	0,00	0,00	0,00	0,00	0,00	0,00	0,00	0,00	0,00	0,00	0,00	0,00	0,00
11.09.2025 08:58:19	0,01	0,01	0,00	0,00	0,00	0,00	0,01	0,01	0,00	0,00	0,00	0,00	0,00	0,00	0,00	0,00	0,00	0,00	0,00	0,00	0,00	0,00	0,00	0,00	0,00	0,00	0,00	0,00	0,00	0,00	0,00
11.09.2025 08:58:25	0,01	0,01	0,00	0,00	0,00	0,00	0,00	0,00	0,00	0,00	0,00	0,00	0,13	0,00	0,00	0,00	0,00	0,00	0,00	0,00	0,00	0,00	0,00	0,00	0,00	0,00	0,00	0,00	0,00	0,00	0,00
11.09.2025 08:58:31	0,00	0,00	0,00	0,00	0,00	0,00	0,01	0,00	0,00	0,00	0,00	0,00	0,00	0,00	0,00	0,00	0,00	0,00	0,00	0,00	0,00	0,00	0,00	0,00	0,00	0,00	0,00	0,00	0,00	0,00	0,00
11.09.2025 08:58:37	0,01	0,01	0,00	0,00	0,00	0,00	0,00	0,00	0,00	0,00	0,00	0,00	0,00	0,00	0,00	0,00	0,00	0,00	0,00	0,00	0,00	0,00	0,00	0,00	0,00	0,00	0,00	0,00	0,00	0,00	0,00
11.09.2025 08:58:43	0,00	0,00	0,00	0,00	0,00	0,00	0,01	0,00	0,00	0,00	0,03	0,00	0,00	0,00	0,00	0,00	0,00	0,00	0,00	0,00	0,00	0,00	0,00	0,00	0,00	0,00	0,00	0,00	0,00	0,00	0,00
11.09.2025 08:58:49	0,00	0,00	0,00	0,00	0,00	0,00	0,00	0,00	0,01	0,00	0,00	0,00	0,00	0,00	0,00	0,00	0,00	0,00	0,00	0,00	0,00	0,00	0,00	0,00	0,00	0,00	0,00	0,00	0,00	0,00	0,00
11.09.2025 08:58:55	0,01	0,00	0,00	0,00	0,00	0,00	0,00	0,00	0,00	0,00	0,00	0,00	0,00	0,00	0,00	0,00	0,00	0,00	0,00	0,00	0,00	0,00	0,00	0,00	0,00	0,00	0,00	0,00	0,00	0,00	0,00
11.09.2025 08:59:01	0,00	0,00	0,00	0,00	0,00	0,00	0,00	0,00	0,00	0,00	0,00	0,00	0,00	0,00	0,00	0,00	0,00	0,00	0,00	0,00	0,00	0,00	0,00	0,00	0,00	0,00	0,00	0,00	0,00	0,00	0,00
11.09.2025 08:59:07	0,00	0,00	0,00	0,00	0,00	0,00	0,00	0,00	0,00	0,00	0,00	0,00	0,00	0,00	0,00	0,00	0,00	0,00	0,00	0,00	0,00	0,00	0,00	0,00	0,00	0,00	0,00	0,00	0,00	0,00	0,00
11.09.2025 08:59:13	0,00	0,00	0,00	0,00	0,01	0,00	0,00	0,02	0,00	0,00	0,00	0,00	0,00	0,00	0,00	0,00	0,00	0,00	0,00	0,00	0,00	0,00	0,00	0,00	0,00	0,00	0,00	0,00	0,00	0,00	0,00
11.09.2025 08:59:19	0,01	0,01	0,01	0,00	0,01	0,00	0,00	0,00	0,00	0,00	0,00	0,00	0,00	0,00	0,00	0,00	0,00	0,00	0,00	0,00	0,00	0,00	0,00	0,00	0,00	0,00	0,00	0,00	0,00	0,00	0,00
11.09.2025 08:59:25	0,00	0,00	0,01	0,00	0,00	0,00	0,00	0,01	0,00	0,00	0,00	0,13	0,00	0,00	0,00	0,00	0,00	0,00	0,00	0,00	0,00	0,00	0,00	0,00	0,00	0,00	0,00	0,00	0,00	0,00	0,00
11.09.2025 08:59:31	0,00	0,01	0,00	0,00	0,00	0,00	0,00	0,00	0,00	0,00	0,00	0,00	0,00	0,00	0,00	0,00	0,00	0,00	0,00	0,00	0,00	0,00	0,00	0,00	0,00	0,00	0,00	0,00	0,00	0,00	0,00
11.09.2025 08:59:37	0,00	0,00	0,00	0,01	0,00	0,00	0,01	0,00	0,00	0,00	0,00	0,00	0,00	0,00	0,00	0,00	0,00	0,00	0,00	0,00	0,00	0,00	0,00	0,00	0,00	0,00	0,00	0,00	0,00	0,00	0,00
11.09.2025 08:59:43	0,01	0,00	0,01	0,01	0,00	0,00	0,01	0,00	0,00	0,00	0,00	0,00	0,00	0,00	0,00	0,00	0,00	0,00	0,00	0,00	0,00	0,00	0,00	0,00	0,00	0,00	0,00	0,00	0,00	0,00	0,00
11.09.2025 08:59:49	0,01	0,01	0,01	0,01	0,00	0,00	0,00	0,00	0,00	0,00	0,00	0,00	0,00	0,00	0,30	0,37	0,00	0,00	0,00	0,00	0,00	0,00	0,00	0,00	0,00	0,00	0,00	0,00	0,00	0,00	0,00
11.09.2025 08:59:55	0,00	0,00	0,01	0,00	0,00	0,00	0,00	0,00	0,00	0,00	0,00	0,07	0,00	0,00	0,00	0,00	0,00	0,00	0,00	0,00	0,00	0,00	0,00	0,00	0,00	0,00	0,00	0,00	0,00	0,00	0,00
11.09.2025 09:00:01	0,01	0,00	0,00	0,00	0,00	0,00	0,01	0,00	0,00	0,00	0,00	0,00	0,00	0,00	0,00	0,00	0,00	0,00	0,00	0,00	0,00	0,00	0,00	0,00	0,00	0,00	0,00	0,00	0,00	0,00	0,00
11.09.2025 09:00:07	0,00	0,01	0,00	0,00	0,00	0,00	0,01	0,00	0,00	0,00	0,03	0,00	0,00	0,00	0,00	0,00	0,00	0,00	0,00	0,00	0,00	0,00	0,00	0,00	0,00	0,00	0,00	0,00	0,00	0,00	0,00
11.09.2025 09:00:13	0,01	0,00	0,00	0,00	0,00	0,00	0,00	0,01	0,00	0,00	0,00	0,00	0,13	0,26	0,00	0,00	0,00	0,00	0,00	0,00	0,00	0,00	0,00	0,00	0,00	0,00	0,00	0,00	0,00	0,00	0,00
11.09.2025 09:00:19	0,01	0,01	0,01	0,00	0,00	0,00	0,00	0,00	0,00	0,00	0,00	0,00	0,00	0,00	0,00	0,00	0,00	0,00	0,00	0,00	0,00	0,00	0,00	0,00	0,00	0,00	0,00	0,00	0,00	0,00	0,00
11.09.2025 09:00:25	0,01	0,01	0,00	0,01	0,00	0,00	0,00	0,00	0,00	0,00	0,00	0,00	0,00	0,00	0,00	0,00	0,00	0,00	0,00	0,00	0,00	0,00	0,00	0,00	0,00	0,00	0,00	0,00	0,00	0,00	0,00
11.09.2025 09:00:31	0,01	0,00	0,00	0,01	0,00	0,00	0,01	0,00	0,00	0,00	0,00	0,00	0,00	0,26	0,00	0,00	0,00	0,00	0,00	0,00	0,00	0,00	0,00	0,00	0,00	0,00	0,00	0,00	0,00	0,00	0,00
11.09.2025 09:00:37	0,01	0,01	0,01	0,00	0,01	0,00	0,00	0,00	0,00	0,00	0,00	0,00	0,00	0,00	0,00	0,00	0,00	0,00	0,00	0,00	0,00	0,00	0,00	0,00	0,00	0,00	0,00	0,00	0,00	0,00	0,00
11.09.2025 09:00:43	0,01	0,01	0,00	0,00	0,00	0,00	0,00	0,00	0,00	0,00	0,00	0,00	0,00	0,00	0,00	0,00	0,00	0,00	0,00	0,00	0,00	0,00	0,00	0,00	0,00	0,00	0,00	0,00	0,00	0,00	0,00
11.09.2025 09:00:49	0,00	0,00	0,00	0,01	0,00	0,00	0,01	0,00	0,00	0,00	0,00	0,00	0,00	0,00	0,30	0,37	0,00	0,00	0,00	0,00	0,00	0,00	0,00	0,00	0,00	0,00	0,00	0,00	0,00	0,00	0,00
11.09.2025 09:00:55	0,01	0,00	0,00	0,00	0,00	0,00	0,00	0,00	0,00	0,00	0,00	0,00	0,00	0,00	0,00	0,00	0,00	0,00	0,00	0,00	0,00	0,00	0,00	0,00	0,00	0,00	0,00	0,00	0,00	0,00	0,00
11.09.2025 09:01:01	0,01	0,00	0,01	0,01	0,00	0,00	0,00	0,00	0,00	0,00	0,00	0,00	0,00	0,00	0,00	0,00	0,00	0,00	0,00	0,00	0,00	0,00	0,00	0,00	0,00	0,00	0,00	0,00	0,00	0,00	0,00
11.09.2025 09:01:07	0,01	0,01	0,00	0,01	0,00	0,00	0,00	0,00	0,00	0,00	0,00	0,07	0,00	0,00	0,00	0,00	0,00	0,00	0,00	0,00	0,00	0,00	0,00	0,00	0,00	0,00	0,00	0,00	0,00	0,00	0,00
11.09.2025 09:01:13	0,00	0,01	0,01	0,00	0,01	0,00	0,00	0,00	0,00	0,00	0,00	0,00	0,00	0,00	0,00	0,00	0,00	0,00	0,00	0,00	0,00	0,00	0,00	0,00	0,00	0,00	0,00	0,00	0,00	0,00	0,00
11.09.2025 09:01:19	0,00	0,00	0,01	0,00	0,00	0,00	0,00	0,01	0,00	0,00	0,00	0,00	0,13	0,00	0,00	0,00	0,00	0,00	0,00	0,00	0,00	0,00	0,00	0,00	0,00	0,00	0,00	0,00	0,00	0,00	0,00
11.09.2025 09:01:25	0,01	0,01	0,00	0,00	0,00	0,00	0,00	0,01	0,00	0,04	0,00	0,00	0,00	0,00	0,00	0,00	0,00	0,00	0,00	0,00	0,00	0,00	0,00	0,00	0,00	0,00	0,00	0,00	0,00	0,00	0,00
11.09.2025 09:01:31	0,01	0,00	0,01	0,01	0,00	0,00	0,00	0,01	0,01	0,00	0,03	0,00	0,13	0,00	0,00	0,00	0,00	0,00	0,00	0,00	0,00	0,00	0,00	0,00	0,00	0,00	0,00	0,00	0,00	0,00	0,00
11.09.2025 09:01:37	0,01	0,00	0,00	0,01	0,00	0,00	0,00	0,00	0,00	0,00	0,00	0,00	0,00	0,00	0,50	0,00	0,00	0,00	0,00	0,00	0,00	0,00	0,00	0,00	0,00	0,00	0,00	0,00	0,00	0,00	0,00
11.09.2025 09:01:43	0,01	0,01	0,00	0,00	0,00	0,00	0,00	0,02	0,00	0,00	0,03	0,00	0,00	0,00	0,00	0,00	0,00	0,00	0,00	0,00	0,00	0,00	0,00	0,00	0,00	0,00	0,00	0,00	0,00	0,00	0,00
11.09.2025 09:01:49	0,00	0,00	0,01	0,00	0,00	0,00	0,01	0,00	0,00	0,00	0,00	0,00	0,00	0,00	0,00	0,00	0,00	0,00	0,00	0,00	0,00	0,00	0,00	0,00	0,00	0,00	0,00	0,00	0,00	0,00	0,00
11.09.2025 09:01:55	0,00	0,01	0,00	0,01	0,00	0,00	0,00	0,00	0,00	0,02	0,00	0,00	0,00	0,00	0,00	0,00	0,00	0,00	0,00	0,00	0,00	0,00	0,00	0,00	0,00	0,00	0,00	0,00	0,00	0,00	0,00
11.09.2025 09:02:01	0,01	0,00	0,01	0,00	0,00	0,00	0,00	0,00	0,00	0,02	0,00	0,00	0,00	0,00	0,00	0,00	0,00	0,00	0,00	0,00	0,00	0,00	0,00	0,00	0,00	0,00	0,00	0,00	0,00	0,00	0,00
11.09.2025 09:02:07	0,01	0,00	0,01	0,00	0,00	0,00	0,00	0,01	0,00	0,00	0,00	0,00	0,00	0,00	0,00	0,00	0,00	0,00	0,00	0,00	0,00	0,00	0,00	0,00	0,00	0,00	0,00	0,00	0,00	0,00	0,00
11.09.2025 09:02:13	0,01	0,00	0,01	0,01	0,00	0,00	0,00	0,00	0,00	0,00	0,00	0,00	0,00	0,00	0,00	0,00	0,00	0,00	0,00	0,00	0,00	0,00	0,00	0,00	0,00	0,00	0,00	0,00	0,00	0,00	0,00
11.09.2025 09:02:19	0,01	0,00	0,01	0,01	0,00	0,00	0,01	0,00	0,01	0,00	0,00	0,00	0,00	0,00	0,00	0,00	0,00	0,00	0,00	0,00	0,00	0,00	0,00	0,00	0,00	0,00	0,00	0,00	0,00	0,00	0,00
11.09.2025 09:02:25	0,01	0,01	0,00	0,01	0,00	0,00	0,01	0,00	0,00	0,00	0,00	0,00	0,00	0,00	0,00	0,00	0,00	0,00	0,00	0,00	0,00	0,00	0,00	0,00	0,00	0,00	0,00	0,00	0,00	0,00	0,00
11.09.2025 09:02:31	0,01	0,01	0,00	0,01	0,00	0,00	0,00	0,00	0,00	0,00	0,00	0,00	0,00	0,00	0,00	0,00	0,00	0,00	0,00	0,00	0,00	0,00	0,00	0,00	0,00	0,00	0,00	0,00	0,00	0,00	0,00
11.09.2025 09:02:37	0,00	0,00	0,00	0,00	0,00	0,00	0,00	0,00	0,00	0,00	0,00	0,00	0,00	0,00	0,00	0,00	0,00	0,00	0,00	0,00	0,00	0,00	0,00	0,00	0,00	0,00	0,00	0,00	0,00	0,00	0,00
11.09.2025 09:02:43	0,01	0,00	0,00	0,00	0,01	0,00	0,00	0,01	0,00	0,04	0,00	0,00	0,00	0,00	0,00	0,00	0,00	0,00	0,00	0,00	0,00	0,00	0,00	0,00	0,00	0,00	0,00	0,00	0,00	0,00	0,00
11.09.2025 09:02:49	0,00	0,01	0,00	0,01	0,00	0,00	0,00	0,01	0,01	0,02	0,00	0,00	0,00	0,00	0,00	0,00	0,00	0,00	0,00	0,00	0,00	0,00	0,00	0,00	0,00	0,00	0,00	0,00	0,00	0,00	0,00
11.09.2025 09:02:55	0,01	0,00	0,00	0,01	0,00	0,00	0,00	0,01	0,00	0,00	0,00	0,00	0,00	0,00	0,00	0,00	0,00	0,00	0,00	0,00	0,00	0,00	0,00	0,00	0,00	0,00	0,00	0,00	0,00	0,00	0,00
11.09.2025 09:03:01	0,01	0,01	0,01	0,01	0,00	0,00	0,00	0,00	0,00	0,00	0,00	0,00	0,00	0,00	0,00	0,00	0,00	0,00	0,00	0,00	0,00	0,00	0,00	0,00	0,00	0,00	0,00	0,00	0,00	0,00	0,00
11.09.2025 09:03:07	0,01	0,01	0,00	0,00	0,01	0,00	0,01	0,00	0,00	0,02	0,00	0,00	0,00	0,00	0,00	0,00	0,00	0,00	0,00	0,00	0,00	0,00	0,00	0,00	0,00	0,00	0,00	0,00	0,00	0,00	0,00
11.09.2025 09:03:13	0,01	0,00	0,01	0,01	0,00	0,00	0,00	0,00	0,00	0,00	0,00	0,07	0,00	0,00	0,00	0,00	0,00	0,00	0,00	0,00	0,00	0,00	0,00	0,00	0,00	0,00	0,00	0,00	0,00	0,00	0,00
11.09.2025 09:03:19	0,00	0,01	0,00	0,01	0,01	0,00	0,00	0,00	0,00	0,00	0,00	0,07	0,00	0,00	0,00	0,00	0,00	0,00	0,00	0,00	0,00	0,00	0,00	0,00	0,00	0,00	0,00	0,00	0,00	0,00	0,00
11.09.2025 09:03:25	0,01	0,01	0,00	0,01	0,00	0,00	0,00	0,00	0,00	0,00	0,00	0,00	0,00	0,00	0,00	0,00	0,00	0,00	0,00	0,00	0,00	0,00	0,00	0,00	0,00	0,00	0,00	0,00	0,00	0,00	0,00
11.09.2025 09:03:31	0,02	0,01	0,01	0,01	0,00	0,00	0,01	0,00	0,00	0,00	0,00	0,00	0,00	0,00	0,00	0,00	0,00	0,00	0,00	0,00	0,00	0,00	0,00	0,00	0,00	0,00	0,00	0,00	0,00	0,00	0,00
11.09.2025 09:03:37	0,03	0,02	0,01	0,02	0,01	0,00	0,00	0,01	0,00	0,00	0,00	0,07	0,00	0,00	0,00	0,00	0,00	0,00	0,00	0,00	0,00	0,00	0,00	0,00	0,00	0,00	0,00	0,00	0,00	0,00	0,00
11.09.2025 09:03:43	0,03	0,03	0,03	0,02	0,01	0,00	0,00	0,01	0,00	0,00	0,00	0,00	0,00	0,00	0,10	0,18	0,00	0,46	0,80	1,67	0,00	0,00	0,00	0,00	0,00	0,00	0,00	0,00	0,00	0,00	0,00
11.09.2025 09:03:49	0,04	0,03	0,03	0,02	0,00	0,01	0,02	0,02	0,04	0,00	0,00	0,07	0,00	0,00	0,90	0,00	0,00	0,00	0,80	0,00	0,00	0,00	0,00	0,00	0,00	0,00	0,00	0,00	0,00	0,00	0,00
11.09.2025 09:03:55	0,03	0,03	0,03	0,02	0,02	0,01	0,00	0,02	0,04	0,06	0,00	0,00	0,00	0,00	0,60	0,37	0,30	0,00	0,80	1,67	0,00	13,51	6,96	0,00	0,00	0,00	0,00	0,00	0,00	0,00	0,00
11.09.2025 09:04:01	0,04	0,02	0,02	0,02	0,02	0,01	0,01	0,05	0,01	0,04	0,03	0,00	0,00	0,00	0,70	1,10	0,91	0,00	0,00	0,00	3,02	0,00	6,96	12,52	0,00	0,00	0,00	100,20	0,00	0,00	0,00
11.09.2025 09:04:07	0,07	0,06	0,08	0,06	0,02	0,01	0,04	0,04	0,01	0,09	0,00	0,07	0,00	0,26	0,50	0,18	0,60	1,39	1,60	0,00	0,00	0,00	6,96	12,52	0,00	0,00	0,00	0,00	0,00	0,00	0,00
11.09.2025 09:04:13	0,10	0,07	0,07	0,06	0,02	0,03	0,02	0,03	0,00	0,00	0,00	0,20	0,13	0,26	0,30	0,00	0,30	0,93	0,80	0,00	3,02	0,00	6,96	0,00	0,00	37,75	0,00	0,00	0,00	0,00	0,00
11.09.2025 09:04:19	0,07	0,06	0,07	0,06	0,02	0,02	0,01	0,00	0,00	0,06	0,03	0,07	0,13	0,00	0,60	0,37	0,30	0,00	0,80	3,34	0,00	0,00	13,92	0,00	0,00	37,75	0,00	0,00	0,00	0,00	0,00
11.09.2025 09:04:25	0,04	0,05	0,04	0,04	0,03	0,00	0,04	0,05	0,03	0,02	0,03	0,07	0,00	0,26	0,50	0,00	0,60	1,86	0,80	1,67	0,00	0,00	6,96	12,52	0,00	0,00	0,00	0,00	0,00	0,00	0,00
11.09.2025 09:04:31	0,05	0,04	0,05	0,05	0,03	0,03	0,04	0,02	0,00	0,04	0,03	0,20	0,13	0,00	0,00	0,00	0,00	0,93	0,80	0,00	0,00	0,00	6,96	0,00	22,87	0,00	0,00	0,00	0,00	0,00	0,00
11.09.2025 09:04:37	0,05	0,03	0,03	0,04	0,03	0,01	0,01	0,03	0,01	0,00	0,06	0,00	0,40	0,51	0,40	0,00	0,30	0,46	2,40	0,00	0,00	4,50	0,00	0,00	0,00	0,00	0,00	0,00	0,00	0,00	0,00
11.09.2025 09:04:43	0,04	0,05	0,04	0,05	0,02	0,01	0,01	0,00	0,01	0,07	0,00	0,00	0,27	0,51	0,40	0,55	0,30	0,00	0,00	0,00	0,00	0,00	6,96	0,00	22,87	0,00	0,00	0,00	0,00	0,00	0,00
11.09.2025 09:04:49	0,04	0,04	0,04	0,04	0,02	0,01	0,03	0,02	0,03	0,00	0,03	0,00	0,13	0,00	0,00	0,00	0,30	0,93	0,00	3,34	6,03	0,00	6,96	12,52	0,00	0,00	0,00	100,20	0,00	0,00	0,00
11.09.2025 09:04:55	0,04	0,04	0,03	0,04	0,01	0,02	0,03	0,01	0,00	0,00	0,00	0,13	0,13	0,00	0,00	0,00	0,00	0,46	0,80	1,67	3,02	0,00	6,96	0,00	0,00	0,00	0,00	0,00	0,00	0,00	0,00
11.09.2025 09:05:01	0,04	0,04	0,03	0,03	0,02	0,02	0,00	0,02	0,00	0,06	0,06	0,00	0,13	0,51	0,10	0,18	0,00	0,00	0,80	0,00	0,00	4,50	0,00	12,52	0,00	0,00	0,00	0,00	0,00	0,00	0,00
11.09.2025 09:05:07	0,03	0,03	0,03	0,04	0,00	0,01	0,01	0,01	0,00	0,04	0,00	0,00	0,00	0,51	0,00	0,00	0,00	0,00	0,00	0,00	0,00	0,00	0,00	0,00	0,00	0,00	0,00	0,00	0,00	0,00	0,00
11.09.2025 09:05:13	0,04	0,03	0,02	0,03	0,02	0,01	0,03	0,03	0,00	0,04	0,00	0,07	0,00	0,00	0,40	0,55	0,00	0,46	0,00	0,00	0,00	0,00	6,96	12,52	0,00	0,00	0,00	0,00	0,00	0,00	0,00
11.09.2025 09:05:19	0,03	0,03	0,04	0,03	0,01	0,01	0,02	0,01	0,01	0,06	0,00	0,07	0,13	0,00	0,70	1,10	0,00	0,00	0,00	1,67	0,00	0,00	0,00	12,52	0,00	0,00	0,00	0,00	0,00	0,00	0,00
11.09.2025 09:05:25	0,03	0,03	0,03	0,02	0,00	0,02	0,02	0,01	0,01	0,04	0,03	0,13	0,13	0,00	1,00	0,55	0,30	0,00	0,00	1,67	0,00	0,00	0,00	0,00	0,00	0,00	0,00	0,00	0,00	0,00	0,00
11.09.2025 09:05:31	0,03	0,02	0,03	0,02	0,02	0,00	0,01	0,01	0,01	0,07	0,00	0,07	0,00	0,26	0,30	0,55	0,60	0,46	0,00	1,67	0,00	0,00	0,00	0,00	0,00	0,00	0,00	0,00	0,00	0,00	0,00
11.09.2025 09:05:37	0,03	0,02	0,02	0,01	0,01	0,00	0,00	0,00	0,00	0,00	0,10	0,00	0,13	0,00	0,00	0,00	0,00	0,00	0,00	0,00	0,00	0,00	0,00	0,00	0,00	0,00	0,00	0,00	0,00	0,00	0,00
11.09.2025 09:05:43	0,02	0,02	0,02	0,03	0,01	0,00	0,01	0,01	0,00	0,02	0,06	0,20	0,00	0,00	0,30	0,00	0,30	0,00	0,00	0,00	0,00	0,00	0,00	0,00	0,00	37,75	0,00	0,00	0,00	0,00	0,00
11.09.2025 09:05:49	0,03	0,01	0,02	0,02	0,01	0,00	0,01	0,01	0,00	0,02	0,00	0,00	0,00	0,00	0,40	0,00	0,00	0,00	0,00	0,00	0,00	0,00	0,00	0,00	0,00	0,00	0,00	100,20	0,00	0,00	0,00
11.09.2025 09:05:55	0,02	0,02	0,01	0,02	0,01	0,01	0,01	0,02	0,00	0,02	0,00	0,00	0,00	0,00	0,00	0,00	0,00	0,00	0,00	0,00	0,00	0,00	0,00	0,00	0,00	0,00	0,00	0,00	0,00	0,00	0,00
11.09.2025 09:06:01	0,02	0,01	0,02	0,02	0,02	0,00	0,01	0,01	0,01	0,02	0,00	0,00	0,00	0,00	0,00	0,00	0,00	0,00	0,00	0,00	0,00	0,00	0,00	0,00	0,00	0,00	0,00	0,00	0,00	0,00	0,00
11.09.2025 09:06:07	0,02	0,02	0,01	0,01	0,01	0,00	0,01	0,03	0,03	0,02	0,03	0,00	0,00	0,00	0,40	0,73	0,00	0,46	0,00	0,00	0,00	0,00	0,00	12,52	0,00	0,00	0,00	0,00	0,00	0,00	0,00
11.09.2025 09:06:13	0,02	0,02	0,02	0,02	0,00	0,00	0,01	0,01	0,00	0,02	0,03	0,00	0,00	0,26	0,00	0,00	0,00	0,00	0,00	0,00	0,00	0,00	0,00	0,00	0,00	0,00	0,00	0,00	0,00	0,00	0,00
11.09.2025 09:06:19	0,02	0,01	0,01	0,01	0,00	0,01	0,00	0,00	0,01	0,02	0,00	0,00	0,13	0,00	0,00	0,18	0,00	0,00	1,60	0,00	0,00	4,50	0,00	12,52	0,00	0,00	0,00	0,00	0,00	0,00	0,00
11.09.2025 09:06:25	0,02	0,01	0,01	0,02	0,01	0,00	0,00	0,01	0,00	0,00	0,00	0,00	0,00	0,00	0,50	0,00	0,00	0,00	0,00	0,00	0,00	0,00	0,00	0,00	0,00	0,00	0,00	0,00	0,00	0,00	0,00
11.09.2025 09:06:31	0,02	0,02	0,01	0,01	0,01	0,01	0,01	0,00	0,03	0,00	0,03	0,00	0,00	0,26	0,30	0,37	0,00	0,00	0,00	0,00	0,00	0,00	0,00	0,00	0,00	0,00	0,00	0,00	0,00	0,00	0,00
11.09.2025 09:06:37	0,02	0,01	0,01	0,00	0,00	0,00	0,02	0,01	0,00	0,00	0,03	0,00	0,00	0,00	0,00	0,00	0,00	0,00	0,00	0,00	0,00	0,00	0,00	0,00	0,00	0,00	0,00	0,00	0,00	0,00	0,00
11.09.2025 09:06:43	0,02	0,01	0,02	0,01	0,01	0,00	0,01	0,01	0,00	0,00	0,03	0,00	0,00	0,00	0,00	0,00	0,00	0,00	0,00	0,00	0,00	0,00	0,00	0,00	0,00	0,00	0,00	0,00	0,00	0,00	0,00
11.09.2025 09:06:49	0,01	0,01	0,01	0,01	0,01	0,02	0,01	0,00	0,00	0,00	0,00	0,00	0,00	0,00	0,00	0,00	0,00	0,00	0,00	0,00	0,00	0,00	0,00	0,00	0,00	0,00	0,00	0,00	0,00	0,00	0,00
11.09.2025 09:06:55	0,02	0,01	0,01	0,01	0,00	0,00	0,01	0,01	0,00	0,00	0,00	0,00	0,00	0,00	0,00	0,00	0,00	0,00	0,00	0,00	0,00	0,00	0,00	0,00	0,00	0,00	0,00	0,00	0,00	0,00	0,00
11.09.2025 09:07:01	0,01	0,00	0,02	0,02	0,01	0,00	0,00	0,00	0,00	0,00	0,00	0,00	0,00	0,00	0,20	0,37	0,00	0,00	0,80	0,00	0,00	0,00	0,00	0,00	0,00	0,00	0,00	0,00	0,00	0,00	0,00
11.09.2025 09:07:07	0,35	0,29	0,29	0,26	0,11	0,09	0,07	0,02	0,00	0,00	0,06	0,07	0,00	0,00	0,20	0,18	0,00	0,00	0,00	0,00	0,00	4,50	0,00	0,00	22,87	0,00	0,00	0,00	0,00	0,00	0,00
11.09.2025 09:07:13	0,33	0,27	0,26	0,22	0,09	0,04	0,05	0,04	0,00	0,02	0,10	0,07	0,00	0,00	0,70	0,18	0,30	0,00	0,00	0,00	0,00	4,50	0,00	0,00	0,00	0,00	0,00	0,00	0,00	0,00	0,00
11.09.2025 09:07:19	0,33	0,28	0,27	0,23	0,11	0,05	0,03	0,02	0,00	0,06	0,03	0,07	0,00	0,26	0,00	0,00	0,00	0,00	4,01	0,00	0,00	0,00	0,00	0,00	0,00	0,00	0,00	0,00	0,00	0,00	0,00
11.09.2025 09:07:25	0,27	0,26	0,24	0,18	0,08	0,05	0,07	0,01	0,01	0,00	0,03	0,00	0,00	0,26	0,10	0,18	0,30	0,00	0,00	0,00	0,00	9,01	0,00	0,00	0,00	0,00	0,00	0,00	0,00	0,00	0,00
11.09.2025 09:07:31	0,32	0,31	0,31	0,24	0,16	0,05	0,06	0,08	0,03	0,06	0,03	0,13	0,00	0,00	0,40	1,46	0,00	0,46	0,80	1,67	0,00	0,00	0,00	0,00	0,00	0,00	0,00	0,00	0,00	0,00	0,00
11.09.2025 09:07:37	0,45	0,36	0,36	0,29	0,12	0,07	0,08	0,03	0,04	0,04	0,03	0,13	0,00	0,26	0,00	0,00	0,00	0,00	1,60	0,00	3,02	0,00	6,96	0,00	22,87	0,00	0,00	0,00	0,00	0,00	0,00
11.09.2025 09:07:43	0,35	0,30	0,32	0,26	0,11	0,07	0,09	0,11	0,01	0,07	0,03	0,07	0,13	0,26	2,71	2,38	1,51	0,93	1,60	1,67	0,00	0,00	0,00	0,00	0,00	0,00	0,00	0,00	0,00	0,00	0,00
11.09.2025 09:07:49	0,42	0,32	0,26	0,27	0,11	0,06	0,12	0,11	0,04	0,07	0,00	0,13	0,00	0,51	0,70	1,28	0,30	0,00	1,60	3,34	3,02	0,00	0,00	0,00	0,00	0,00	0,00	0,00	0,00	0,00	0,00
11.09.2025 09:07:55	0,43	0,35	0,30	0,27	0,14	0,07	0,06	0,09	0,07	0,06	0,03	0,00	0,13	0,00	0,20	0,91	0,60	0,46	4,01	3,34	0,00	0,00	6,96	0,00	45,73	0,00	0,00	0,00	0,00	0,00	0,00
11.09.2025 09:08:01	0,39	0,31	0,32	0,29	0,11	0,03	0,06	0,06	0,03	0,07	0,00	0,00	0,00	0,00	0,90	0,55	0,00	0,00	2,40	1,67	0,00	0,00	20,89	12,52	0,00	0,00	0,00	0,00	0,00	0,00	0,00
11.09.2025 09:08:07	0,41	0,36	0,32	0,24	0,14	0,08	0,13	0,05	0,00	0,07	0,00	0,07	0,27	0,51	0,40	0,00	0,00	0,46	1,60	1,67	3,02	4,50	0,00	0,00	0,00	0,00	0,00	0,00	0,00	0,00	0,00
11.09.2025 09:08:13	0,45	0,35	0,34	0,26	0,10	0,07	0,08	0,10	0,01	0,04	0,03	0,00	0,00	0,00	0,80	0,73	1,21	0,00	1,60	1,67	0,00	0,00	0,00	0,00	22,87	0,00	0,00	0,00	0,00	0,00	0,00
11.09.2025 09:08:19	0,42	0,37	0,30	0,29	0,13	0,03	0,09	0,01	0,04	0,02	0,03	0,07	0,00	0,51	0,60	0,73	0,91	0,46	0,00	0,00	0,00	0,00	0,00	0,00	22,87	0,00	0,00	0,00	0,00	0,00	0,00
11.09.2025 09:08:25	0,42	0,34	0,35	0,26	0,11	0,06	0,07	0,01	0,03	0,04	0,06	0,07	0,00	0,00	0,20	0,37	0,60	0,93	0,00	1,67	0,00	0,00	6,96	0,00	0,00	0,00	0,00	0,00	0,00	0,00	0,00
11.09.2025 09:08:31	0,42	0,36	0,34	0,31	0,13	0,08	0,07	0,05	0,00	0,06	0,00	0,20	0,40	0,00	0,50	0,18	1,21	0,46	0,80	3,34	3,02	0,00	0,00	0,00	0,00	0,00	0,00	0,00	0,00	0,00	0,00
11.09.2025 09:08:37	0,41	0,37	0,30	0,29	0,10	0,06	0,04	0,05	0,01	0,02	0,03	0,00	0,27	0,26	1,60	1,65	0,60	0,00	4,81	1,67	0,00	4,50	0,00	0,00	0,00	0,00	0,00	0,00	0,00	0,00	0,00
11.09.2025 09:08:43	0,43	0,35	0,33	0,30	0,11	0,04	0,08	0,06	0,04	0,02	0,06	0,27	0,27	0,26	0,80	2,01	0,30	1,39	0,00	1,67	0,00	0,00	0,00	0,00	22,87	0,00	0,00	0,00	0,00	0,00	0,00
11.09.2025 09:08:49	0,45	0,36	0,31	0,28	0,12	0,06	0,09	0,03	0,04	0,04	0,03	0,07	0,00	0,51	0,20	0,37	0,60	0,46	0,80	1,67	3,02	0,00	0,00	0,00	0,00	0,00	0,00	0,00	0,00	0,00	0,00
11.09.2025 09:08:55	0,45	0,38	0,34	0,22	0,15	0,08	0,07	0,06	0,01	0,04	0,03	0,13	0,00	0,26	2,10	2,56	0,30	0,00	1,60	3,34	0,00	0,00	0,00	0,00	0,00	0,00	0,00	0,00	0,00	0,00	0,00
11.09.2025 09:09:01	0,42	0,35	0,27	0,26	0,11	0,08	0,06	0,06	0,01	0,02	0,03	0,07	0,27	0,26	0,00	0,00	0,30	0,00	0,00	1,67	3,02	0,00	6,96	12,52	0,00	0,00	0,00	0,00	0,00	0,00	0,00
11.09.2025 09:09:07	0,44	0,40	0,26	0,29	0,12	0,08	0,08	0,06	0,08	0,07	0,13	0,07	0,00	0,00	0,10	0,91	0,00	0,00	0,80	0,00	3,02	4,50	0,00	12,52	0,00	0,00	0,00	0,00	0,00	0,00	0,00
11.09.2025 09:09:13	0,45	0,36	0,35	0,30	0,15	0,06	0,05	0,05	0,01	0,02	0,03	0,00	0,00	0,51	0,90	0,73	0,60	0,46	2,40	3,34	6,03	0,00	6,96	12,52	0,00	0,00	0,00	0,00	0,00	0,00	0,00
11.09.2025 09:09:19	0,45	0,37	0,32	0,24	0,11	0,06	0,13	0,04	0,03	0,02	0,00	0,00	0,00	0,00	0,00	0,37	0,30	0,93	1,60	0,00	0,00	4,50	6,96	0,00	0,00	37,75	0,00	0,00	0,00	0,00	0,00
11.09.2025 09:09:25	0,46	0,39	0,35	0,28	0,12	0,09	0,07	0,08	0,04	0,06	0,10	0,00	0,00	0,51	1,00	0,55	0,60	0,46	0,80	0,00	0,00	4,50	6,96	0,00	0,00	37,75	0,00	0,00	0,00	0,00	0,00
11.09.2025 09:09:31	0,45	0,32	0,32	0,29	0,12	0,08	0,11	0,06	0,01	0,02	0,00	0,07	0,13	0,26	0,50	0,37	0,91	0,93	0,80	0,00	3,02	0,00	6,96	0,00	0,00	0,00	0,00	0,00	0,00	0,00	0,00
11.09.2025 09:09:37	0,45	0,36	0,33	0,28	0,14	0,05	0,07	0,09	0,03	0,06	0,03	0,07	0,13	0,77	0,00	0,00	0,30	0,93	2,40	0,00	3,02	0,00	6,96	12,52	0,00	37,75	0,00	0,00	0,00	0,00	0,00
11.09.2025 09:09:43	0,46	0,35	0,30	0,28	0,11	0,07	0,04	0,04	0,04	0,06	0,00	0,07	0,27	0,26	0,00	0,18	0,60	0,46	1,60	0,00	0,00	4,50	13,92	12,52	0,00	0,00	0,00	0,00	0,00	0,00	0,00
11.09.2025 09:09:49	0,45	0,34	0,33	0,30	0,15	0,04	0,12	0,04	0,00	0,02	0,00	0,13	0,27	0,51	1,10	1,46	0,91	0,46	0,00	0,00	0,00	0,00	6,96	0,00	0,00	0,00	57,98	0,00	0,00	0,00	0,00
11.09.2025 09:09:55	0,39	0,35	0,27	0,24	0,12	0,06	0,11	0,05	0,03	0,02	0,03	0,00	0,13	0,51	0,00	0,00	0,00	0,00	2,40	3,34	0,00	0,00	0,00	0,00	0,00	0,00	0,00	0,00	0,00	0,00	0,00
11.09.2025 09:10:01	0,41	0,38	0,31	0,26	0,10	0,06	0,07	0,03	0,03	0,07	0,10	0,07	0,00	0,26	0,40	0,00	0,91	0,46	2,40	3,34	3,02	0,00	0,00	0,00	0,00	37,75	0,00	0,00	0,00	0,00	0,00
11.09.2025 09:10:07	0,41	0,41	0,32	0,27	0,10	0,06	0,05	0,13	0,01	0,04	0,03	0,00	0,00	0,00	1,30	0,91	0,60	0,46	0,80	1,67	0,00	4,50	6,96	0,00	0,00	0,00	0,00	0,00	0,00	0,00	0,00
11.09.2025 09:10:13	0,43	0,35	0,27	0,31	0,15	0,05	0,11	0,02	0,04	0,07	0,06	0,13	0,27	0,00	0,50	0,00	0,30	0,46	0,80	0,00	0,00	4,50	0,00	12,52	0,00	0,00	0,00	0,00	0,00	0,00	0,00
11.09.2025 09:10:19	0,50	0,44	0,41	0,32	0,11	0,07	0,06	0,04	0,05	0,06	0,03	0,13	0,40	0,26	0,00	0,00	0,30	0,46	2,40	0,00	0,00	0,00	0,00	0,00	0,00	0,00	0,00	0,00	0,00	0,00	0,00
11.09.2025 09:10:25	0,51	0,43	0,40	0,35	0,13	0,06	0,07	0,02	0,01	0,00	0,03	0,07	0,00	0,00	0,00	0,00	0,00	0,00	0,00	0,00	0,00	0,00	0,00	0,00	0,00	0,00	0,00	0,00	0,00	0,00	0,00
11.09.2025 09:10:31	0,49	0,44	0,39	0,33	0,14	0,04	0,10	0,03	0,03	0,07	0,03	0,20	0,00	0,00	0,00	0,00	0,00	0,00	0,00	0,00	0,00	0,00	0,00	0,00	0,00	0,00	0,00	0,00	0,00	0,00	0,00
11.09.2025 09:10:37	0,49	0,47	0,44	0,41	0,19	0,06	0,05	0,01	0,01	0,06	0,03	0,07	0,00	0,00	0,20	0,37	1,21	0,46	0,00	0,00	0,00	4,50	0,00	0,00	0,00	0,00	0,00	0,00	0,00	0,00	0,00
11.09.2025 09:10:43	0,52	0,47	0,40	0,36	0,16	0,04	0,08	0,04	0,03	0,02	0,00	0,00	0,27	0,51	1,00	0,37	0,60	0,93	2,40	1,67	0,00	0,00	0,00	0,00	0,00	0,00	0,00	0,00	0,00	0,00	0,00
11.09.2025 09:10:49	0,48	0,45	0,35	0,31	0,11	0,08	0,07	0,06	0,04	0,02	0,00	0,00	0,00	0,00	0,50	0,37	0,30	0,93	1,60	1,67	3,02	4,50	0,00	0,00	0,00	0,00	0,00	0,00	0,00	0,00	0,00
11.09.2025 09:10:55	0,50	0,48	0,43	0,35	0,16	0,08	0,11	0,10	0,01	0,02	0,00	0,20	0,00	0,51	0,50	0,00	0,91	0,46	0,80	0,00	0,00	0,00	0,00	0,00	0,00	0,00	0,00	0,00	0,00	0,00	0,00
11.09.2025 09:11:01	0,51	0,44	0,40	0,33	0,16	0,08	0,10	0,02	0,03	0,00	0,03	0,07	0,00	0,00	0,00	0,00	0,00	1,39	0,80	0,00	3,02	0,00	0,00	0,00	0,00	0,00	0,00	0,00	0,00	0,00	0,00
11.09.2025 09:11:07	0,56	0,48	0,45	0,33	0,16	0,06	0,07	0,06	0,07	0,07	0,13	0,13	0,00	0,51	0,20	0,18	0,00	0,93	1,60	3,34	0,00	4,50	0,00	0,00	0,00	0,00	0,00	0,00	0,00	0,00	0,00
11.09.2025 09:11:13	0,51	0,45	0,37	0,41	0,13	0,06	0,10	0,05	0,01	0,02	0,06	0,00	0,13	0,51	1,30	0,55	0,60	0,00	0,80	0,00	0,00	4,50	0,00	0,00	22,87	0,00	57,98	0,00	182,94	0,00	691,47
11.09.2025 09:11:19	0,48	0,40	0,36	0,35	0,13	0,08	0,10	0,06	0,00	0,00	0,00	0,07	0,00	0,26	0,20	0,00	0,00	0,00	1,60	0,00	0,00	0,00	6,96	0,00	0,00	0,00	0,00	0,00	0,00	0,00	0,00
11.09.2025 09:11:25	0,50	0,42	0,42	0,37	0,14	0,06	0,09	0,05	0,00	0,04	0,03	0,20	0,00	0,26	0,00	0,00	0,00	0,00	0,00	0,00	0,00	0,00	0,00	0,00	0,00	0,00	0,00	0,00	0,00	0,00	0,00
11.09.2025 09:11:31	0,53	0,49	0,46	0,40	0,16	0,06	0,07	0,08	0,03	0,04	0,06	0,13	0,00	0,26	0,00	0,37	0,60	0,00	0,80	0,00	0,00	0,00	0,00	0,00	0,00	0,00	0,00	0,00	0,00	0,00	0,00
11.09.2025 09:11:37	0,45	0,38	0,38	0,31	0,17	0,05	0,07	0,06	0,03	0,00	0,06	0,00	0,40	0,77	0,50	1,46	0,91	0,46	1,60	0,00	0,00	4,50	0,00	0,00	0,00	0,00	0,00	0,00	0,00	0,00	0,00
11.09.2025 09:11:43	0,47	0,39	0,34	0,30	0,17	0,08	0,10	0,03	0,03	0,02	0,06	0,13	0,40	0,51	0,20	0,18	0,30	0,46	2,40	1,67	0,00	4,50	0,00	0,00	0,00	0,00	0,00	0,00	0,00	0,00	0,00
11.09.2025 09:11:49	0,45	0,40	0,31	0,26	0,15	0,08	0,10	0,05	0,01	0,02	0,16	0,00	0,13	0,00	0,20	0,37	0,30	1,86	0,00	1,67	0,00	0,00	0,00	0,00	0,00	0,00	0,00	0,00	0,00	0,00	0,00
11.09.2025 09:11:55	0,45	0,36	0,33	0,28	0,20	0,07	0,12	0,11	0,01	0,06	0,10	0,07	0,13	0,00	0,20	0,37	0,91	0,00	1,60	1,67	0,00	0,00	0,00	0,00	0,00	0,00	0,00	0,00	0,00	0,00	0,00
11.09.2025 09:12:01	0,46	0,36	0,37	0,29	0,12	0,07	0,06	0,02	0,07	0,04	0,03	0,13	0,00	0,51	0,60	0,00	0,60	0,46	4,01	0,00	3,02	0,00	0,00	0,00	0,00	0,00	0,00	0,00	0,00	0,00	0,00
11.09.2025 09:12:07	0,44	0,39	0,39	0,28	0,09	0,05	0,13	0,05	0,03	0,04	0,06	0,07	0,00	0,51	0,80	0,00	0,30	0,00	0,00	0,00	0,00	0,00	0,00	0,00	0,00	37,75	0,00	0,00	0,00	0,00	0,00
11.09.2025 09:12:13	0,49	0,38	0,32	0,28	0,11	0,05	0,08	0,02	0,00	0,02	0,00	0,13	0,00	0,51	0,00	0,00	0,00	0,00	0,00	0,00	0,00	0,00	0,00	0,00	0,00	0,00	0,00	0,00	0,00	0,00	0,00
11.09.2025 09:12:19	0,49	0,43	0,37	0,39	0,12	0,10	0,07	0,03	0,00	0,00	0,03	0,00	0,27	0,26	0,80	1,65	0,60	0,00	0,80	0,00	0,00	0,00	0,00	0,00	0,00	0,00	0,00	0,00	0,00	0,00	0,00
11.09.2025 09:12:25	0,50	0,46	0,40	0,35	0,14	0,08	0,07	0,06	0,03	0,04	0,06	0,07	0,13	0,51	0,00	0,00	0,00	0,00	0,00	0,00	0,00	0,00	0,00	0,00	0,00	0,00	0,00	0,00	0,00	0,00	0,00
11.09.2025 09:12:31	0,51	0,42	0,40	0,37	0,14	0,08	0,07	0,06	0,03	0,00	0,00	0,13	0,00	0,51	0,00	0,00	0,00	0,00	0,00	0,00	0,00	0,00	0,00	0,00	0,00	0,00	0,00	0,00	0,00	0,00	0,00
11.09.2025 09:12:37	0,50	0,48	0,40	0,36	0,12	0,09	0,13	0,05	0,04	0,04	0,16	0,13	0,27	0,00	1,20	2,20	0,30	0,00	1,60	3,34	0,00	0,00	0,00	12,52	0,00	0,00	0,00	0,00	0,00	0,00	0,00
11.09.2025 09:12:43	0,43	0,42	0,34	0,34	0,13	0,05	0,09	0,03	0,03	0,07	0,10	0,13	0,00	1,03	0,50	0,55	0,00	0,93	0,00	0,00	0,00	0,00	0,00	0,00	0,00	0,00	0,00	0,00	0,00	0,00	0,00
11.09.2025 09:12:49	0,45	0,40	0,33	0,30	0,11	0,03	0,11	0,10	0,01	0,02	0,00	0,07	0,00	0,26	0,70	0,55	0,60	0,93	0,80	0,00	0,00	0,00	0,00	0,00	0,00	0,00	0,00	0,00	0,00	0,00	0,00
11.09.2025 09:12:55	0,48	0,46	0,37	0,40	0,20	0,06	0,12	0,08	0,00	0,04	0,06	0,13	0,27	0,77	0,80	0,91	0,60	1,39	0,00	1,67	3,02	0,00	0,00	0,00	0,00	0,00	0,00	0,00	0,00	0,00	0,00
11.09.2025 09:13:01	0,46	0,43	0,36	0,32	0,15	0,05	0,12	0,05	0,03	0,09	0,10	0,07	0,13	0,26	0,40	1,28	0,60	0,93	2,40	3,34	0,00	0,00	0,00	0,00	0,00	0,00	0,00	0,00	0,00	0,00	0,00
11.09.2025 09:13:07	0,52	0,47	0,43	0,32	0,17	0,08	0,09	0,03	0,09	0,02	0,03	0,00	0,13	0,26	0,40	0,37	0,30	0,93	0,00	3,34	3,02	9,01	0,00	0,00	0,00	37,75	0,00	0,00	0,00	0,00	0,00
11.09.2025 09:13:13	0,49	0,42	0,36	0,31	0,18	0,09	0,10	0,04	0,04	0,02	0,06	0,07	0,13	0,26	0,00	0,18	0,60	0,46	1,60	3,34	3,02	0,00	6,96	0,00	0,00	0,00	0,00	0,00	0,00	0,00	0,00
11.09.2025 09:13:19	0,47	0,45	0,38	0,34	0,17	0,07	0,07	0,03	0,04	0,02	0,06	0,07	0,13	0,00	0,00	0,00	0,00	0,46	1,60	0,00	3,02	0,00	0,00	12,52	0,00	0,00	0,00	0,00	0,00	0,00	0,00
11.09.2025 09:13:25	0,54	0,43	0,39	0,30	0,11	0,08	0,11	0,04	0,03	0,11	0,03	0,07	0,00	0,00	0,10	0,55	0,91	0,46	0,00	1,67	0,00	0,00	6,96	0,00	0,00	0,00	0,00	0,00	0,00	0,00	0,00
11.09.2025 09:13:31	0,48	0,46	0,39	0,41	0,16	0,06	0,12	0,04	0,00	0,06	0,10	0,07	0,27	0,26	1,20	0,91	1,21	0,00	0,00	3,34	3,02	0,00	6,96	0,00	0,00	0,00	0,00	0,00	0,00	0,00	0,00
11.09.2025 09:13:37	0,46	0,40	0,33	0,31	0,12	0,06	0,09	0,08	0,01	0,02	0,00	0,20	0,13	0,26	0,00	0,55	0,91	1,86	0,00	0,00	0,00	0,00	0,00	0,00	0,00	0,00	0,00	0,00	0,00	0,00	0,00
11.09.2025 09:13:43	0,41	0,39	0,30	0,25	0,11	0,07	0,12	0,05	0,03	0,13	0,03	0,00	0,27	0,26	1,40	1,46	0,60	0,00	0,80	0,00	0,00	0,00	0,00	0,00	0,00	0,00	0,00	0,00	0,00	0,00	0,00
11.09.2025 09:13:49	0,43	0,39	0,34	0,29	0,15	0,09	0,04	0,09	0,04	0,09	0,10	0,20	0,00	0,26	1,00	0,00	0,00	0,46	2,40	0,00	0,00	4,50	0,00	0,00	0,00	0,00	0,00	0,00	0,00	0,00	0,00
11.09.2025 09:13:55	0,45	0,40	0,32	0,29	0,14	0,06	0,02	0,06	0,03	0,09	0,16	0,07	0,67	0,77	0,00	0,00	0,00	0,00	0,00	0,00	0,00	0,00	0,00	0,00	0,00	0,00	0,00	0,00	0,00	0,00	0,00
11.09.2025 09:14:01	0,43	0,38	0,32	0,27	0,15	0,06	0,10	0,06	0,03	0,07	0,10	0,07	0,27	0,26	0,00	0,00	0,00	0,00	0,00	0,00	0,00	0,00	0,00	0,00	0,00	0,00	0,00	0,00	0,00	0,00	0,00
11.09.2025 09:14:07	0,46	0,36	0,36	0,25	0,14	0,08	0,07	0,03	0,00	0,02	0,00	0,00	0,13	0,26	0,80	0,73	0,91	0,93	0,80	3,34	0,00	0,00	0,00	0,00	0,00	0,00	0,00	0,00	0,00	0,00	0,00
11.09.2025 09:14:13	0,44	0,36	0,35	0,25	0,11	0,07	0,07	0,04	0,05	0,07	0,06	0,07	0,00	0,26	0,60	0,18	0,30	0,93	0,00	0,00	0,00	0,00	0,00	0,00	0,00	0,00	0,00	0,00	0,00	0,00	0,00
11.09.2025 09:14:19	0,43	0,35	0,32	0,25	0,13	0,07	0,04	0,03	0,00	0,04	0,06	0,27	0,00	0,26	0,00	0,55	0,60	0,46	1,60	0,00	0,00	4,50	0,00	12,52	0,00	0,00	0,00	0,00	0,00	0,00	0,00
11.09.2025 09:14:25	0,44	0,35	0,31	0,28	0,10	0,04	0,07	0,03	0,04	0,04	0,03	0,00	0,13	0,26	0,00	0,91	0,30	0,00	0,80	1,67	0,00	0,00	0,00	12,52	0,00	37,75	0,00	0,00	0,00	0,00	0,00
11.09.2025 09:14:31	0,48	0,43	0,41	0,31	0,15	0,04	0,08	0,03	0,01	0,11	0,13	0,07	0,13	0,00	0,10	0,18	0,30	0,00	0,80	0,00	0,00	0,00	0,00	12,52	0,00	0,00	0,00	0,00	0,00	0,00	0,00
11.09.2025 09:14:37	0,43	0,38	0,35	0,27	0,12	0,08	0,08	0,04	0,01	0,02	0,10	0,07	0,00	0,00	1,10	0,37	0,30	1,39	0,80	0,00	6,03	0,00	0,00	0,00	0,00	0,00	0,00	0,00	0,00	0,00	0,00
11.09.2025 09:14:43	0,48	0,38	0,44	0,31	0,14	0,04	0,09	0,05	0,04	0,06	0,03	0,13	0,00	0,26	0,40	0,55	0,30	0,00	0,00	1,67	0,00	0,00	0,00	12,52	0,00	0,00	0,00	0,00	0,00	0,00	0,00
11.09.2025 09:14:49	0,49	0,42	0,35	0,30	0,14	0,07	0,12	0,08	0,01	0,09	0,03	0,20	0,00	0,26	0,60	1,10	0,91	0,93	1,60	0,00	0,00	0,00	6,96	0,00	0,00	0,00	0,00	0,00	0,00	0,00	0,00
11.09.2025 09:14:55	0,47	0,41	0,36	0,26	0,14	0,03	0,07	0,08	0,03	0,04	0,03	0,07	0,27	0,00	1,40	2,74	0,30	0,00	0,00	1,67	6,03	0,00	6,96	0,00	0,00	0,00	0,00	0,00	0,00	0,00	345,74
11.09.2025 09:15:01	0,49	0,42	0,35	0,28	0,12	0,10	0,06	0,04	0,01	0,09	0,06	0,27	0,00	0,26	0,80	1,28	0,91	0,93	2,40	1,67	3,02	0,00	0,00	0,00	0,00	0,00	0,00	0,00	0,00	0,00	0,00
11.09.2025 09:15:07	0,46	0,39	0,32	0,32	0,16	0,09	0,11	0,05	0,03	0,02	0,06	0,27	0,27	0,00	0,60	0,91	1,21	0,93	4,01	3,34	0,00	0,00	0,00	12,52	0,00	0,00	0,00	0,00	0,00	0,00	0,00
11.09.2025 09:15:13	0,40	0,41	0,32	0,28	0,15	0,08	0,05	0,08	0,03	0,11	0,06	0,07	0,13	0,77	1,40	1,28	0,60	0,00	0,00	0,00	0,00	0,00	13,92	0,00	0,00	0,00	0,00	0,00	0,00	0,00	0,00
11.09.2025 09:15:19	0,44	0,36	0,33	0,26	0,11	0,04	0,06	0,03	0,01	0,07	0,10	0,07	0,27	0,77	1,50	1,46	0,60	0,93	0,00	0,00	0,00	4,50	0,00	25,05	0,00	0,00	0,00	0,00	0,00	0,00	0,00
11.09.2025 09:15:25	0,39	0,34	0,29	0,28	0,12	0,05	0,07	0,06	0,01	0,00	0,00	0,00	0,13	0,51	0,00	0,00	0,00	0,93	0,80	1,67	3,02	0,00	0,00	0,00	0,00	0,00	0,00	0,00	0,00	0,00	0,00
11.09.2025 09:15:31	0,40	0,37	0,29	0,26	0,11	0,04	0,09	0,03	0,01	0,07	0,03	0,07	0,13	0,51	0,30	0,00	0,60	1,39	0,00	0,00	3,02	0,00	0,00	12,52	0,00	0,00	0,00	0,00	0,00	0,00	0,00
11.09.2025 09:15:37	0,43	0,32	0,27	0,26	0,12	0,08	0,07	0,09	0,00	0,00	0,00	0,13	0,27	0,26	0,00	0,00	0,00	0,00	0,00	0,00	0,00	0,00	0,00	0,00	0,00	0,00	0,00	0,00	0,00	0,00	0,00
11.09.2025 09:15:43	0,44	0,34	0,33	0,23	0,12	0,09	0,08	0,04	0,03	0,07	0,03	0,13	0,00	0,51	1,40	2,93	0,30	0,46	1,60	0,00	0,00	4,50	0,00	0,00	0,00	0,00	0,00	0,00	0,00	0,00	0,00
