<Header>
User name: 
Location: probe cabin
# of Location: 2
Model: 11-D
Serial No.: 11D20167
Firmware revision: 12.50E
Software revision: 1179-V2-10 (23-01-2023)
Unit: log data
C-factor: 1,00
location factor: 1,00
Comment: test room aerosol conditions
online data
K-line: K	773	802	1276	0	0	62	118

<Data>
[d&t31.12.2035 11:50:55]	P	Year	Mon	Day	Hr	Min	Sec	Loc	GF	Err	Qbatt	Im	Temp	rH	Velo	Pres	Dir	Rain	Iv	P_Weight	P_Vol[l]	rH_i	Temp_i	Latitude	Longitude	Height	Flow[%]	SFlow
11.09.2025 08:35:33	P	25	9	11	8	35	33	2	0	0	NA	13	NA	NA	NA	1004,5	NA	NA	6	1128,4	36663,9	55,5	25,4	NA	NA	NA	100,6A	NA
11.09.2025 08:35:40	P	25	9	11	8	35	40	2	100	0	NA	30	NA	NA	NA	1004,5	NA	NA	6	1128,4	36664,0	55,0	25,4	NA	NA	NA	100,6A	NA
11.09.2025 08:35:46	P	25	9	11	8	35	46	2	100	0	NA	30	NA	NA	NA	1004,5	NA	NA	6	1128,4	36664,1	54,6	25,4	NA	NA	NA	100,6A	NA
11.09.2025 08:35:52	P	25	9	11	8	35	52	2	100	0	NA	30	NA	NA	NA	1004,5	NA	NA	6	1128,4	36664,2	54,4	25,4	NA	NA	NA	100,6A	NA
11.09.2025 08:35:58	P	25	9	11	8	35	58	2	100	0	NA	30	NA	NA	NA	1004,1	NA	NA	6	1128,5	36664,4	54,2	25,4	NA	NA	NA	100,6A	NA
11.09.2025 08:36:04	P	25	9	11	8	36	4	2	100	0	NA	30	NA	NA	NA	1004,5	NA	NA	6	1128,5	36664,5	54,2	25,4	NA	NA	NA	100,6A	NA
11.09.2025 08:36:10	P	25	9	11	8	36	10	2	100	0	NA	30	NA	NA	NA	1004,5	NA	NA	6	1128,5	36664,6	54,1	25,4	NA	NA	NA	100,6A	NA
11.09.2025 08:36:16	P	25	9	11	8	36	16	2	100	0	NA	30	NA	NA	NA	1004,5	NA	NA	6	1128,5	36664,7	53,9	25,4	NA	NA	NA	100,6A	NA
11.09.2025 08:36:22	P	25	9	11	8	36	22	2	100	0	NA	30	NA	NA	NA	1004,5	NA	NA	6	1128,5	36664,8	53,9	25,4	NA	NA	NA	100,6A	NA
11.09.2025 08:36:28	P	25	9	11	8	36	28	2	100	0	NA	30	NA	NA	NA	1004,5	NA	NA	6	1128,5	36665,0	53,9	25,4	NA	NA	NA	100,6A	NA
11.09.2025 08:36:34	P	25	9	11	8	36	34	2	100	0	NA	30	NA	NA	NA	1004,3	NA	NA	6	1128,5	36665,1	53,9	25,4	NA	NA	NA	100,6A	NA
11.09.2025 08:36:40	P	25	9	11	8	36	40	2	100	0	NA	30	NA	NA	NA	1004,1	NA	NA	6	1128,5	36665,2	53,9	25,5	NA	NA	NA	100,6A	NA
11.09.2025 08:36:46	P	25	9	11	8	36	46	2	100	0	NA	30	NA	NA	NA	1004,5	NA	NA	6	1128,5	36665,3	53,8	25,5	NA	NA	NA	100,6A	NA
11.09.2025 08:36:52	P	25	9	11	8	36	52	2	100	0	NA	30	NA	NA	NA	1004,5	NA	NA	6	1128,5	36665,5	53,7	25,5	NA	NA	NA	100,6A	NA
11.09.2025 08:36:58	P	25	9	11	8	36	58	2	100	0	NA	30	NA	NA	NA	1004,5	NA	NA	6	1128,5	36665,6	53,7	25,5	NA	NA	NA	100,6A	NA
11.09.2025 08:37:04	P	25	9	11	8	37	4	2	100	0	NA	30	NA	NA	NA	1004,5	NA	NA	6	1128,5	36665,7	53,6	25,5	NA	NA	NA	100,6A	NA
11.09.2025 08:37:10	P	25	9	11	8	37	10	2	100	0	NA	30	NA	NA	NA	1004,1	NA	NA	6	1128,5	36665,8	53,6	25,5	NA	NA	NA	100,6A	NA
11.09.2025 08:37:16	P	25	9	11	8	37	16	2	100	0	NA	30	NA	NA	NA	1004,5	NA	NA	6	1128,5	36665,9	53,4	25,5	NA	NA	NA	100,6A	NA
11.09.2025 08:37:22	P	25	9	11	8	37	22	2	100	0	NA	30	NA	NA	NA	1004,5	NA	NA	6	1128,5	36666,1	53,3	25,6	NA	NA	NA	100,6A	NA
11.09.2025 08:37:28	P	25	9	11	8	37	28	2	100	0	NA	30	NA	NA	NA	1004,1	NA	NA	6	1128,6	36666,2	53,3	25,6	NA	NA	NA	100,6A	NA
11.09.2025 08:37:34	P	25	9	11	8	37	34	2	100	0	NA	30	NA	NA	NA	1004,5	NA	NA	6	1128,6	36666,3	53,4	25,6	NA	NA	NA	100,6A	NA
11.09.2025 08:37:40	P	25	9	11	8	37	40	2	100	0	NA	30	NA	NA	NA	1004,1	NA	NA	6	1128,6	36666,4	53,4	25,6	NA	NA	NA	100,6A	NA
11.09.2025 08:37:46	P	25	9	11	8	37	46	2	100	0	NA	30	NA	NA	NA	1004,5	NA	NA	6	1128,6	36666,5	53,4	25,7	NA	NA	NA	100,6A	NA
11.09.2025 08:37:52	P	25	9	11	8	37	52	2	100	0	NA	30	NA	NA	NA	1004,5	NA	NA	6	1128,6	36666,7	53,1	25,6	NA	NA	NA	100,6A	NA
11.09.2025 08:37:58	P	25	9	11	8	37	58	2	100	0	NA	30	NA	NA	NA	1004,1	NA	NA	6	1128,6	36666,8	53,2	25,7	NA	NA	NA	100,6A	NA
11.09.2025 08:38:04	P	25	9	11	8	38	4	2	100	0	NA	30	NA	NA	NA	1004,1	NA	NA	6	1128,6	36666,9	53,2	25,6	NA	NA	NA	100,6A	NA
11.09.2025 08:38:10	P	25	9	11	8	38	10	2	100	0	NA	30	NA	NA	NA	1004,1	NA	NA	6	1128,6	36667,0	53,3	25,6	NA	NA	NA	100,6A	NA
11.09.2025 08:38:16	P	25	9	11	8	38	16	2	100	0	NA	30	NA	NA	NA	1004,5	NA	NA	6	1128,6	36667,1	53,4	25,6	NA	NA	NA	100,6A	NA
11.09.2025 08:38:22	P	25	9	11	8	38	22	2	100	0	NA	30	NA	NA	NA	1004,5	NA	NA	6	1128,6	36667,3	53,4	25,6	NA	NA	NA	100,6A	NA
11.09.2025 08:38:28	P	25	9	11	8	38	28	2	100	0	NA	30	NA	NA	NA	1004,5	NA	NA	6	1128,7	36667,4	53,3	25,6	NA	NA	NA	100,6A	NA
11.09.2025 08:38:34	P	25	9	11	8	38	34	2	100	0	NA	30	NA	NA	NA	1004,3	NA	NA	6	1128,7	36667,5	53,1	25,7	NA	NA	NA	100,6A	NA
11.09.2025 08:38:40	P	25	9	11	8	38	40	2	100	0	NA	30	NA	NA	NA	1004,1	NA	NA	6	1128,7	36667,6	53,1	25,7	NA	NA	NA	100,6A	NA
11.09.2025 08:38:46	P	25	9	11	8	38	46	2	100	0	NA	30	NA	NA	NA	1004,1	NA	NA	6	1128,7	36667,8	53,1	25,7	NA	NA	NA	100,6A	NA
11.09.2025 08:38:52	P	25	9	11	8	38	52	2	100	0	NA	30	NA	NA	NA	1004,1	NA	NA	6	1128,7	36667,9	53,4	25,7	NA	NA	NA	100,6A	NA
11.09.2025 08:38:58	P	25	9	11	8	38	58	2	100	0	NA	30	NA	NA	NA	1004,1	NA	NA	6	1128,7	36668,0	53,2	25,7	NA	NA	NA	100,6A	NA
11.09.2025 08:39:04	P	25	9	11	8	39	4	2	100	0	NA	30	NA	NA	NA	1004,1	NA	NA	6	1128,7	36668,1	53,1	25,8	NA	NA	NA	100,6A	NA
11.09.2025 08:39:10	P	25	9	11	8	39	10	2	100	0	NA	30	NA	NA	NA	1004,5	NA	NA	6	1128,7	36668,2	52,9	25,7	NA	NA	NA	100,6A	NA
11.09.2025 08:39:16	P	25	9	11	8	39	16	2	100	0	NA	30	NA	NA	NA	1004,5	NA	NA	6	1128,7	36668,4	52,9	25,8	NA	NA	NA	100,6A	NA
11.09.2025 08:39:22	P	25	9	11	8	39	22	2	100	0	NA	30	NA	NA	NA	1004,5	NA	NA	6	1128,7	36668,5	52,7	25,8	NA	NA	NA	100,6A	NA
11.09.2025 08:39:28	P	25	9	11	8	39	28	2	100	0	NA	30	NA	NA	NA	1004,5	NA	NA	6	1128,7	36668,6	52,7	25,8	NA	NA	NA	100,6A	NA
11.09.2025 08:39:34	P	25	9	11	8	39	34	2	100	0	NA	30	NA	NA	NA	1004,4	NA	NA	6	1128,7	36668,7	52,6	25,8	NA	NA	NA	100,6A	NA
11.09.2025 08:39:40	P	25	9	11	8	39	40	2	100	0	NA	30	NA	NA	NA	1004,5	NA	NA	6	1128,7	36668,8	52,7	25,8	NA	NA	NA	100,6A	NA
11.09.2025 08:39:46	P	25	9	11	8	39	46	2	100	0	NA	30	NA	NA	NA	1004,1	NA	NA	6	1128,7	36669,0	52,6	25,8	NA	NA	NA	100,6A	NA
11.09.2025 08:39:52	P	25	9	11	8	39	52	2	100	0	NA	30	NA	NA	NA	1004,1	NA	NA	6	1128,7	36669,1	52,6	25,8	NA	NA	NA	100,6A	NA
11.09.2025 08:39:58	P	25	9	11	8	39	58	2	100	0	NA	30	NA	NA	NA	1004,5	NA	NA	6	1128,7	36669,2	52,6	25,8	NA	NA	NA	100,6A	NA
11.09.2025 08:40:04	P	25	9	11	8	40	4	2	100	0	NA	30	NA	NA	NA	1004,5	NA	NA	6	1128,7	36669,3	52,5	25,9	NA	NA	NA	100,6A	NA
11.09.2025 08:40:10	P	25	9	11	8	40	10	2	100	0	NA	30	NA	NA	NA	1004,5	NA	NA	6	1128,7	36669,4	52,5	25,8	NA	NA	NA	100,6A	NA
11.09.2025 08:40:16	P	25	9	11	8	40	16	2	100	0	NA	30	NA	NA	NA	1004,1	NA	NA	6	1128,7	36669,6	52,4	25,9	NA	NA	NA	100,6A	NA
11.09.2025 08:40:22	P	25	9	11	8	40	22	2	100	0	NA	30	NA	NA	NA	1004,5	NA	NA	6	1128,7	36669,7	52,4	25,8	NA	NA	NA	100,6A	NA
11.09.2025 08:40:28	P	25	9	11	8	40	28	2	100	0	NA	30	NA	NA	NA	1004,1	NA	NA	6	1128,7	36669,8	52,4	25,9	NA	NA	NA	100,6A	NA
11.09.2025 08:40:34	P	25	9	11	8	40	34	2	100	0	NA	30	NA	NA	NA	1004,4	NA	NA	6	1128,7	36669,9	52,4	25,9	NA	NA	NA	100,6A	NA
11.09.2025 08:40:40	P	25	9	11	8	40	40	2	100	0	NA	30	NA	NA	NA	1004,1	NA	NA	6	1128,7	36670,1	52,3	25,8	NA	NA	NA	100,6A	NA
11.09.2025 08:40:46	P	25	9	11	8	40	46	2	100	0	NA	30	NA	NA	NA	1004,5	NA	NA	6	1128,7	36670,2	52,3	25,8	NA	NA	NA	100,6A	NA
11.09.2025 08:40:52	P	25	9	11	8	40	52	2	100	0	NA	30	NA	NA	NA	1004,5	NA	NA	6	1128,7	36670,3	52,3	25,9	NA	NA	NA	100,6A	NA
11.09.2025 08:40:58	P	25	9	11	8	40	58	2	100	0	NA	30	NA	NA	NA	1004,5	NA	NA	6	1128,7	36670,4	52,3	25,9	NA	NA	NA	100,6A	NA
11.09.2025 08:41:04	P	25	9	11	8	41	4	2	100	0	NA	30	NA	NA	NA	1004,1	NA	NA	6	1128,7	36670,5	52,2	26,0	NA	NA	NA	100,6A	NA
11.09.2025 08:41:10	P	25	9	11	8	41	10	2	100	0	NA	30	NA	NA	NA	1004,1	NA	NA	6	1128,7	36670,7	52,2	26,0	NA	NA	NA	100,6A	NA
11.09.2025 08:41:16	P	25	9	11	8	41	16	2	100	0	NA	30	NA	NA	NA	1004,1	NA	NA	6	1128,7	36670,8	52,2	26,0	NA	NA	NA	100,6A	NA
11.09.2025 08:41:22	P	25	9	11	8	41	22	2	100	0	NA	30	NA	NA	NA	1004,1	NA	NA	6	1128,7	36670,9	52,1	26,0	NA	NA	NA	100,6A	NA
11.09.2025 08:41:28	P	25	9	11	8	41	28	2	100	0	NA	30	NA	NA	NA	1004,5	NA	NA	6	1128,7	36671,0	52,2	26,0	NA	NA	NA	100,6A	NA
11.09.2025 08:41:34	P	25	9	11	8	41	34	2	100	0	NA	30	NA	NA	NA	1004,4	NA	NA	6	1128,7	36671,1	52,1	26,0	NA	NA	NA	100,6A	NA
11.09.2025 08:41:40	P	25	9	11	8	41	40	2	100	0	NA	30	NA	NA	NA	1004,5	NA	NA	6	1128,7	36671,3	52,0	25,9	NA	NA	NA	100,6A	NA
11.09.2025 08:41:46	P	25	9	11	8	41	46	2	100	0	NA	30	NA	NA	NA	1004,5	NA	NA	6	1128,7	36671,4	52,1	26,0	NA	NA	NA	100,6A	NA
11.09.2025 08:41:52	P	25	9	11	8	41	52	2	100	0	NA	30	NA	NA	NA	1004,5	NA	NA	6	1128,7	36671,5	52,1	26,0	NA	NA	NA	100,6A	NA
11.09.2025 08:41:58	P	25	9	11	8	41	58	2	100	0	NA	29	NA	NA	NA	1004,1	NA	NA	6	1128,7	36671,6	52,1	26,1	NA	NA	NA	100,6A	NA
11.09.2025 08:42:04	P	25	9	11	8	42	4	2	100	0	NA	30	NA	NA	NA	1004,5	NA	NA	6	1128,7	36671,8	52,1	26,0	NA	NA	NA	100,6A	NA
11.09.2025 08:42:10	P	25	9	11	8	42	10	2	100	0	NA	30	NA	NA	NA	1004,1	NA	NA	6	1128,7	36671,9	51,9	26,0	NA	NA	NA	100,6A	NA
11.09.2025 08:42:16	P	25	9	11	8	42	16	2	100	0	NA	30	NA	NA	NA	1004,5	NA	NA	6	1128,7	36672,0	51,9	26,0	NA	NA	NA	100,6A	NA
11.09.2025 08:42:22	P	25	9	11	8	42	22	2	100	0	NA	30	NA	NA	NA	1004,1	NA	NA	6	1128,7	36672,1	51,9	26,0	NA	NA	NA	100,6A	NA
11.09.2025 08:42:28	P	25	9	11	8	42	28	2	100	0	NA	30	NA	NA	NA	1004,1	NA	NA	6	1128,7	36672,2	51,9	26,0	NA	NA	NA	100,6A	NA
11.09.2025 08:42:34	P	25	9	11	8	42	34	2	100	0	NA	30	NA	NA	NA	1004,3	NA	NA	6	1128,7	36672,4	51,9	26,1	NA	NA	NA	100,6A	NA
11.09.2025 08:42:40	P	25	9	11	8	42	40	2	100	0	NA	30	NA	NA	NA	1004,5	NA	NA	6	1128,7	36672,5	51,9	26,1	NA	NA	NA	100,6A	NA
11.09.2025 08:42:46	P	25	9	11	8	42	46	2	100	0	NA	30	NA	NA	NA	1004,1	NA	NA	6	1128,7	36672,6	51,8	26,1	NA	NA	NA	100,6A	NA
11.09.2025 08:42:52	P	25	9	11	8	42	52	2	100	0	NA	30	NA	NA	NA	1004,5	NA	NA	6	1128,7	36672,7	51,8	26,1	NA	NA	NA	100,6A	NA
11.09.2025 08:42:58	P	25	9	11	8	42	58	2	100	0	NA	30	NA	NA	NA	1004,5	NA	NA	6	1128,7	36672,8	51,9	26,1	NA	NA	NA	100,6A	NA
11.09.2025 08:43:04	P	25	9	11	8	43	4	2	100	0	NA	30	NA	NA	NA	1004,5	NA	NA	6	1128,7	36673,0	51,9	26,1	NA	NA	NA	100,6A	NA
11.09.2025 08:43:10	P	25	9	11	8	43	10	2	100	0	NA	30	NA	NA	NA	1004,5	NA	NA	6	1128,7	36673,1	51,8	26,1	NA	NA	NA	100,6A	NA
11.09.2025 08:43:16	P	25	9	11	8	43	16	2	100	0	NA	30	NA	NA	NA	1004,5	NA	NA	6	1128,7	36673,2	51,8	26,1	NA	NA	NA	100,6A	NA
11.09.2025 08:43:22	P	25	9	11	8	43	22	2	100	0	NA	30	NA	NA	NA	1004,5	NA	NA	6	1128,7	36673,3	51,7	26,1	NA	NA	NA	100,6A	NA
11.09.2025 08:43:28	P	25	9	11	8	43	28	2	100	0	NA	30	NA	NA	NA	1004,5	NA	NA	6	1128,7	36673,4	51,7	26,2	NA	NA	NA	100,6A	NA
11.09.2025 08:43:34	P	25	9	11	8	43	34	2	100	0	NA	30	NA	NA	NA	1004,5	NA	NA	6	1128,7	36673,6	51,7	26,2	NA	NA	NA	100,6A	NA
11.09.2025 08:43:40	P	25	9	11	8	43	40	2	100	0	NA	30	NA	NA	NA	1004,1	NA	NA	6	1128,7	36673,7	51,7	26,2	NA	NA	NA	100,6A	NA
11.09.2025 08:43:46	P	25	9	11	8	43	46	2	100	0	NA	30	NA	NA	NA	1004,5	NA	NA	6	1128,7	36673,8	51,7	26,1	NA	NA	NA	100,6A	NA
11.09.2025 08:43:52	P	25	9	11	8	43	52	2	100	0	NA	30	NA	NA	NA	1004,5	NA	NA	6	1128,7	36673,9	51,7	26,2	NA	NA	NA	100,6A	NA
11.09.2025 08:43:58	P	25	9	11	8	43	58	2	100	0	NA	30	NA	NA	NA	1004,1	NA	NA	6	1128,7	36674,1	51,7	26,2	NA	NA	NA	100,6A	NA
11.09.2025 08:44:04	P	25	9	11	8	44	4	2	100	0	NA	30	NA	NA	NA	1004,5	NA	NA	6	1128,7	36674,2	51,7	26,2	NA	NA	NA	100,6A	NA
11.09.2025 08:44:10	P	25	9	11	8	44	10	2	100	0	NA	30	NA	NA	NA	1004,5	NA	NA	6	1128,7	36674,3	51,6	26,2	NA	NA	NA	100,6A	NA
11.09.2025 08:44:16	P	25	9	11	8	44	16	2	100	0	NA	30	NA	NA	NA	1004,5	NA	NA	6	1128,7	36674,4	51,6	26,2	NA	NA	NA	100,6A	NA
11.09.2025 08:44:22	P	25	9	11	8	44	22	2	100	0	NA	30	NA	NA	NA	1004,5	NA	NA	6	1128,7	36674,5	51,6	26,2	NA	NA	NA	100,6A	NA
11.09.2025 08:44:28	P	25	9	11	8	44	28	2	100	0	NA	30	NA	NA	NA	1004,1	NA	NA	6	1128,7	36674,7	51,6	26,2	NA	NA	NA	100,6A	NA
11.09.2025 08:44:34	P	25	9	11	8	44	34	2	100	0	NA	30	NA	NA	NA	1004,3	NA	NA	6	1128,7	36674,8	51,6	26,3	NA	NA	NA	100,6A	NA
11.09.2025 08:44:40	P	25	9	11	8	44	40	2	100	0	NA	30	NA	NA	NA	1004,5	NA	NA	6	1128,7	36674,9	51,6	26,3	NA	NA	NA	100,6A	NA
11.09.2025 08:44:46	P	25	9	11	8	44	46	2	100	0	NA	30	NA	NA	NA	1004,5	NA	NA	6	1128,7	36675,0	51,5	26,3	NA	NA	NA	100,6A	NA
11.09.2025 08:44:52	P	25	9	11	8	44	52	2	100	0	NA	30	NA	NA	NA	1004,5	NA	NA	6	1128,7	36675,1	51,4	26,3	NA	NA	NA	100,6A	NA
11.09.2025 08:44:58	P	25	9	11	8	44	58	2	100	0	NA	30	NA	NA	NA	1004,1	NA	NA	6	1128,7	36675,3	51,5	26,3	NA	NA	NA	100,6A	NA
11.09.2025 08:45:04	P	25	9	11	8	45	4	2	100	0	NA	30	NA	NA	NA	1004,5	NA	NA	6	1128,7	36675,4	51,5	26,3	NA	NA	NA	100,6A	NA
11.09.2025 08:45:10	P	25	9	11	8	45	10	2	100	0	NA	29	NA	NA	NA	1004,9	NA	NA	6	1128,7	36675,5	51,5	26,3	NA	NA	NA	100,6A	NA
11.09.2025 08:45:16	P	25	9	11	8	45	16	2	100	0	NA	30	NA	NA	NA	1004,5	NA	NA	6	1128,7	36675,6	51,5	26,4	NA	NA	NA	100,6A	NA
11.09.2025 08:45:22	P	25	9	11	8	45	22	2	100	0	NA	30	NA	NA	NA	1004,5	NA	NA	6	1128,7	36675,7	51,4	26,3	NA	NA	NA	100,6A	NA
11.09.2025 08:45:28	P	25	9	11	8	45	28	2	100	0	NA	30	NA	NA	NA	1004,5	NA	NA	6	1128,7	36675,9	51,3	26,3	NA	NA	NA	100,6A	NA
11.09.2025 08:45:34	P	25	9	11	8	45	34	2	100	0	NA	30	NA	NA	NA	1004,4	NA	NA	6	1128,7	36676,0	51,4	26,3	NA	NA	NA	100,6A	NA
11.09.2025 08:45:40	P	25	9	11	8	45	40	2	100	0	NA	30	NA	NA	NA	1004,5	NA	NA	6	1128,7	36676,1	51,4	26,3	NA	NA	NA	100,6A	NA
11.09.2025 08:45:46	P	25	9	11	8	45	46	2	100	0	NA	30	NA	NA	NA	1004,5	NA	NA	6	1128,7	36676,2	51,3	26,4	NA	NA	NA	100,6A	NA
11.09.2025 08:45:52	P	25	9	11	8	45	52	2	100	0	NA	30	NA	NA	NA	1004,1	NA	NA	6	1128,7	36676,4	51,4	26,4	NA	NA	NA	100,6A	NA
11.09.2025 08:45:58	P	25	9	11	8	45	58	2	100	0	NA	30	NA	NA	NA	1004,1	NA	NA	6	1128,7	36676,5	51,3	26,4	NA	NA	NA	100,6A	NA
11.09.2025 08:46:04	P	25	9	11	8	46	4	2	100	0	NA	30	NA	NA	NA	1004,5	NA	NA	6	1128,7	36676,6	51,4	26,4	NA	NA	NA	100,6A	NA
11.09.2025 08:46:10	P	25	9	11	8	46	10	2	100	0	NA	30	NA	NA	NA	1004,5	NA	NA	6	1128,7	36676,7	51,4	26,4	NA	NA	NA	100,6A	NA
11.09.2025 08:46:16	P	25	9	11	8	46	16	2	100	0	NA	30	NA	NA	NA	1004,5	NA	NA	6	1128,7	36676,8	51,2	26,4	NA	NA	NA	100,6A	NA
11.09.2025 08:46:22	P	25	9	11	8	46	22	2	100	0	NA	30	NA	NA	NA	1004,5	NA	NA	6	1128,7	36677,0	51,3	26,4	NA	NA	NA	100,6A	NA
11.09.2025 08:46:28	P	25	9	11	8	46	28	2	100	0	NA	30	NA	NA	NA	1004,1	NA	NA	6	1128,7	36677,1	51,3	26,4	NA	NA	NA	100,6A	NA
11.09.2025 08:46:34	P	25	9	11	8	46	34	2	100	0	NA	30	NA	NA	NA	1004,5	NA	NA	6	1128,7	36677,2	51,3	26,4	NA	NA	NA	100,6A	NA
11.09.2025 08:46:40	P	25	9	11	8	46	40	2	100	0	NA	30	NA	NA	NA	1004,5	NA	NA	6	1128,7	36677,3	51,3	26,5	NA	NA	NA	100,6A	NA
11.09.2025 08:46:46	P	25	9	11	8	46	46	2	100	0	NA	30	NA	NA	NA	1004,5	NA	NA	6	1128,7	36677,4	51,2	26,4	NA	NA	NA	100,6A	NA
11.09.2025 08:46:52	P	25	9	11	8	46	52	2	100	0	NA	30	NA	NA	NA	1004,5	NA	NA	6	1128,7	36677,6	51,2	26,5	NA	NA	NA	100,6A	NA
11.09.2025 08:46:58	P	25	9	11	8	46	58	2	100	0	NA	30	NA	NA	NA	1004,1	NA	NA	6	1128,7	36677,7	51,3	26,5	NA	NA	NA	100,6A	NA
11.09.2025 08:47:04	P	25	9	11	8	47	4	2	100	0	NA	30	NA	NA	NA	1004,5	NA	NA	6	1128,7	36677,8	51,1	26,5	NA	NA	NA	100,6A	NA
11.09.2025 08:47:10	P	25	9	11	8	47	10	2	100	0	NA	29	NA	NA	NA	1004,5	NA	NA	6	1128,7	36677,9	51,1	26,5	NA	NA	NA	100,6A	NA
11.09.2025 08:47:16	P	25	9	11	8	47	16	2	100	0	NA	30	NA	NA	NA	1004,5	NA	NA	6	1128,7	36678,0	51,2	26,5	NA	NA	NA	100,6A	NA
11.09.2025 08:47:22	P	25	9	11	8	47	22	2	100	0	NA	30	NA	NA	NA	1004,5	NA	NA	6	1128,7	36678,2	51,2	26,5	NA	NA	NA	100,6A	NA
11.09.2025 08:47:28	P	25	9	11	8	47	28	2	100	0	NA	30	NA	NA	NA	1004,9	NA	NA	6	1128,7	36678,3	51,2	26,5	NA	NA	NA	100,6A	NA
11.09.2025 08:47:34	P	25	9	11	8	47	34	2	100	0	NA	29	NA	NA	NA	1004,2	NA	NA	6	1128,7	36678,4	51,2	26,5	NA	NA	NA	100,6A	NA
11.09.2025 08:47:40	P	25	9	11	8	47	40	2	100	0	NA	29	NA	NA	NA	1004,5	NA	NA	6	1128,7	36678,5	51,2	26,5	NA	NA	NA	100,6A	NA
11.09.2025 08:47:46	P	25	9	11	8	47	46	2	100	0	NA	29	NA	NA	NA	1004,5	NA	NA	6	1128,7	36678,7	51,2	26,5	NA	NA	NA	100,6A	NA
11.09.2025 08:47:52	P	25	9	11	8	47	52	2	100	0	NA	29	NA	NA	NA	1004,5	NA	NA	6	1128,7	36678,8	51,3	26,5	NA	NA	NA	100,6A	NA
11.09.2025 08:47:58	P	25	9	11	8	47	58	2	100	0	NA	29	NA	NA	NA	1004,5	NA	NA	6	1128,7	36678,9	51,3	26,6	NA	NA	NA	100,6A	NA
11.09.2025 08:48:04	P	25	9	11	8	48	4	2	100	0	NA	29	NA	NA	NA	1004,5	NA	NA	6	1128,7	36679,0	51,3	26,5	NA	NA	NA	100,6A	NA
11.09.2025 08:48:10	P	25	9	11	8	48	10	2	100	0	NA	30	NA	NA	NA	1004,5	NA	NA	6	1128,7	36679,1	51,4	26,5	NA	NA	NA	100,6A	NA
11.09.2025 08:48:16	P	25	9	11	8	48	16	2	100	0	NA	29	NA	NA	NA	1004,5	NA	NA	6	1128,7	36679,3	51,5	26,6	NA	NA	NA	100,6A	NA
11.09.2025 08:48:22	P	25	9	11	8	48	22	2	100	0	NA	29	NA	NA	NA	1004,5	NA	NA	6	1128,7	36679,4	51,7	26,6	NA	NA	NA	100,6A	NA
11.09.2025 08:48:28	P	25	9	11	8	48	28	2	100	0	NA	29	NA	NA	NA	1004,5	NA	NA	6	1128,7	36679,5	51,8	26,6	NA	NA	NA	100,6A	NA
11.09.2025 08:48:34	P	25	9	11	8	48	34	2	100	0	NA	29	NA	NA	NA	1004,5	NA	NA	6	1128,7	36679,6	51,9	26,6	NA	NA	NA	100,6A	NA
11.09.2025 08:48:40	P	25	9	11	8	48	40	2	100	0	NA	29	NA	NA	NA	1004,5	NA	NA	6	1128,7	36679,7	52,0	26,6	NA	NA	NA	100,6A	NA
11.09.2025 08:48:46	P	25	9	11	8	48	46	2	100	0	NA	29	NA	NA	NA	1004,1	NA	NA	6	1128,7	36679,9	52,2	26,6	NA	NA	NA	100,6A	NA
11.09.2025 08:48:52	P	25	9	11	8	48	52	2	100	0	NA	29	NA	NA	NA	1004,1	NA	NA	6	1128,7	36680,0	52,2	26,6	NA	NA	NA	100,6A	NA
11.09.2025 08:48:58	P	25	9	11	8	48	58	2	100	0	NA	29	NA	NA	NA	1004,5	NA	NA	6	1128,7	36680,1	52,4	26,6	NA	NA	NA	100,6A	NA
11.09.2025 08:49:04	P	25	9	11	8	49	4	2	100	0	NA	29	NA	NA	NA	1004,1	NA	NA	6	1128,7	36680,2	52,4	26,6	NA	NA	NA	100,6A	NA
11.09.2025 08:49:10	P	25	9	11	8	49	10	2	100	0	NA	29	NA	NA	NA	1004,5	NA	NA	6	1128,8	36680,3	52,6	26,6	NA	NA	NA	100,6A	NA
11.09.2025 08:49:16	P	25	9	11	8	49	16	2	100	0	NA	30	NA	NA	NA	1004,5	NA	NA	6	1128,8	36680,5	52,6	26,7	NA	NA	NA	100,6A	NA
11.09.2025 08:49:22	P	25	9	11	8	49	22	2	100	0	NA	29	NA	NA	NA	1004,1	NA	NA	6	1128,8	36680,6	52,7	26,6	NA	NA	NA	100,6A	NA
11.09.2025 08:49:28	P	25	9	11	8	49	28	2	100	0	NA	29	NA	NA	NA	1004,5	NA	NA	6	1128,8	36680,7	52,7	26,7	NA	NA	NA	100,6A	NA
11.09.2025 08:49:34	P	25	9	11	8	49	34	2	100	0	NA	30	NA	NA	NA	1004,4	NA	NA	6	1128,8	36680,8	52,8	26,6	NA	NA	NA	100,6A	NA
11.09.2025 08:49:40	P	25	9	11	8	49	40	2	100	0	NA	29	NA	NA	NA	1004,5	NA	NA	6	1128,8	36681,0	52,9	26,6	NA	NA	NA	100,6A	NA
11.09.2025 08:49:46	P	25	9	11	8	49	46	2	100	0	NA	29	NA	NA	NA	1004,1	NA	NA	6	1128,8	36681,1	52,9	26,7	NA	NA	NA	100,6A	NA
11.09.2025 08:49:52	P	25	9	11	8	49	52	2	100	0	NA	30	NA	NA	NA	1004,1	NA	NA	6	1128,9	36681,2	53,0	26,7	NA	NA	NA	100,6A	NA
11.09.2025 08:49:58	P	25	9	11	8	49	58	2	100	0	NA	29	NA	NA	NA	1004,5	NA	NA	6	1129,0	36681,3	53,1	26,7	NA	NA	NA	100,6A	NA
11.09.2025 08:50:04	P	25	9	11	8	50	4	2	100	0	NA	29	NA	NA	NA	1004,5	NA	NA	6	1129,0	36681,4	53,1	26,7	NA	NA	NA	100,6A	NA
11.09.2025 08:50:10	P	25	9	11	8	50	10	2	100	0	NA	29	NA	NA	NA	1004,5	NA	NA	6	1129,0	36681,6	53,2	26,7	NA	NA	NA	100,6A	NA
11.09.2025 08:50:16	P	25	9	11	8	50	16	2	100	0	NA	29	NA	NA	NA	1004,1	NA	NA	6	1129,0	36681,7	53,2	26,7	NA	NA	NA	100,6A	NA
11.09.2025 08:50:22	P	25	9	11	8	50	22	2	100	0	NA	29	NA	NA	NA	1004,5	NA	NA	6	1129,0	36681,8	53,2	26,7	NA	NA	NA	100,6A	NA
11.09.2025 08:50:28	P	25	9	11	8	50	28	2	100	0	NA	29	NA	NA	NA	1004,5	NA	NA	6	1129,0	36681,9	53,2	26,7	NA	NA	NA	100,6A	NA
11.09.2025 08:50:34	P	25	9	11	8	50	34	2	100	0	NA	29	NA	NA	NA	1004,3	NA	NA	6	1129,0	36682,0	53,4	26,7	NA	NA	NA	100,6A	NA
11.09.2025 08:50:40	P	25	9	11	8	50	40	2	100	0	NA	29	NA	NA	NA	1004,5	NA	NA	6	1129,0	36682,2	53,5	26,7	NA	NA	NA	100,6A	NA
11.09.2025 08:50:46	P	25	9	11	8	50	46	2	100	0	NA	29	NA	NA	NA	1004,5	NA	NA	6	1129,0	36682,3	53,7	26,8	NA	NA	NA	100,6A	NA
11.09.2025 08:50:52	P	25	9	11	8	50	52	2	100	0	NA	29	NA	NA	NA	1004,5	NA	NA	6	1129,1	36682,4	53,9	26,8	NA	NA	NA	100,6A	NA
11.09.2025 08:50:58	P	25	9	11	8	50	58	2	100	0	NA	29	NA	NA	NA	1004,5	NA	NA	6	1129,1	36682,5	53,9	26,8	NA	NA	NA	100,6A	NA
11.09.2025 08:51:04	P	25	9	11	8	51	4	2	100	0	NA	29	NA	NA	NA	1004,1	NA	NA	6	1129,1	36682,6	54,0	26,8	NA	NA	NA	100,6A	NA
11.09.2025 08:51:10	P	25	9	11	8	51	10	2	100	0	NA	29	NA	NA	NA	1004,1	NA	NA	6	1129,2	36682,8	54,2	26,8	NA	NA	NA	100,6A	NA
11.09.2025 08:51:16	P	25	9	11	8	51	16	2	100	0	NA	29	NA	NA	NA	1004,5	NA	NA	6	1129,2	36682,9	54,4	26,8	NA	NA	NA	100,6A	NA
11.09.2025 08:51:22	P	25	9	11	8	51	22	2	100	0	NA	30	NA	NA	NA	1004,5	NA	NA	6	1129,2	36683,0	54,6	26,8	NA	NA	NA	100,6A	NA
11.09.2025 08:51:28	P	25	9	11	8	51	28	2	100	0	NA	29	NA	NA	NA	1004,1	NA	NA	6	1129,3	36683,1	54,7	26,8	NA	NA	NA	100,6A	NA
11.09.2025 08:51:34	P	25	9	11	8	51	34	2	100	0	NA	29	NA	NA	NA	1004,5	NA	NA	6	1129,3	36683,3	54,8	26,8	NA	NA	NA	100,6A	NA
11.09.2025 08:51:40	P	25	9	11	8	51	40	2	100	0	NA	29	NA	NA	NA	1004,5	NA	NA	6	1129,3	36683,4	54,8	26,8	NA	NA	NA	100,6A	NA
11.09.2025 08:51:46	P	25	9	11	8	51	46	2	100	0	NA	29	NA	NA	NA	1004,1	NA	NA	6	1129,3	36683,5	54,8	26,9	NA	NA	NA	100,6A	NA
11.09.2025 08:51:52	P	25	9	11	8	51	52	2	100	0	NA	29	NA	NA	NA	1004,5	NA	NA	6	1129,4	36683,6	55,0	26,8	NA	NA	NA	100,6A	NA
11.09.2025 08:51:58	P	25	9	11	8	51	58	2	100	0	NA	29	NA	NA	NA	1004,1	NA	NA	6	1129,5	36683,7	55,1	26,9	NA	NA	NA	100,6A	NA
11.09.2025 08:52:04	P	25	9	11	8	52	4	2	100	0	NA	29	NA	NA	NA	1004,5	NA	NA	6	1129,5	36683,9	55,3	26,8	NA	NA	NA	100,6A	NA
11.09.2025 08:52:10	P	25	9	11	8	52	10	2	100	0	NA	29	NA	NA	NA	1004,9	NA	NA	6	1129,5	36684,0	55,5	26,8	NA	NA	NA	100,6A	NA
11.09.2025 08:52:16	P	25	9	11	8	52	16	2	100	0	NA	29	NA	NA	NA	1004,5	NA	NA	6	1129,5	36684,1	55,8	26,9	NA	NA	NA	100,6A	NA
11.09.2025 08:52:22	P	25	9	11	8	52	22	2	100	0	NA	29	NA	NA	NA	1004,5	NA	NA	6	1129,5	36684,2	55,9	26,8	NA	NA	NA	100,6A	NA
11.09.2025 08:52:28	P	25	9	11	8	52	28	2	100	0	NA	29	NA	NA	NA	1004,5	NA	NA	6	1129,5	36684,3	56,0	26,9	NA	NA	NA	100,6A	NA
11.09.2025 08:52:34	P	25	9	11	8	52	34	2	100	0	NA	29	NA	NA	NA	1004,6	NA	NA	6	1129,5	36684,5	56,1	26,9	NA	NA	NA	100,6A	NA
11.09.2025 08:52:40	P	25	9	11	8	52	40	2	100	0	NA	29	NA	NA	NA	1004,5	NA	NA	6	1129,6	36684,6	56,2	26,9	NA	NA	NA	100,6A	NA
11.09.2025 08:52:46	P	25	9	11	8	52	46	2	100	0	NA	30	NA	NA	NA	1004,5	NA	NA	6	1129,6	36684,7	56,3	26,9	NA	NA	NA	100,6A	NA
11.09.2025 08:52:52	P	25	9	11	8	52	52	2	100	0	NA	29	NA	NA	NA	1004,5	NA	NA	6	1129,6	36684,8	56,4	26,9	NA	NA	NA	100,6A	NA
11.09.2025 08:52:58	P	25	9	11	8	52	58	2	100	0	NA	29	NA	NA	NA	1004,5	NA	NA	6	1129,7	36684,9	56,4	26,9	NA	NA	NA	100,6A	NA
11.09.2025 08:53:04	P	25	9	11	8	53	4	2	100	0	NA	30	NA	NA	NA	1004,5	NA	NA	6	1129,7	36685,1	56,6	26,9	NA	NA	NA	100,6A	NA
11.09.2025 08:53:10	P	25	9	11	8	53	10	2	100	0	NA	29	NA	NA	NA	1004,5	NA	NA	6	1129,8	36685,2	56,8	26,9	NA	NA	NA	100,6A	NA
11.09.2025 08:53:16	P	25	9	11	8	53	16	2	100	0	NA	30	NA	NA	NA	1004,5	NA	NA	6	1129,8	36685,3	57,0	26,9	NA	NA	NA	100,6A	NA
11.09.2025 08:53:22	P	25	9	11	8	53	22	2	100	0	NA	30	NA	NA	NA	1004,5	NA	NA	6	1129,9	36685,4	57,2	26,9	NA	NA	NA	100,6A	NA
11.09.2025 08:53:28	P	25	9	11	8	53	28	2	100	0	NA	30	NA	NA	NA	1004,5	NA	NA	6	1129,9	36685,6	57,4	26,9	NA	NA	NA	100,6A	NA
11.09.2025 08:53:34	P	25	9	11	8	53	34	2	100	0	NA	30	NA	NA	NA	1004,5	NA	NA	6	1129,9	36685,7	57,6	27,0	NA	NA	NA	100,6A	NA
11.09.2025 08:53:40	P	25	9	11	8	53	40	2	100	0	NA	30	NA	NA	NA	1004,5	NA	NA	6	1130,0	36685,8	57,9	27,0	NA	NA	NA	100,6A	NA
11.09.2025 08:53:46	P	25	9	11	8	53	46	2	100	0	NA	30	NA	NA	NA	1004,5	NA	NA	6	1130,0	36685,9	58,2	27,0	NA	NA	NA	100,6A	NA
11.09.2025 08:53:52	P	25	9	11	8	53	52	2	100	0	NA	29	NA	NA	NA	1004,5	NA	NA	6	1130,1	36686,0	58,4	27,0	NA	NA	NA	100,6A	NA
11.09.2025 08:53:58	P	25	9	11	8	53	58	2	100	0	NA	29	NA	NA	NA	1004,1	NA	NA	6	1130,1	36686,2	58,7	27,0	NA	NA	NA	100,6A	NA
11.09.2025 08:54:04	P	25	9	11	8	54	4	2	100	0	NA	30	NA	NA	NA	1004,1	NA	NA	6	1130,1	36686,3	58,8	27,0	NA	NA	NA	100,6A	NA
11.09.2025 08:54:10	P	25	9	11	8	54	10	2	100	0	NA	29	NA	NA	NA	1004,5	NA	NA	6	1130,2	36686,4	58,8	27,1	NA	NA	NA	100,6A	NA
11.09.2025 08:54:16	P	25	9	11	8	54	16	2	100	0	NA	30	NA	NA	NA	1004,5	NA	NA	6	1130,2	36686,5	59,1	27,0	NA	NA	NA	100,6A	NA
11.09.2025 08:54:22	P	25	9	11	8	54	22	2	100	0	NA	30	NA	NA	NA	1004,1	NA	NA	6	1130,3	36686,6	59,3	27,0	NA	NA	NA	100,6A	NA
11.09.2025 08:54:28	P	25	9	11	8	54	28	2	100	0	NA	29	NA	NA	NA	1004,5	NA	NA	6	1130,3	36686,8	59,4	27,1	NA	NA	NA	100,6A	NA
11.09.2025 08:54:34	P	25	9	11	8	54	34	2	100	0	NA	30	NA	NA	NA	1004,5	NA	NA	6	1130,4	36686,9	59,5	27,1	NA	NA	NA	100,6A	NA
11.09.2025 08:54:40	P	25	9	11	8	54	40	2	100	0	NA	30	NA	NA	NA	1004,5	NA	NA	6	1130,4	36687,0	60,0	27,0	NA	NA	NA	100,6A	NA
11.09.2025 08:54:46	P	25	9	11	8	54	46	2	100	0	NA	29	NA	NA	NA	1004,9	NA	NA	6	1130,5	36687,1	60,2	27,0	NA	NA	NA	100,6A	NA
11.09.2025 08:54:52	P	25	9	11	8	54	52	2	100	0	NA	30	NA	NA	NA	1004,5	NA	NA	6	1130,5	36687,3	60,4	27,0	NA	NA	NA	100,6A	NA
11.09.2025 08:54:58	P	25	9	11	8	54	58	2	100	0	NA	30	NA	NA	NA	1004,5	NA	NA	6	1130,5	36687,4	60,5	27,1	NA	NA	NA	100,6A	NA
11.09.2025 08:55:04	P	25	9	11	8	55	4	2	100	0	NA	30	NA	NA	NA	1004,5	NA	NA	6	1130,5	36687,5	60,6	27,1	NA	NA	NA	100,6A	NA
11.09.2025 08:55:10	P	25	9	11	8	55	10	2	100	0	NA	30	NA	NA	NA	1004,5	NA	NA	6	1130,6	36687,6	60,8	27,1	NA	NA	NA	100,6A	NA
11.09.2025 08:55:16	P	25	9	11	8	55	16	2	100	0	NA	30	NA	NA	NA	1004,1	NA	NA	6	1130,6	36687,7	61,2	27,1	NA	NA	NA	100,6A	NA
11.09.2025 08:55:22	P	25	9	11	8	55	22	2	100	0	NA	30	NA	NA	NA	1004,5	NA	NA	6	1130,7	36687,9	61,3	27,1	NA	NA	NA	100,6A	NA
11.09.2025 08:55:28	P	25	9	11	8	55	28	2	100	0	NA	30	NA	NA	NA	1004,9	NA	NA	6	1130,7	36688,0	61,5	27,1	NA	NA	NA	100,6A	NA
11.09.2025 08:55:34	P	25	9	11	8	55	34	2	100	0	NA	30	NA	NA	NA	1004,5	NA	NA	6	1130,7	36688,1	61,9	27,1	NA	NA	NA	100,6A	NA
11.09.2025 08:55:40	P	25	9	11	8	55	40	2	100	0	NA	30	NA	NA	NA	1004,5	NA	NA	6	1130,7	36688,2	62,3	27,1	NA	NA	NA	100,6A	NA
11.09.2025 08:55:46	P	25	9	11	8	55	46	2	100	0	NA	30	NA	NA	NA	1004,5	NA	NA	6	1130,8	36688,3	62,4	27,1	NA	NA	NA	100,6A	NA
11.09.2025 08:55:52	P	25	9	11	8	55	52	2	100	0	NA	30	NA	NA	NA	1004,5	NA	NA	6	1130,8	36688,5	62,6	27,1	NA	NA	NA	100,6A	NA
11.09.2025 08:55:58	P	25	9	11	8	55	58	2	100	0	NA	30	NA	NA	NA	1004,5	NA	NA	6	1130,9	36688,6	62,7	27,2	NA	NA	NA	100,6A	NA
11.09.2025 08:56:04	P	25	9	11	8	56	4	2	100	0	NA	30	NA	NA	NA	1004,5	NA	NA	6	1130,9	36688,7	62,7	27,1	NA	NA	NA	100,6A	NA
11.09.2025 08:56:10	P	25	9	11	8	56	10	2	100	0	NA	30	NA	NA	NA	1004,1	NA	NA	6	1131,0	36688,8	62,9	27,2	NA	NA	NA	100,6A	NA
11.09.2025 08:56:16	P	25	9	11	8	56	16	2	100	0	NA	30	NA	NA	NA	1004,5	NA	NA	6	1131,0	36688,9	63,2	27,2	NA	NA	NA	100,6A	NA
11.09.2025 08:56:22	P	25	9	11	8	56	22	2	100	0	NA	30	NA	NA	NA	1004,1	NA	NA	6	1131,0	36689,1	63,3	27,2	NA	NA	NA	100,6A	NA
11.09.2025 08:56:28	P	25	9	11	8	56	28	2	100	0	NA	30	NA	NA	NA	1004,5	NA	NA	6	1131,1	36689,2	63,7	27,2	NA	NA	NA	100,6A	NA
11.09.2025 08:56:34	P	25	9	11	8	56	34	2	100	0	NA	30	NA	NA	NA	1004,6	NA	NA	6	1131,1	36689,3	63,8	27,2	NA	NA	NA	100,6A	NA
11.09.2025 08:56:40	P	25	9	11	8	56	40	2	100	0	NA	30	NA	NA	NA	1004,5	NA	NA	6	1131,1	36689,4	64,1	27,2	NA	NA	NA	100,6A	NA
11.09.2025 08:56:46	P	25	9	11	8	56	46	2	100	0	NA	30	NA	NA	NA	1004,1	NA	NA	6	1131,3	36689,6	64,2	27,2	NA	NA	NA	100,6A	NA
11.09.2025 08:56:52	P	25	9	11	8	56	52	2	100	0	NA	30	NA	NA	NA	1004,5	NA	NA	6	1131,4	36689,7	64,4	27,2	NA	NA	NA	100,6A	NA
11.09.2025 08:56:58	P	25	9	11	8	56	58	2	100	0	NA	30	NA	NA	NA	1004,5	NA	NA	6	1131,4	36689,8	64,6	27,2	NA	NA	NA	100,6A	NA
11.09.2025 08:57:04	P	25	9	11	8	57	4	2	100	0	NA	30	NA	NA	NA	1004,1	NA	NA	6	1131,5	36689,9	64,4	27,2	NA	NA	NA	100,6A	NA
11.09.2025 08:57:10	P	25	9	11	8	57	10	2	100	0	NA	30	NA	NA	NA	1004,5	NA	NA	6	1131,5	36690,0	64,7	27,2	NA	NA	NA	100,6A	NA
11.09.2025 08:57:16	P	25	9	11	8	57	16	2	100	0	NA	30	NA	NA	NA	1004,5	NA	NA	6	1131,6	36690,2	64,9	27,2	NA	NA	NA	100,6A	NA
11.09.2025 08:57:22	P	25	9	11	8	57	22	2	100	0	NA	30	NA	NA	NA	1004,5	NA	NA	6	1131,6	36690,3	64,9	27,3	NA	NA	NA	100,6A	NA
11.09.2025 08:57:28	P	25	9	11	8	57	28	2	100	0	NA	30	NA	NA	NA	1004,5	NA	NA	6	1131,6	36690,4	65,2	27,3	NA	NA	NA	100,6A	NA
11.09.2025 08:57:34	P	25	9	11	8	57	34	2	100	0	NA	30	NA	NA	NA	1004,5	NA	NA	6	1131,6	36690,5	65,4	27,2	NA	NA	NA	100,6A	NA
11.09.2025 08:57:40	P	25	9	11	8	57	40	2	100	0	NA	30	NA	NA	NA	1004,5	NA	NA	6	1131,7	36690,6	65,6	27,3	NA	NA	NA	100,6A	NA
11.09.2025 08:57:46	P	25	9	11	8	57	46	2	100	0	NA	30	NA	NA	NA	1004,5	NA	NA	6	1131,7	36690,8	65,7	27,3	NA	NA	NA	100,6A	NA
11.09.2025 08:57:52	P	25	9	11	8	57	52	2	100	0	NA	30	NA	NA	NA	1004,5	NA	NA	6	1131,7	36690,9	65,8	27,3	NA	NA	NA	100,6A	NA
11.09.2025 08:57:58	P	25	9	11	8	57	58	2	100	0	NA	30	NA	NA	NA	1004,5	NA	NA	6	1131,7	36691,0	65,9	27,3	NA	NA	NA	100,6A	NA
11.09.2025 08:58:04	P	25	9	11	8	58	4	2	100	0	NA	30	NA	NA	NA	1004,5	NA	NA	6	1131,8	36691,1	66,1	27,3	NA	NA	NA	100,6A	NA
11.09.2025 08:58:10	P	25	9	11	8	58	10	2	100	0	NA	30	NA	NA	NA	1004,5	NA	NA	6	1131,8	36691,2	66,4	27,3	NA	NA	NA	100,6A	NA
11.09.2025 08:58:16	P	25	9	11	8	58	16	2	100	0	NA	30	NA	NA	NA	1004,5	NA	NA	6	1131,9	36691,4	66,6	27,3	NA	NA	NA	100,6A	NA
11.09.2025 08:58:22	P	25	9	11	8	58	22	2	100	0	NA	30	NA	NA	NA	1004,5	NA	NA	6	1131,9	36691,5	66,7	27,3	NA	NA	NA	100,6A	NA
11.09.2025 08:58:28	P	25	9	11	8	58	28	2	100	0	NA	30	NA	NA	NA	1004,5	NA	NA	6	1131,9	36691,6	67,0	27,3	NA	NA	NA	100,6A	NA
11.09.2025 08:58:34	P	25	9	11	8	58	34	2	100	0	NA	30	NA	NA	NA	1004,3	NA	NA	6	1132,0	36691,7	67,3	27,4	NA	NA	NA	100,6A	NA
11.09.2025 08:58:40	P	25	9	11	8	58	40	2	100	0	NA	30	NA	NA	NA	1004,1	NA	NA	6	1132,0	36691,9	67,3	27,3	NA	NA	NA	100,6A	NA
11.09.2025 08:58:46	P	25	9	11	8	58	46	2	100	0	NA	30	NA	NA	NA	1004,5	NA	NA	6	1132,0	36692,0	67,3	27,3	NA	NA	NA	100,6A	NA
11.09.2025 08:58:52	P	25	9	11	8	58	52	2	100	0	NA	30	NA	NA	NA	1004,5	NA	NA	6	1132,1	36692,1	67,6	27,4	NA	NA	NA	100,6A	NA
11.09.2025 08:58:58	P	25	9	11	8	58	58	2	100	0	NA	30	NA	NA	NA	1004,5	NA	NA	6	1132,1	36692,2	67,7	27,3	NA	NA	NA	100,6A	NA
11.09.2025 08:59:04	P	25	9	11	8	59	4	2	100	0	NA	30	NA	NA	NA	1004,5	NA	NA	6	1132,2	36692,3	67,7	27,3	NA	NA	NA	100,6A	NA
11.09.2025 08:59:10	P	25	9	11	8	59	10	2	100	0	NA	30	NA	NA	NA	1004,1	NA	NA	6	1132,2	36692,5	67,9	27,3	NA	NA	NA	100,6A	NA
11.09.2025 08:59:16	P	25	9	11	8	59	16	2	100	0	NA	30	NA	NA	NA	1004,5	NA	NA	6	1132,2	36692,6	68,5	27,4	NA	NA	NA	100,6A	NA
11.09.2025 08:59:22	P	25	9	11	8	59	22	2	100	0	NA	30	NA	NA	NA	1004,1	NA	NA	6	1132,2	36692,7	68,6	27,4	NA	NA	NA	100,6A	NA
11.09.2025 08:59:28	P	25	9	11	8	59	28	2	100	0	NA	30	NA	NA	NA	1004,5	NA	NA	6	1132,3	36692,8	68,5	27,4	NA	NA	NA	100,6A	NA
11.09.2025 08:59:34	P	25	9	11	8	59	34	2	100	0	NA	30	NA	NA	NA	1004,3	NA	NA	6	1132,4	36692,9	68,6	27,4	NA	NA	NA	100,6A	NA
11.09.2025 08:59:40	P	25	9	11	8	59	40	2	100	0	NA	30	NA	NA	NA	1004,5	NA	NA	6	1132,4	36693,1	68,6	27,4	NA	NA	NA	100,6A	NA
11.09.2025 08:59:46	P	25	9	11	8	59	46	2	100	0	NA	30	NA	NA	NA	1004,5	NA	NA	6	1132,4	36693,2	68,5	27,4	NA	NA	NA	100,6A	NA
11.09.2025 08:59:52	P	25	9	11	8	59	52	2	100	0	NA	30	NA	NA	NA	1004,5	NA	NA	6	1132,5	36693,3	68,6	27,5	NA	NA	NA	100,6A	NA
11.09.2025 08:59:58	P	25	9	11	8	59	58	2	100	0	NA	30	NA	NA	NA	1004,5	NA	NA	6	1132,5	36693,4	68,8	27,4	NA	NA	NA	100,6A	NA
11.09.2025 09:00:04	P	25	9	11	9	0	4	2	100	0	NA	30	NA	NA	NA	1004,5	NA	NA	6	1132,5	36693,5	68,9	27,5	NA	NA	NA	100,6A	NA
11.09.2025 09:00:10	P	25	9	11	9	0	10	2	100	0	NA	30	NA	NA	NA	1004,9	NA	NA	6	1132,5	36693,7	68,9	27,5	NA	NA	NA	100,6A	NA
11.09.2025 09:00:16	P	25	9	11	9	0	16	2	100	0	NA	30	NA	NA	NA	1004,5	NA	NA	6	1132,5	36693,8	68,9	27,4	NA	NA	NA	100,6A	NA
11.09.2025 09:00:22	P	25	9	11	9	0	22	2	100	0	NA	30	NA	NA	NA	1004,9	NA	NA	6	1132,6	36693,9	69,0	27,4	NA	NA	NA	100,6A	NA
11.09.2025 09:00:28	P	25	9	11	9	0	28	2	100	0	NA	30	NA	NA	NA	1004,5	NA	NA	6	1132,6	36694,0	69,1	27,5	NA	NA	NA	100,6A	NA
11.09.2025 09:00:34	P	25	9	11	9	0	34	2	100	0	NA	30	NA	NA	NA	1004,5	NA	NA	6	1132,6	36694,2	69,3	27,4	NA	NA	NA	100,6A	NA
11.09.2025 09:00:40	P	25	9	11	9	0	40	2	100	0	NA	30	NA	NA	NA	1004,5	NA	NA	6	1132,7	36694,3	69,5	27,5	NA	NA	NA	100,6A	NA
11.09.2025 09:00:46	P	25	9	11	9	0	46	2	100	0	NA	30	NA	NA	NA	1004,5	NA	NA	6	1132,7	36694,4	69,6	27,5	NA	NA	NA	100,6A	NA
11.09.2025 09:00:52	P	25	9	11	9	0	52	2	100	0	NA	30	NA	NA	NA	1004,5	NA	NA	6	1132,7	36694,5	69,6	27,5	NA	NA	NA	100,6A	NA
11.09.2025 09:00:58	P	25	9	11	9	0	58	2	100	0	NA	30	NA	NA	NA	1004,5	NA	NA	6	1132,9	36694,6	69,6	27,5	NA	NA	NA	100,6A	NA
11.09.2025 09:01:04	P	25	9	11	9	1	4	2	100	0	NA	30	NA	NA	NA	1004,5	NA	NA	6	1132,9	36694,8	69,7	27,5	NA	NA	NA	100,6A	NA
11.09.2025 09:01:10	P	25	9	11	9	1	10	2	100	0	NA	29	NA	NA	NA	1004,5	NA	NA	6	1132,9	36694,9	69,8	27,5	NA	NA	NA	100,6A	NA
11.09.2025 09:01:16	P	25	9	11	9	1	16	2	100	0	NA	29	NA	NA	NA	1004,5	NA	NA	6	1133,0	36695,0	69,6	27,5	NA	NA	NA	100,6A	NA
11.09.2025 09:01:22	P	25	9	11	9	1	22	2	100	0	NA	30	NA	NA	NA	1004,5	NA	NA	6	1133,0	36695,1	68,5	27,6	NA	NA	NA	100,6A	NA
11.09.2025 09:01:28	P	25	9	11	9	1	28	2	100	0	NA	29	NA	NA	NA	1004,5	NA	NA	6	1133,0	36695,2	68,3	27,6	NA	NA	NA	100,6A	NA
11.09.2025 09:01:34	P	25	9	11	9	1	34	2	100	0	NA	30	NA	NA	NA	1004,5	NA	NA	6	1133,0	36695,4	68,3	27,6	NA	NA	NA	100,6A	NA
11.09.2025 09:01:40	P	25	9	11	9	1	40	2	100	0	NA	30	NA	NA	NA	1004,1	NA	NA	6	1133,1	36695,5	68,5	27,6	NA	NA	NA	100,6A	NA
11.09.2025 09:01:46	P	25	9	11	9	1	46	2	100	0	NA	30	NA	NA	NA	1004,5	NA	NA	6	1133,1	36695,6	68,5	27,5	NA	NA	NA	100,6A	NA
11.09.2025 09:01:52	P	25	9	11	9	1	52	2	100	0	NA	29	NA	NA	NA	1004,1	NA	NA	6	1133,1	36695,7	68,6	27,6	NA	NA	NA	100,6A	NA
11.09.2025 09:01:58	P	25	9	11	9	1	58	2	100	0	NA	30	NA	NA	NA	1004,5	NA	NA	6	1133,1	36695,8	68,5	27,6	NA	NA	NA	100,6A	NA
11.09.2025 09:02:04	P	25	9	11	9	2	4	2	100	0	NA	30	NA	NA	NA	1004,5	NA	NA	6	1133,1	36696,0	68,2	27,5	NA	NA	NA	100,6A	NA
11.09.2025 09:02:10	P	25	9	11	9	2	10	2	100	0	NA	29	NA	NA	NA	1004,5	NA	NA	6	1133,2	36696,1	68,2	27,6	NA	NA	NA	100,6A	NA
11.09.2025 09:02:16	P	25	9	11	9	2	16	2	100	0	NA	30	NA	NA	NA	1004,5	NA	NA	6	1133,2	36696,2	68,4	27,7	NA	NA	NA	100,6A	NA
11.09.2025 09:02:22	P	25	9	11	9	2	22	2	100	0	NA	30	NA	NA	NA	1004,5	NA	NA	6	1133,2	36696,3	68,3	27,6	NA	NA	NA	100,6A	NA
11.09.2025 09:02:28	P	25	9	11	9	2	28	2	100	0	NA	30	NA	NA	NA	1004,1	NA	NA	6	1133,4	36696,5	68,4	27,6	NA	NA	NA	100,6A	NA
11.09.2025 09:02:34	P	25	9	11	9	2	34	2	100	0	NA	30	NA	NA	NA	1004,4	NA	NA	6	1133,4	36696,6	68,7	27,6	NA	NA	NA	100,6A	NA
11.09.2025 09:02:40	P	25	9	11	9	2	40	2	100	0	NA	30	NA	NA	NA	1004,1	NA	NA	6	1133,4	36696,7	68,7	27,6	NA	NA	NA	100,6A	NA
11.09.2025 09:02:46	P	25	9	11	9	2	46	2	100	0	NA	30	NA	NA	NA	1004,5	NA	NA	6	1133,5	36696,8	68,9	27,6	NA	NA	NA	100,6A	NA
11.09.2025 09:02:52	P	25	9	11	9	2	52	2	100	0	NA	30	NA	NA	NA	1004,5	NA	NA	6	1133,5	36696,9	68,8	27,7	NA	NA	NA	100,6A	NA
11.09.2025 09:02:58	P	25	9	11	9	2	58	2	100	0	NA	30	NA	NA	NA	1004,5	NA	NA	6	1133,5	36697,1	68,7	27,6	NA	NA	NA	100,6A	NA
11.09.2025 09:03:04	P	25	9	11	9	3	4	2	100	0	NA	29	NA	NA	NA	1004,5	NA	NA	6	1133,5	36697,2	68,8	27,7	NA	NA	NA	100,6A	NA
11.09.2025 09:03:10	P	25	9	11	9	3	10	2	100	0	NA	30	NA	NA	NA	1004,1	NA	NA	6	1133,5	36697,3	68,8	27,7	NA	NA	NA	100,6A	NA
11.09.2025 09:03:16	P	25	9	11	9	3	16	2	100	0	NA	30	NA	NA	NA	1004,5	NA	NA	6	1133,6	36697,4	68,7	27,7	NA	NA	NA	100,6A	NA
11.09.2025 09:03:22	P	25	9	11	9	3	22	2	100	0	NA	30	NA	NA	NA	1004,1	NA	NA	6	1133,6	36697,5	68,5	27,7	NA	NA	NA	100,6A	NA
11.09.2025 09:03:28	P	25	9	11	9	3	28	2	100	0	NA	29	NA	NA	NA	1004,1	NA	NA	6	1133,6	36697,7	68,7	27,7	NA	NA	NA	100,6A	NA
11.09.2025 09:03:34	P	25	9	11	9	3	34	2	100	0	NA	29	NA	NA	NA	1004,3	NA	NA	6	1133,7	36697,8	68,7	27,7	NA	NA	NA	100,6A	NA
11.09.2025 09:03:40	P	25	9	11	9	3	40	2	100	0	NA	29	NA	NA	NA	1004,5	NA	NA	6	1133,7	36697,9	68,7	27,7	NA	NA	NA	100,6A	NA
11.09.2025 09:03:46	P	25	9	11	9	3	46	2	100	0	NA	29	NA	NA	NA	1004,5	NA	NA	6	1133,7	36698,0	68,7	27,7	NA	NA	NA	100,6A	NA
11.09.2025 09:03:52	P	25	9	11	9	3	52	2	100	0	NA	29	NA	NA	NA	1004,5	NA	NA	6	1133,7	36698,1	68,6	27,7	NA	NA	NA	100,6A	NA
11.09.2025 09:03:58	P	25	9	11	9	3	58	2	100	0	NA	30	NA	NA	NA	1004,1	NA	NA	6	1133,8	36698,3	68,5	27,7	NA	NA	NA	100,6A	NA
11.09.2025 09:04:04	P	25	9	11	9	4	4	2	100	0	NA	29	NA	NA	NA	1004,5	NA	NA	6	1133,9	36698,4	68,6	27,7	NA	NA	NA	100,6A	NA
11.09.2025 09:04:10	P	25	9	11	9	4	10	2	100	0	NA	30	NA	NA	NA	1004,5	NA	NA	6	1133,9	36698,5	68,7	27,7	NA	NA	NA	100,6A	NA
11.09.2025 09:04:16	P	25	9	11	9	4	16	2	100	0	NA	29	NA	NA	NA	1004,5	NA	NA	6	1133,9	36698,6	68,8	27,7	NA	NA	NA	100,6A	NA
11.09.2025 09:04:22	P	25	9	11	9	4	22	2	100	0	NA	29	NA	NA	NA	1004,1	NA	NA	6	1134,0	36698,8	68,6	27,7	NA	NA	NA	100,6A	NA
11.09.2025 09:04:28	P	25	9	11	9	4	28	2	100	0	NA	29	NA	NA	NA	1004,5	NA	NA	6	1134,0	36698,9	68,5	27,8	NA	NA	NA	100,6A	NA
11.09.2025 09:04:34	P	25	9	11	9	4	34	2	100	0	NA	29	NA	NA	NA	1004,3	NA	NA	6	1134,1	36699,0	68,3	27,7	NA	NA	NA	100,6A	NA
11.09.2025 09:04:40	P	25	9	11	9	4	40	2	100	0	NA	29	NA	NA	NA	1004,1	NA	NA	6	1134,1	36699,1	68,3	27,7	NA	NA	NA	100,6A	NA
11.09.2025 09:04:46	P	25	9	11	9	4	46	2	100	0	NA	29	NA	NA	NA	1004,5	NA	NA	6	1134,1	36699,2	67,9	27,8	NA	NA	NA	100,6A	NA
11.09.2025 09:04:52	P	25	9	11	9	4	52	2	100	0	NA	29	NA	NA	NA	1004,5	NA	NA	6	1134,2	36699,4	67,9	27,8	NA	NA	NA	100,6A	NA
11.09.2025 09:04:58	P	25	9	11	9	4	58	2	100	0	NA	29	NA	NA	NA	1004,5	NA	NA	6	1134,2	36699,5	67,8	27,7	NA	NA	NA	100,6A	NA
11.09.2025 09:05:04	P	25	9	11	9	5	4	2	100	0	NA	29	NA	NA	NA	1004,5	NA	NA	6	1134,2	36699,6	66,4	27,8	NA	NA	NA	100,6A	NA
11.09.2025 09:05:10	P	25	9	11	9	5	10	2	100	0	NA	29	NA	NA	NA	1004,5	NA	NA	6	1134,2	36699,7	63,3	27,8	NA	NA	NA	100,6A	NA
11.09.2025 09:05:16	P	25	9	11	9	5	16	2	100	0	NA	29	NA	NA	NA	1004,5	NA	NA	6	1134,2	36699,8	61,3	27,8	NA	NA	NA	100,6A	NA
11.09.2025 09:05:22	P	25	9	11	9	5	22	2	100	0	NA	29	NA	NA	NA	1004,5	NA	NA	6	1134,2	36700,0	59,2	27,8	NA	NA	NA	100,6A	NA
11.09.2025 09:05:28	P	25	9	11	9	5	28	2	100	0	NA	29	NA	NA	NA	1004,5	NA	NA	6	1134,2	36700,1	57,5	27,8	NA	NA	NA	100,6A	NA
11.09.2025 09:05:34	P	25	9	11	9	5	34	2	100	0	NA	29	NA	NA	NA	1004,5	NA	NA	6	1134,2	36700,2	55,7	27,8	NA	NA	NA	100,6A	NA
11.09.2025 09:05:40	P	25	9	11	9	5	40	2	100	0	NA	29	NA	NA	NA	1004,5	NA	NA	6	1134,2	36700,3	54,3	27,8	NA	NA	NA	100,6A	NA
11.09.2025 09:05:46	P	25	9	11	9	5	46	2	100	0	NA	29	NA	NA	NA	1004,5	NA	NA	6	1134,2	36700,4	53,2	27,8	NA	NA	NA	100,6A	NA
11.09.2025 09:05:52	P	25	9	11	9	5	52	2	100	0	NA	29	NA	NA	NA	1004,5	NA	NA	6	1134,2	36700,6	52,4	27,8	NA	NA	NA	100,6A	NA
11.09.2025 09:05:58	P	25	9	11	9	5	58	2	100	0	NA	29	NA	NA	NA	1004,5	NA	NA	6	1134,3	36700,7	51,8	27,9	NA	NA	NA	100,6A	NA
11.09.2025 09:06:04	P	25	9	11	9	6	4	2	100	0	NA	29	NA	NA	NA	1004,5	NA	NA	6	1134,3	36700,8	51,7	27,8	NA	NA	NA	100,6A	NA
11.09.2025 09:06:10	P	25	9	11	9	6	10	2	100	0	NA	29	NA	NA	NA	1004,1	NA	NA	6	1134,3	36700,9	51,4	27,8	NA	NA	NA	100,6A	NA
11.09.2025 09:06:16	P	25	9	11	9	6	16	2	100	0	NA	29	NA	NA	NA	1004,5	NA	NA	6	1134,3	36701,1	50,8	27,8	NA	NA	NA	100,6A	NA
11.09.2025 09:06:22	P	25	9	11	9	6	22	2	100	0	NA	29	NA	NA	NA	1004,1	NA	NA	6	1134,3	36701,2	50,4	27,8	NA	NA	NA	100,6A	NA
11.09.2025 09:06:28	P	25	9	11	9	6	28	2	100	0	NA	29	NA	NA	NA	1004,1	NA	NA	6	1134,3	36701,3	50,2	27,8	NA	NA	NA	100,6A	NA
11.09.2025 09:06:34	P	25	9	11	9	6	34	2	100	0	NA	29	NA	NA	NA	1004,5	NA	NA	6	1134,3	36701,4	50,0	27,8	NA	NA	NA	100,6A	NA
11.09.2025 09:06:40	P	25	9	11	9	6	40	2	100	0	NA	29	NA	NA	NA	1004,5	NA	NA	6	1134,3	36701,5	49,8	27,8	NA	NA	NA	100,6A	NA
11.09.2025 09:06:46	P	25	9	11	9	6	46	2	100	0	NA	29	NA	NA	NA	1004,5	NA	NA	6	1134,3	36701,7	49,5	27,9	NA	NA	NA	100,6A	NA
11.09.2025 09:06:52	P	25	9	11	9	6	52	2	100	0	NA	29	NA	NA	NA	1004,5	NA	NA	6	1134,3	36701,8	49,3	27,9	NA	NA	NA	100,6A	NA
11.09.2025 09:06:58	P	25	9	11	9	6	58	2	100	0	NA	29	NA	NA	NA	1004,5	NA	NA	6	1134,3	36701,9	49,3	27,9	NA	NA	NA	100,6A	NA
11.09.2025 09:07:04	P	25	9	11	9	7	4	2	100	0	NA	29	NA	NA	NA	1004,5	NA	NA	6	1134,3	36702,0	49,0	27,9	NA	NA	NA	100,6A	NA
11.09.2025 09:07:10	P	25	9	11	9	7	10	2	100	0	NA	29	NA	NA	NA	1004,5	NA	NA	6	1134,4	36702,1	49,0	27,9	NA	NA	NA	100,6A	NA
11.09.2025 09:07:16	P	25	9	11	9	7	16	2	100	0	NA	29	NA	NA	NA	1004,5	NA	NA	6	1134,5	36702,3	48,6	27,9	NA	NA	NA	100,6A	NA
11.09.2025 09:07:22	P	25	9	11	9	7	22	2	100	0	NA	29	NA	NA	NA	1004,5	NA	NA	6	1134,5	36702,4	48,6	27,9	NA	NA	NA	100,6A	NA
11.09.2025 09:07:28	P	25	9	11	9	7	28	2	100	0	NA	30	NA	NA	NA	1004,5	NA	NA	6	1134,5	36702,5	48,5	27,8	NA	NA	NA	100,6A	NA
11.09.2025 09:07:34	P	25	9	11	9	7	34	2	100	0	NA	29	NA	NA	NA	1004,6	NA	NA	6	1134,5	36702,6	48,2	27,9	NA	NA	NA	100,6A	NA
11.09.2025 09:07:40	P	25	9	11	9	7	40	2	100	0	NA	30	NA	NA	NA	1004,5	NA	NA	6	1134,5	36702,8	48,1	27,9	NA	NA	NA	100,6A	NA
11.09.2025 09:07:46	P	25	9	11	9	7	46	2	100	0	NA	29	NA	NA	NA	1004,5	NA	NA	6	1134,5	36702,9	48,1	27,9	NA	NA	NA	100,6A	NA
11.09.2025 09:07:52	P	25	9	11	9	7	52	2	100	0	NA	29	NA	NA	NA	1004,5	NA	NA	6	1134,5	36703,0	48,0	27,9	NA	NA	NA	100,6A	NA
11.09.2025 09:07:58	P	25	9	11	9	7	58	2	100	0	NA	29	NA	NA	NA	1004,1	NA	NA	6	1134,5	36703,1	47,9	27,9	NA	NA	NA	100,6A	NA
11.09.2025 09:08:04	P	25	9	11	9	8	4	2	100	0	NA	30	NA	NA	NA	1004,5	NA	NA	6	1134,5	36703,2	47,9	27,9	NA	NA	NA	100,6A	NA
11.09.2025 09:08:10	P	25	9	11	9	8	10	2	100	0	NA	29	NA	NA	NA	1004,5	NA	NA	6	1134,5	36703,4	47,6	27,9	NA	NA	NA	100,6A	NA
11.09.2025 09:08:16	P	25	9	11	9	8	16	2	100	0	NA	29	NA	NA	NA	1004,5	NA	NA	6	1134,5	36703,5	47,7	27,9	NA	NA	NA	100,6A	NA
11.09.2025 09:08:22	P	25	9	11	9	8	22	2	100	0	NA	30	NA	NA	NA	1004,5	NA	NA	6	1134,5	36703,6	47,6	27,9	NA	NA	NA	100,6A	NA
11.09.2025 09:08:28	P	25	9	11	9	8	28	2	100	0	NA	29	NA	NA	NA	1004,5	NA	NA	6	1134,5	36703,7	47,3	27,9	NA	NA	NA	100,6A	NA
11.09.2025 09:08:34	P	25	9	11	9	8	34	2	100	0	NA	29	NA	NA	NA	1004,5	NA	NA	6	1134,5	36703,8	47,2	27,9	NA	NA	NA	100,6A	NA
11.09.2025 09:08:40	P	25	9	11	9	8	40	2	100	0	NA	30	NA	NA	NA	1004,5	NA	NA	6	1134,5	36704,0	47,1	27,9	NA	NA	NA	100,6A	NA
11.09.2025 09:08:46	P	25	9	11	9	8	46	2	100	0	NA	30	NA	NA	NA	1004,5	NA	NA	6	1134,6	36704,1	47,0	27,9	NA	NA	NA	100,6A	NA
11.09.2025 09:08:52	P	25	9	11	9	8	52	2	100	0	NA	29	NA	NA	NA	1004,5	NA	NA	6	1134,6	36704,2	47,0	28,0	NA	NA	NA	100,6A	NA
11.09.2025 09:08:58	P	25	9	11	9	8	58	2	100	0	NA	30	NA	NA	NA	1004,1	NA	NA	6	1134,6	36704,3	46,8	28,0	NA	NA	NA	100,6A	NA
11.09.2025 09:09:04	P	25	9	11	9	9	4	2	100	0	NA	30	NA	NA	NA	1004,5	NA	NA	6	1134,6	36704,4	46,8	27,9	NA	NA	NA	100,6A	NA
11.09.2025 09:09:10	P	25	9	11	9	9	10	2	100	0	NA	30	NA	NA	NA	1004,5	NA	NA	6	1134,6	36704,6	46,8	27,9	NA	NA	NA	100,6A	NA
11.09.2025 09:09:16	P	25	9	11	9	9	16	2	100	0	NA	29	NA	NA	NA	1004,5	NA	NA	6	1134,6	36704,7	46,8	27,9	NA	NA	NA	100,6A	NA
11.09.2025 09:09:22	P	25	9	11	9	9	22	2	100	0	NA	29	NA	NA	NA	1004,1	NA	NA	6	1134,6	36704,8	46,7	28,0	NA	NA	NA	100,6A	NA
11.09.2025 09:09:28	P	25	9	11	9	9	28	2	100	0	NA	29	NA	NA	NA	1004,5	NA	NA	6	1134,6	36704,9	46,6	27,9	NA	NA	NA	100,6A	NA
11.09.2025 09:09:34	P	25	9	11	9	9	34	2	100	0	NA	29	NA	NA	NA	1004,6	NA	NA	6	1134,6	36705,1	46,6	27,9	NA	NA	NA	100,6A	NA
11.09.2025 09:09:40	P	25	9	11	9	9	40	2	100	0	NA	30	NA	NA	NA	1004,1	NA	NA	6	1134,6	36705,2	46,6	27,9	NA	NA	NA	100,6A	NA
11.09.2025 09:09:46	P	25	9	11	9	9	46	2	100	0	NA	29	NA	NA	NA	1004,5	NA	NA	6	1134,6	36705,3	46,6	27,9	NA	NA	NA	100,6A	NA
11.09.2025 09:09:52	P	25	9	11	9	9	52	2	100	0	NA	30	NA	NA	NA	1004,5	NA	NA	6	1134,6	36705,4	46,5	28,0	NA	NA	NA	100,6A	NA
11.09.2025 09:09:58	P	25	9	11	9	9	58	2	100	0	NA	30	NA	NA	NA	1004,5	NA	NA	6	1134,6	36705,5	46,5	28,0	NA	NA	NA	100,6A	NA
11.09.2025 09:10:04	P	25	9	11	9	10	4	2	100	0	NA	30	NA	NA	NA	1004,5	NA	NA	6	1134,6	36705,7	46,4	27,9	NA	NA	NA	100,6A	NA
11.09.2025 09:10:10	P	25	9	11	9	10	10	2	100	0	NA	29	NA	NA	NA	1004,5	NA	NA	6	1134,6	36705,8	46,4	27,9	NA	NA	NA	100,6A	NA
11.09.2025 09:10:16	P	25	9	11	9	10	16	2	100	0	NA	29	NA	NA	NA	1004,5	NA	NA	6	1134,6	36705,9	46,5	28,0	NA	NA	NA	100,6A	NA
11.09.2025 09:10:22	P	25	9	11	9	10	22	2	100	0	NA	29	NA	NA	NA	1004,1	NA	NA	6	1134,6	36706,0	46,7	28,0	NA	NA	NA	100,6A	NA
11.09.2025 09:10:28	P	25	9	11	9	10	28	2	100	0	NA	29	NA	NA	NA	1004,5	NA	NA	6	1134,6	36706,1	46,6	28,0	NA	NA	NA	100,6A	NA
11.09.2025 09:10:34	P	25	9	11	9	10	34	2	100	0	NA	29	NA	NA	NA	1004,5	NA	NA	6	1134,6	36706,3	46,7	27,9	NA	NA	NA	100,6A	NA
11.09.2025 09:10:40	P	25	9	11	9	10	40	2	100	0	NA	30	NA	NA	NA	1004,5	NA	NA	6	1134,6	36706,4	46,7	28,0	NA	NA	NA	100,6A	NA
11.09.2025 09:10:46	P	25	9	11	9	10	46	2	100	0	NA	29	NA	NA	NA	1004,5	NA	NA	6	1134,6	36706,5	46,7	27,9	NA	NA	NA	100,6A	NA
11.09.2025 09:10:52	P	25	9	11	9	10	52	2	100	0	NA	30	NA	NA	NA	1004,5	NA	NA	6	1134,6	36706,6	46,8	27,9	NA	NA	NA	100,6A	NA
11.09.2025 09:10:58	P	25	9	11	9	10	58	2	100	0	NA	29	NA	NA	NA	1004,5	NA	NA	6	1134,6	36706,7	46,7	27,9	NA	NA	NA	100,6A	NA
11.09.2025 09:11:04	P	25	9	11	9	11	4	2	100	0	NA	29	NA	NA	NA	1004,5	NA	NA	6	1134,6	36706,9	46,5	28,0	NA	NA	NA	100,6A	NA
11.09.2025 09:11:10	P	25	9	11	9	11	10	2	100	0	NA	29	NA	NA	NA	1004,5	NA	NA	6	1134,6	36707,0	46,5	28,0	NA	NA	NA	100,6A	NA
11.09.2025 09:11:16	P	25	9	11	9	11	16	2	100	0	NA	30	NA	NA	NA	1004,5	NA	NA	6	1134,6	36707,1	46,5	27,9	NA	NA	NA	100,6A	NA
11.09.2025 09:11:22	P	25	9	11	9	11	22	2	100	0	NA	29	NA	NA	NA	1004,5	NA	NA	6	1134,7	36707,2	46,4	27,9	NA	NA	NA	100,6A	NA
11.09.2025 09:11:28	P	25	9	11	9	11	28	2	100	0	NA	30	NA	NA	NA	1004,5	NA	NA	6	1134,7	36707,4	46,3	28,0	NA	NA	NA	100,6A	NA
11.09.2025 09:11:34	P	25	9	11	9	11	34	2	100	0	NA	29	NA	NA	NA	1004,5	NA	NA	6	1134,7	36707,5	46,4	28,0	NA	NA	NA	100,6A	NA
11.09.2025 09:11:40	P	25	9	11	9	11	40	2	100	0	NA	30	NA	NA	NA	1004,5	NA	NA	6	1134,7	36707,6	46,3	28,0	NA	NA	NA	100,6A	NA
11.09.2025 09:11:46	P	25	9	11	9	11	46	2	100	0	NA	29	NA	NA	NA	1004,5	NA	NA	6	1134,7	36707,7	46,5	27,9	NA	NA	NA	100,6A	NA
11.09.2025 09:11:52	P	25	9	11	9	11	52	2	100	0	NA	29	NA	NA	NA	1004,5	NA	NA	6	1134,7	36707,8	46,4	28,0	NA	NA	NA	100,6A	NA
11.09.2025 09:11:58	P	25	9	11	9	11	58	2	100	0	NA	30	NA	NA	NA	1004,5	NA	NA	6	1134,7	36708,0	46,4	28,0	NA	NA	NA	100,6A	NA
11.09.2025 09:12:04	P	25	9	11	9	12	4	2	100	0	NA	29	NA	NA	NA	1004,5	NA	NA	6	1134,7	36708,1	46,3	28,0	NA	NA	NA	100,6A	NA
11.09.2025 09:12:10	P	25	9	11	9	12	10	2	100	0	NA	29	NA	NA	NA	1004,5	NA	NA	6	1134,7	36708,2	46,3	28,0	NA	NA	NA	100,6A	NA
11.09.2025 09:12:16	P	25	9	11	9	12	16	2	100	0	NA	29	NA	NA	NA	1004,5	NA	NA	6	1134,7	36708,3	46,2	28,0	NA	NA	NA	100,6A	NA
11.09.2025 09:12:22	P	25	9	11	9	12	22	2	100	0	NA	29	NA	NA	NA	1004,5	NA	NA	6	1134,7	36708,4	46,2	28,0	NA	NA	NA	100,6A	NA
11.09.2025 09:12:28	P	25	9	11	9	12	28	2	100	0	NA	29	NA	NA	NA	1004,1	NA	NA	6	1134,7	36708,6	46,3	28,0	NA	NA	NA	100,6A	NA
11.09.2025 09:12:34	P	25	9	11	9	12	34	2	100	0	NA	29	NA	NA	NA	1004,6	NA	NA	6	1134,7	36708,7	46,3	28,0	NA	NA	NA	100,6A	NA
11.09.2025 09:12:40	P	25	9	11	9	12	40	2	100	0	NA	29	NA	NA	NA	1004,1	NA	NA	6	1134,9	36708,8	46,3	28,0	NA	NA	NA	100,6A	NA
11.09.2025 09:12:46	P	25	9	11	9	12	46	2	100	0	NA	29	NA	NA	NA	1004,5	NA	NA	6	1134,9	36708,9	46,4	28,0	NA	NA	NA	100,6A	NA
11.09.2025 09:12:52	P	25	9	11	9	12	52	2	100	0	NA	29	NA	NA	NA	1004,5	NA	NA	6	1134,9	36709,0	46,4	28,0	NA	NA	NA	100,6A	NA
11.09.2025 09:12:58	P	25	9	11	9	12	58	2	100	0	NA	29	NA	NA	NA	1004,5	NA	NA	6	1134,9	36709,2	46,4	28,0	NA	NA	NA	100,6A	NA
11.09.2025 09:13:04	P	25	9	11	9	13	4	2	100	0	NA	29	NA	NA	NA	1004,5	NA	NA	6	1134,9	36709,3	46,5	28,0	NA	NA	NA	100,6A	NA
11.09.2025 09:13:10	P	25	9	11	9	13	10	2	100	0	NA	29	NA	NA	NA	1004,5	NA	NA	6	1134,9	36709,4	46,5	28,0	NA	NA	NA	100,6A	NA
11.09.2025 09:13:16	P	25	9	11	9	13	16	2	100	0	NA	29	NA	NA	NA	1004,1	NA	NA	6	1134,9	36709,5	46,5	28,0	NA	NA	NA	100,6A	NA
