<Header>
User name: 
Location: cabin
# of Location: 3
Model: 1.109
Serial No.: 9G070015
Firmware revision: 12.30E
Software revision: 1178 V8-26 (18--12-2023)
Unit: counts/liter (differential)
C-factor: 1,00
Comment: 
online data
<Data>
[d&t31.12.2035 11:50:55]	0,25 um	0,28 um	0,30 um	0,35 um	0,40 um	0,45 um	0,50 um	0,58 um	0,65 um	0,70 um	0,80 um	1,00 um	1,30 um	1,60 um	2,00 um	2,50 um	3,00 um	3,50 um	4,00 um	5,00 um	6,50 um	7,50 um	8,50 um	10,00 um	12,50 um	15,00 um	17,50 um	20,00 um	25,00 um	30,00 um	32,00 um
11.09.2025 08:38:19	29200,0	19500,0	12150,0	7450,0	1850,0	950,0	250,0	350,0	100,0	100,0	100,0	100,0	50,0	50,0	40,0	100,0	10,0	10,0	50,0	20,0	20,0	0,0	0,0	0,0	0,0	0,0	0,0	0,0	0,0	0,0	0,0
11.09.2025 08:38:25	30050,0	20450,0	13100,0	6400,0	1650,0	950,0	400,0	300,0	100,0	200,0	0,0	0,0	100,0	0,0	90,0	10,0	40,0	20,0	0,0	0,0	10,0	10,0	10,0	10,0	0,0	0,0	0,0	0,0	0,0	0,0	0,0
11.09.2025 08:38:31	34050,0	18600,0	11200,0	7150,0	2250,0	1050,0	500,0	250,0	50,0	150,0	0,0	0,0	0,0	50,0	0,0	0,0	0,0	20,0	10,0	0,0	10,0	0,0	0,0	10,0	0,0	0,0	0,0	0,0	0,0	0,0	0,0
11.09.2025 08:38:37	35100,0	21050,0	14750,0	6600,0	2300,0	800,0	650,0	300,0	100,0	150,0	50,0	150,0	50,0	100,0	0,0	0,0	60,0	10,0	10,0	10,0	10,0	30,0	0,0	10,0	10,0	0,0	0,0	0,0	0,0	0,0	0,0
11.09.2025 08:38:43	33900,0	18450,0	10950,0	7100,0	1650,0	550,0	600,0	200,0	100,0	200,0	50,0	100,0	100,0	100,0	110,0	150,0	30,0	20,0	20,0	0,0	0,0	10,0	0,0	10,0	0,0	0,0	0,0	0,0	0,0	0,0	0,0
11.09.2025 08:38:49	32050,0	19700,0	12550,0	8000,0	1550,0	700,0	550,0	350,0	100,0	150,0	200,0	200,0	100,0	0,0	80,0	50,0	20,0	40,0	10,0	0,0	0,0	0,0	0,0	0,0	0,0	0,0	0,0	0,0	0,0	0,0	0,0
11.09.2025 08:38:55	30150,0	17000,0	12000,0	6450,0	1450,0	650,0	1000,0	350,0	50,0	250,0	50,0	50,0	50,0	0,0	130,0	20,0	40,0	10,0	10,0	30,0	0,0	0,0	0,0	10,0	0,0	0,0	0,0	0,0	0,0	0,0	0,0
11.09.2025 08:39:01	34250,0	20900,0	12800,0	7100,0	2650,0	450,0	400,0	350,0	100,0	200,0	0,0	100,0	150,0	100,0	0,0	0,0	0,0	0,0	30,0	10,0	10,0	0,0	0,0	0,0	0,0	0,0	0,0	0,0	0,0	0,0	0,0
11.09.2025 08:39:07	31150,0	19200,0	13550,0	7300,0	2350,0	700,0	550,0	250,0	150,0	300,0	100,0	50,0	50,0	100,0	130,0	140,0	0,0	20,0	40,0	20,0	0,0	0,0	0,0	0,0	0,0	0,0	0,0	0,0	0,0	0,0	0,0
11.09.2025 08:39:13	32100,0	19650,0	12750,0	7350,0	1900,0	900,0	250,0	250,0	50,0	250,0	50,0	50,0	0,0	100,0	80,0	10,0	40,0	20,0	40,0	0,0	0,0	0,0	10,0	0,0	0,0	0,0	0,0	0,0	0,0	0,0	0,0
11.09.2025 08:39:19	32800,0	17300,0	12400,0	7400,0	1450,0	650,0	900,0	300,0	50,0	250,0	0,0	100,0	50,0	0,0	50,0	60,0	70,0	10,0	0,0	10,0	0,0	0,0	0,0	0,0	0,0	0,0	0,0	0,0	0,0	0,0	0,0
11.09.2025 08:39:25	31850,0	21500,0	12100,0	5700,0	1950,0	700,0	650,0	150,0	0,0	200,0	150,0	0,0	0,0	0,0	0,0	0,0	20,0	20,0	0,0	10,0	0,0	0,0	10,0	10,0	10,0	10,0	10,0	0,0	0,0	0,0	0,0
11.09.2025 08:39:31	34750,0	18850,0	13350,0	6700,0	1650,0	500,0	1050,0	300,0	100,0	200,0	50,0	150,0	50,0	0,0	70,0	20,0	20,0	10,0	10,0	0,0	10,0	0,0	0,0	10,0	0,0	0,0	0,0	0,0	0,0	0,0	0,0
11.09.2025 08:39:37	31250,0	21150,0	13200,0	6800,0	1950,0	900,0	700,0	300,0	150,0	100,0	150,0	0,0	0,0	50,0	120,0	40,0	30,0	30,0	30,0	0,0	0,0	0,0	0,0	0,0	0,0	0,0	0,0	0,0	0,0	0,0	0,0
11.09.2025 08:39:43	31250,0	20500,0	11800,0	6000,0	2150,0	500,0	450,0	200,0	100,0	250,0	150,0	0,0	150,0	0,0	130,0	70,0	0,0	20,0	10,0	20,0	0,0	0,0	0,0	0,0	0,0	0,0	0,0	0,0	0,0	0,0	0,0
11.09.2025 08:39:49	32100,0	19400,0	11850,0	6700,0	2350,0	750,0	700,0	400,0	100,0	250,0	50,0	50,0	50,0	50,0	0,0	0,0	10,0	30,0	10,0	20,0	0,0	10,0	10,0	0,0	10,0	0,0	0,0	0,0	0,0	0,0	0,0
11.09.2025 08:39:55	30100,0	20700,0	12050,0	7100,0	2400,0	750,0	300,0	100,0	100,0	250,0	50,0	100,0	50,0	100,0	0,0	0,0	0,0	20,0	20,0	0,0	0,0	10,0	0,0	0,0	0,0	0,0	0,0	0,0	0,0	0,0	0,0
11.09.2025 08:40:01	32600,0	19050,0	12400,0	7350,0	2150,0	750,0	550,0	300,0	150,0	250,0	0,0	150,0	50,0	50,0	40,0	0,0	40,0	20,0	10,0	10,0	0,0	10,0	10,0	10,0	0,0	0,0	0,0	0,0	0,0	0,0	0,0
11.09.2025 08:40:07	32150,0	19850,0	13150,0	7150,0	2000,0	650,0	550,0	500,0	100,0	150,0	100,0	50,0	0,0	50,0	70,0	70,0	30,0	30,0	0,0	20,0	0,0	20,0	0,0	10,0	0,0	0,0	0,0	0,0	0,0	0,0	0,0
11.09.2025 08:40:13	33000,0	19650,0	12450,0	5900,0	1800,0	650,0	550,0	400,0	0,0	300,0	0,0	0,0	0,0	0,0	0,0	0,0	0,0	20,0	20,0	0,0	0,0	0,0	0,0	10,0	0,0	0,0	0,0	0,0	0,0	0,0	0,0
11.09.2025 08:40:19	32350,0	20850,0	12000,0	6500,0	1850,0	350,0	650,0	100,0	100,0	100,0	100,0	50,0	150,0	0,0	80,0	20,0	10,0	10,0	0,0	10,0	10,0	0,0	10,0	0,0	0,0	0,0	0,0	0,0	0,0	0,0	0,0
11.09.2025 08:40:25	31050,0	20650,0	11450,0	6650,0	1650,0	700,0	750,0	150,0	0,0	150,0	200,0	0,0	50,0	150,0	180,0	60,0	20,0	0,0	10,0	10,0	20,0	0,0	0,0	0,0	0,0	0,0	0,0	0,0	0,0	0,0	0,0
11.09.2025 08:40:31	32350,0	19000,0	12900,0	7850,0	2450,0	900,0	800,0	350,0	150,0	400,0	50,0	150,0	0,0	0,0	100,0	150,0	0,0	20,0	0,0	10,0	10,0	0,0	10,0	0,0	0,0	0,0	0,0	0,0	0,0	0,0	0,0
11.09.2025 08:40:37	32250,0	21700,0	13650,0	8550,0	1850,0	750,0	650,0	400,0	100,0	50,0	100,0	100,0	0,0	0,0	30,0	0,0	0,0	20,0	30,0	20,0	0,0	0,0	0,0	0,0	0,0	0,0	0,0	0,0	0,0	0,0	0,0
11.09.2025 08:40:43	31800,0	21450,0	12600,0	6250,0	2100,0	700,0	600,0	200,0	200,0	200,0	250,0	100,0	0,0	50,0	130,0	80,0	20,0	10,0	10,0	20,0	0,0	0,0	20,0	10,0	0,0	0,0	0,0	0,0	0,0	0,0	0,0
11.09.2025 08:40:49	32650,0	20650,0	13600,0	6800,0	2000,0	1100,0	600,0	450,0	0,0	150,0	100,0	0,0	0,0	100,0	50,0	80,0	30,0	10,0	30,0	20,0	10,0	0,0	20,0	0,0	0,0	0,0	0,0	0,0	0,0	0,0	0,0
11.09.2025 08:40:55	32100,0	20400,0	12700,0	6150,0	2000,0	1000,0	700,0	500,0	0,0	50,0	50,0	50,0	50,0	0,0	90,0	0,0	20,0	0,0	20,0	10,0	0,0	0,0	0,0	0,0	0,0	0,0	10,0	0,0	0,0	0,0	0,0
11.09.2025 08:41:01	33650,0	21500,0	12600,0	7000,0	2000,0	550,0	700,0	500,0	0,0	250,0	50,0	50,0	100,0	50,0	10,0	60,0	0,0	0,0	30,0	0,0	0,0	0,0	0,0	0,0	0,0	0,0	0,0	0,0	0,0	0,0	0,0
11.09.2025 08:41:07	29700,0	19050,0	12700,0	6600,0	1750,0	1000,0	500,0	300,0	200,0	300,0	50,0	0,0	0,0	50,0	180,0	150,0	20,0	0,0	30,0	10,0	0,0	0,0	10,0	0,0	0,0	0,0	0,0	0,0	0,0	0,0	0,0
11.09.2025 08:41:13	34300,0	18950,0	13200,0	7250,0	2750,0	850,0	600,0	300,0	0,0	100,0	50,0	200,0	0,0	50,0	30,0	0,0	0,0	10,0	30,0	20,0	0,0	0,0	10,0	0,0	0,0	0,0	0,0	0,0	0,0	0,0	0,0
11.09.2025 08:41:19	30700,0	20050,0	12700,0	6900,0	2150,0	800,0	850,0	250,0	100,0	400,0	50,0	150,0	0,0	50,0	100,0	170,0	30,0	10,0	20,0	20,0	0,0	0,0	0,0	0,0	0,0	0,0	0,0	0,0	0,0	0,0	0,0
11.09.2025 08:41:25	32200,0	21600,0	11350,0	7100,0	2250,0	850,0	950,0	250,0	100,0	250,0	250,0	50,0	0,0	50,0	10,0	40,0	30,0	10,0	10,0	20,0	10,0	0,0	0,0	10,0	10,0	0,0	0,0	0,0	0,0	0,0	0,0
11.09.2025 08:41:31	31500,0	22100,0	13000,0	5850,0	1900,0	550,0	450,0	300,0	200,0	100,0	100,0	100,0	0,0	0,0	40,0	80,0	50,0	10,0	40,0	10,0	10,0	0,0	10,0	0,0	0,0	0,0	0,0	0,0	0,0	0,0	0,0
11.09.2025 08:41:37	31400,0	21300,0	12900,0	6800,0	1950,0	900,0	500,0	350,0	150,0	400,0	0,0	0,0	100,0	50,0	150,0	120,0	10,0	10,0	10,0	0,0	0,0	0,0	0,0	0,0	0,0	0,0	0,0	0,0	0,0	0,0	0,0
11.09.2025 08:41:43	32900,0	19400,0	13500,0	6950,0	2200,0	750,0	750,0	300,0	150,0	150,0	150,0	100,0	50,0	50,0	30,0	80,0	40,0	0,0	30,0	10,0	10,0	0,0	0,0	0,0	0,0	0,0	0,0	0,0	0,0	0,0	0,0
11.09.2025 08:41:49	29050,0	18150,0	11150,0	6300,0	2050,0	650,0	500,0	350,0	100,0	150,0	50,0	50,0	50,0	0,0	30,0	0,0	30,0	20,0	40,0	20,0	0,0	0,0	10,0	0,0	0,0	0,0	0,0	0,0	0,0	0,0	0,0
11.09.2025 08:41:55	23300,0	13950,0	8750,0	5100,0	1550,0	600,0	450,0	200,0	50,0	150,0	50,0	50,0	0,0	50,0	30,0	20,0	50,0	10,0	10,0	10,0	0,0	0,0	20,0	0,0	0,0	0,0	0,0	0,0	0,0	0,0	0,0
11.09.2025 08:42:01	23750,0	14650,0	8850,0	4800,0	1500,0	400,0	600,0	150,0	100,0	100,0	100,0	0,0	100,0	150,0	90,0	50,0	10,0	10,0	0,0	10,0	10,0	0,0	10,0	10,0	0,0	0,0	0,0	0,0	0,0	0,0	0,0
11.09.2025 08:42:07	21650,0	12300,0	8050,0	4150,0	1650,0	450,0	500,0	150,0	100,0	50,0	100,0	50,0	0,0	0,0	100,0	30,0	20,0	10,0	30,0	0,0	0,0	0,0	10,0	0,0	0,0	0,0	0,0	0,0	0,0	0,0	0,0
11.09.2025 08:42:13	20150,0	12750,0	8650,0	3500,0	1800,0	350,0	450,0	250,0	0,0	250,0	50,0	50,0	50,0	0,0	70,0	80,0	10,0	10,0	20,0	0,0	0,0	0,0	10,0	0,0	0,0	0,0	0,0	0,0	0,0	0,0	0,0
11.09.2025 08:42:19	19550,0	12300,0	7600,0	4050,0	1550,0	200,0	200,0	250,0	100,0	200,0	50,0	50,0	50,0	50,0	90,0	0,0	30,0	0,0	20,0	0,0	10,0	0,0	0,0	0,0	0,0	0,0	0,0	0,0	0,0	0,0	0,0
11.09.2025 08:42:25	16900,0	9650,0	7350,0	4300,0	950,0	500,0	700,0	200,0	0,0	100,0	150,0	50,0	0,0	0,0	80,0	30,0	0,0	20,0	0,0	0,0	0,0	10,0	0,0	10,0	0,0	0,0	0,0	0,0	0,0	0,0	0,0
11.09.2025 08:42:31	16450,0	10100,0	7150,0	3300,0	700,0	300,0	300,0	150,0	0,0	50,0	0,0	0,0	0,0	50,0	20,0	30,0	20,0	10,0	30,0	20,0	10,0	10,0	0,0	0,0	0,0	0,0	0,0	0,0	0,0	0,0	0,0
11.09.2025 08:42:37	16100,0	9200,0	5500,0	2850,0	750,0	450,0	450,0	50,0	0,0	50,0	50,0	50,0	0,0	0,0	0,0	0,0	0,0	0,0	0,0	0,0	0,0	0,0	0,0	0,0	0,0	0,0	0,0	0,0	0,0	0,0	0,0
11.09.2025 08:42:43	15050,0	7700,0	6150,0	2350,0	900,0	500,0	200,0	50,0	0,0	0,0	50,0	0,0	0,0	50,0	10,0	0,0	0,0	0,0	20,0	10,0	10,0	0,0	0,0	0,0	0,0	0,0	0,0	0,0	0,0	0,0	0,0
11.09.2025 08:42:49	13900,0	6800,0	4700,0	2700,0	550,0	200,0	150,0	50,0	50,0	0,0	0,0	50,0	0,0	50,0	50,0	20,0	10,0	0,0	10,0	10,0	0,0	0,0	0,0	0,0	0,0	0,0	0,0	0,0	0,0	0,0	0,0
11.09.2025 08:42:55	11700,0	7800,0	3750,0	2100,0	550,0	350,0	400,0	150,0	150,0	50,0	200,0	50,0	0,0	0,0	50,0	50,0	20,0	0,0	10,0	0,0	0,0	0,0	0,0	10,0	0,0	0,0	10,0	0,0	0,0	0,0	0,0
11.09.2025 08:43:01	12550,0	5600,0	3500,0	2300,0	600,0	100,0	450,0	150,0	50,0	50,0	0,0	0,0	0,0	0,0	80,0	70,0	0,0	0,0	0,0	0,0	0,0	0,0	0,0	0,0	0,0	0,0	0,0	0,0	0,0	0,0	0,0
11.09.2025 08:43:07	10250,0	6400,0	4050,0	2500,0	700,0	200,0	500,0	100,0	50,0	0,0	50,0	0,0	100,0	50,0	10,0	10,0	0,0	10,0	10,0	0,0	0,0	0,0	0,0	0,0	10,0	0,0	0,0	0,0	0,0	0,0	0,0
11.09.2025 08:43:13	9800,0	4950,0	3200,0	1700,0	950,0	200,0	200,0	100,0	0,0	50,0	50,0	50,0	0,0	0,0	40,0	0,0	0,0	0,0	0,0	0,0	0,0	0,0	0,0	0,0	0,0	0,0	10,0	0,0	0,0	0,0	0,0
11.09.2025 08:43:19	9500,0	4500,0	2700,0	2500,0	500,0	250,0	150,0	150,0	0,0	100,0	50,0	0,0	50,0	0,0	40,0	0,0	0,0	0,0	10,0	0,0	0,0	0,0	0,0	0,0	0,0	0,0	0,0	0,0	0,0	0,0	0,0
11.09.2025 08:43:25	7900,0	4500,0	3650,0	1900,0	650,0	100,0	150,0	100,0	0,0	0,0	0,0	0,0	0,0	0,0	10,0	10,0	0,0	20,0	0,0	0,0	0,0	10,0	0,0	0,0	0,0	0,0	0,0	0,0	0,0	0,0	0,0
11.09.2025 08:43:31	8600,0	4550,0	2000,0	1550,0	400,0	200,0	150,0	50,0	50,0	0,0	0,0	0,0	50,0	0,0	70,0	30,0	0,0	0,0	0,0	0,0	0,0	0,0	0,0	0,0	0,0	0,0	0,0	0,0	0,0	0,0	0,0
11.09.2025 08:43:37	7100,0	4000,0	1850,0	850,0	200,0	150,0	50,0	0,0	0,0	0,0	50,0	0,0	0,0	0,0	0,0	0,0	0,0	0,0	0,0	0,0	0,0	0,0	0,0	0,0	0,0	0,0	0,0	0,0	0,0	0,0	0,0
11.09.2025 08:43:43	7650,0	3550,0	2550,0	1450,0	700,0	50,0	100,0	50,0	100,0	100,0	0,0	100,0	50,0	0,0	10,0	20,0	0,0	10,0	0,0	10,0	0,0	0,0	0,0	0,0	0,0	0,0	0,0	0,0	0,0	0,0	0,0
11.09.2025 08:43:49	6200,0	4100,0	2650,0	1450,0	600,0	150,0	150,0	200,0	50,0	0,0	0,0	0,0	0,0	0,0	40,0	50,0	0,0	0,0	0,0	0,0	0,0	0,0	0,0	0,0	10,0	0,0	0,0	0,0	0,0	0,0	0,0
11.09.2025 08:43:55	6600,0	3700,0	1700,0	1150,0	350,0	150,0	150,0	50,0	50,0	100,0	0,0	0,0	0,0	0,0	20,0	20,0	0,0	0,0	10,0	0,0	0,0	0,0	0,0	0,0	0,0	0,0	0,0	0,0	0,0	0,0	0,0
11.09.2025 08:44:01	4700,0	2450,0	1500,0	1050,0	350,0	100,0	200,0	50,0	0,0	0,0	0,0	150,0	0,0	0,0	50,0	0,0	0,0	0,0	0,0	0,0	0,0	0,0	0,0	0,0	0,0	0,0	0,0	0,0	0,0	0,0	0,0
11.09.2025 08:44:07	5150,0	3000,0	2250,0	400,0	650,0	50,0	150,0	150,0	0,0	50,0	0,0	0,0	0,0	0,0	0,0	10,0	0,0	10,0	20,0	0,0	0,0	0,0	0,0	0,0	0,0	0,0	0,0	10,0	0,0	0,0	0,0
11.09.2025 08:44:13	4550,0	2800,0	1700,0	650,0	150,0	100,0	50,0	50,0	50,0	0,0	50,0	0,0	0,0	0,0	0,0	0,0	0,0	0,0	0,0	0,0	0,0	0,0	0,0	0,0	0,0	0,0	0,0	0,0	0,0	0,0	0,0
11.09.2025 08:44:19	3900,0	2750,0	1800,0	800,0	300,0	100,0	150,0	0,0	50,0	0,0	50,0	0,0	0,0	0,0	0,0	0,0	0,0	0,0	0,0	0,0	0,0	0,0	0,0	0,0	0,0	0,0	0,0	0,0	0,0	0,0	0,0
11.09.2025 08:44:25	4100,0	2900,0	1750,0	350,0	350,0	100,0	50,0	0,0	0,0	50,0	100,0	0,0	0,0	0,0	0,0	0,0	0,0	0,0	0,0	0,0	0,0	0,0	0,0	0,0	0,0	0,0	0,0	0,0	0,0	0,0	0,0
11.09.2025 08:44:31	3500,0	2450,0	1250,0	450,0	350,0	50,0	0,0	0,0	50,0	0,0	0,0	0,0	50,0	0,0	50,0	0,0	0,0	0,0	0,0	0,0	0,0	0,0	0,0	0,0	0,0	0,0	0,0	0,0	0,0	0,0	0,0
11.09.2025 08:44:37	3250,0	2050,0	1050,0	650,0	200,0	50,0	100,0	0,0	50,0	0,0	0,0	0,0	0,0	0,0	50,0	0,0	0,0	0,0	0,0	0,0	0,0	0,0	0,0	0,0	0,0	0,0	0,0	0,0	0,0	0,0	0,0
11.09.2025 08:44:43	4000,0	1400,0	800,0	400,0	150,0	50,0	50,0	0,0	0,0	50,0	0,0	50,0	0,0	0,0	0,0	0,0	0,0	0,0	0,0	0,0	0,0	0,0	0,0	0,0	0,0	0,0	0,0	0,0	0,0	0,0	0,0
11.09.2025 08:44:49	3400,0	1350,0	1500,0	550,0	300,0	100,0	100,0	50,0	0,0	0,0	0,0	0,0	0,0	0,0	50,0	50,0	0,0	0,0	0,0	0,0	0,0	0,0	0,0	0,0	0,0	0,0	0,0	0,0	0,0	0,0	0,0
11.09.2025 08:44:55	2550,0	1900,0	1050,0	300,0	100,0	50,0	0,0	50,0	0,0	0,0	50,0	0,0	0,0	0,0	0,0	0,0	0,0	0,0	0,0	0,0	0,0	0,0	0,0	0,0	0,0	0,0	0,0	0,0	0,0	0,0	0,0
11.09.2025 08:45:01	2200,0	1700,0	550,0	300,0	300,0	0,0	50,0	50,0	0,0	0,0	0,0	0,0	0,0	0,0	0,0	0,0	0,0	0,0	0,0	0,0	0,0	0,0	0,0	0,0	0,0	0,0	0,0	0,0	0,0	0,0	0,0
11.09.2025 08:45:07	3100,0	1200,0	900,0	400,0	150,0	150,0	50,0	50,0	0,0	0,0	0,0	0,0	0,0	0,0	0,0	0,0	0,0	0,0	0,0	0,0	0,0	0,0	0,0	0,0	0,0	0,0	0,0	0,0	0,0	0,0	0,0
11.09.2025 08:45:13	2450,0	1000,0	1050,0	200,0	100,0	50,0	0,0	50,0	0,0	0,0	0,0	0,0	0,0	0,0	0,0	0,0	0,0	0,0	0,0	0,0	0,0	0,0	0,0	0,0	0,0	0,0	0,0	0,0	0,0	0,0	0,0
11.09.2025 08:45:19	2700,0	1100,0	700,0	400,0	100,0	0,0	0,0	50,0	0,0	0,0	0,0	0,0	0,0	0,0	0,0	0,0	0,0	0,0	0,0	0,0	0,0	0,0	0,0	0,0	0,0	0,0	0,0	0,0	0,0	0,0	0,0
11.09.2025 08:45:25	2050,0	1200,0	400,0	400,0	50,0	50,0	0,0	100,0	0,0	0,0	0,0	50,0	0,0	0,0	0,0	0,0	0,0	0,0	0,0	0,0	0,0	0,0	0,0	0,0	0,0	0,0	0,0	0,0	0,0	0,0	0,0
11.09.2025 08:45:31	2000,0	1050,0	750,0	500,0	50,0	150,0	0,0	0,0	50,0	0,0	0,0	0,0	0,0	0,0	0,0	0,0	0,0	0,0	0,0	0,0	0,0	0,0	0,0	0,0	0,0	0,0	0,0	0,0	0,0	0,0	0,0
11.09.2025 08:45:37	1900,0	850,0	700,0	150,0	100,0	0,0	50,0	0,0	0,0	0,0	0,0	0,0	0,0	0,0	0,0	0,0	0,0	0,0	0,0	0,0	0,0	0,0	0,0	0,0	0,0	0,0	0,0	0,0	0,0	0,0	0,0
11.09.2025 08:45:43	1600,0	650,0	550,0	300,0	150,0	0,0	150,0	0,0	0,0	0,0	0,0	0,0	0,0	0,0	0,0	0,0	0,0	0,0	0,0	0,0	0,0	0,0	0,0	0,0	0,0	0,0	0,0	0,0	0,0	0,0	0,0
11.09.2025 08:45:49	2150,0	700,0	600,0	450,0	50,0	50,0	0,0	0,0	0,0	0,0	0,0	0,0	0,0	50,0	0,0	0,0	0,0	0,0	0,0	0,0	0,0	0,0	0,0	0,0	0,0	0,0	0,0	0,0	0,0	0,0	0,0
11.09.2025 08:45:55	1300,0	750,0	550,0	300,0	0,0	0,0	0,0	50,0	0,0	0,0	0,0	0,0	0,0	0,0	0,0	0,0	0,0	0,0	0,0	0,0	0,0	0,0	0,0	0,0	0,0	0,0	0,0	0,0	0,0	0,0	0,0
11.09.2025 08:46:01	1000,0	200,0	550,0	350,0	50,0	50,0	0,0	0,0	0,0	50,0	0,0	0,0	0,0	0,0	0,0	0,0	0,0	0,0	0,0	0,0	0,0	0,0	0,0	0,0	0,0	0,0	0,0	0,0	0,0	0,0	0,0
11.09.2025 08:46:07	1950,0	700,0	500,0	350,0	300,0	50,0	0,0	0,0	0,0	0,0	0,0	0,0	0,0	0,0	0,0	0,0	0,0	0,0	0,0	0,0	0,0	0,0	0,0	0,0	0,0	0,0	0,0	0,0	0,0	0,0	0,0
11.09.2025 08:46:13	1600,0	500,0	600,0	200,0	100,0	0,0	0,0	0,0	0,0	0,0	0,0	0,0	0,0	0,0	0,0	0,0	0,0	0,0	0,0	0,0	0,0	0,0	0,0	0,0	0,0	0,0	0,0	0,0	0,0	0,0	0,0
11.09.2025 08:46:19	1100,0	650,0	350,0	250,0	50,0	50,0	0,0	0,0	0,0	0,0	0,0	50,0	0,0	0,0	0,0	0,0	0,0	0,0	0,0	0,0	0,0	0,0	0,0	0,0	0,0	0,0	0,0	0,0	0,0	0,0	0,0
11.09.2025 08:46:25	1300,0	550,0	100,0	450,0	0,0	50,0	0,0	50,0	0,0	50,0	0,0	0,0	0,0	0,0	0,0	0,0	0,0	0,0	0,0	0,0	0,0	0,0	0,0	0,0	0,0	0,0	0,0	0,0	0,0	0,0	0,0
11.09.2025 08:46:31	1300,0	400,0	400,0	300,0	0,0	0,0	0,0	0,0	0,0	0,0	0,0	0,0	0,0	0,0	0,0	0,0	0,0	0,0	0,0	0,0	0,0	0,0	0,0	0,0	0,0	0,0	0,0	0,0	0,0	0,0	0,0
11.09.2025 08:46:37	1100,0	400,0	400,0	150,0	50,0	0,0	50,0	50,0	0,0	0,0	0,0	0,0	0,0	0,0	0,0	0,0	0,0	0,0	0,0	0,0	0,0	0,0	0,0	0,0	0,0	0,0	0,0	0,0	0,0	0,0	0,0
11.09.2025 08:46:43	1050,0	800,0	250,0	100,0	50,0	0,0	50,0	0,0	0,0	0,0	0,0	0,0	0,0	0,0	0,0	0,0	0,0	0,0	0,0	0,0	0,0	0,0	0,0	0,0	0,0	0,0	0,0	0,0	0,0	0,0	0,0
11.09.2025 08:46:49	550,0	600,0	150,0	300,0	250,0	0,0	0,0	0,0	0,0	0,0	0,0	0,0	0,0	0,0	0,0	0,0	0,0	0,0	0,0	0,0	0,0	0,0	0,0	0,0	0,0	0,0	0,0	0,0	0,0	0,0	0,0
11.09.2025 08:46:55	900,0	500,0	200,0	150,0	200,0	0,0	0,0	50,0	0,0	0,0	0,0	0,0	0,0	0,0	0,0	0,0	0,0	0,0	0,0	0,0	0,0	0,0	0,0	0,0	0,0	0,0	0,0	0,0	0,0	0,0	0,0
11.09.2025 08:47:01	700,0	600,0	150,0	250,0	50,0	0,0	0,0	0,0	0,0	0,0	0,0	0,0	0,0	0,0	0,0	0,0	0,0	0,0	0,0	0,0	0,0	0,0	0,0	0,0	0,0	0,0	0,0	0,0	0,0	0,0	0,0
11.09.2025 08:47:07	950,0	700,0	150,0	50,0	0,0	0,0	0,0	0,0	0,0	0,0	0,0	0,0	0,0	0,0	0,0	0,0	0,0	0,0	0,0	0,0	0,0	0,0	0,0	0,0	0,0	0,0	0,0	0,0	0,0	0,0	0,0
11.09.2025 08:47:13	550,0	350,0	150,0	100,0	150,0	0,0	50,0	0,0	0,0	0,0	0,0	0,0	0,0	0,0	0,0	0,0	0,0	0,0	0,0	0,0	0,0	0,0	0,0	0,0	0,0	0,0	0,0	0,0	0,0	0,0	0,0
11.09.2025 08:47:19	1100,0	350,0	300,0	150,0	50,0	0,0	0,0	0,0	0,0	0,0	0,0	0,0	0,0	0,0	0,0	0,0	0,0	0,0	0,0	0,0	0,0	0,0	0,0	0,0	0,0	0,0	0,0	0,0	0,0	0,0	0,0
11.09.2025 08:47:25	750,0	400,0	300,0	100,0	50,0	0,0	0,0	0,0	0,0	0,0	0,0	0,0	0,0	0,0	0,0	0,0	0,0	0,0	0,0	0,0	0,0	0,0	0,0	0,0	0,0	0,0	0,0	0,0	0,0	0,0	0,0
11.09.2025 08:47:31	700,0	200,0	250,0	50,0	0,0	0,0	0,0	0,0	0,0	0,0	0,0	0,0	0,0	0,0	0,0	0,0	0,0	0,0	0,0	0,0	0,0	0,0	0,0	0,0	0,0	0,0	0,0	0,0	0,0	0,0	0,0
11.09.2025 08:47:37	650,0	300,0	100,0	200,0	0,0	0,0	100,0	0,0	0,0	0,0	0,0	0,0	0,0	0,0	0,0	0,0	0,0	0,0	0,0	0,0	0,0	0,0	0,0	0,0	0,0	0,0	0,0	0,0	0,0	0,0	0,0
11.09.2025 08:47:43	750,0	350,0	50,0	100,0	0,0	0,0	0,0	0,0	0,0	0,0	0,0	0,0	0,0	0,0	0,0	0,0	0,0	0,0	0,0	0,0	0,0	0,0	0,0	0,0	0,0	0,0	0,0	0,0	0,0	0,0	0,0
11.09.2025 08:47:49	850,0	150,0	100,0	150,0	50,0	0,0	50,0	0,0	0,0	0,0	0,0	0,0	0,0	0,0	0,0	0,0	0,0	0,0	0,0	0,0	0,0	0,0	0,0	0,0	0,0	0,0	0,0	0,0	0,0	0,0	0,0
11.09.2025 08:47:55	650,0	900,0	50,0	150,0	50,0	0,0	0,0	0,0	0,0	0,0	0,0	0,0	0,0	0,0	0,0	0,0	0,0	0,0	0,0	0,0	0,0	0,0	0,0	0,0	0,0	0,0	0,0	0,0	0,0	0,0	0,0
11.09.2025 08:48:01	450,0	150,0	200,0	50,0	0,0	0,0	0,0	0,0	0,0	50,0	0,0	0,0	0,0	0,0	0,0	0,0	0,0	0,0	0,0	0,0	0,0	0,0	0,0	0,0	0,0	0,0	0,0	0,0	0,0	0,0	0,0
11.09.2025 08:48:07	550,0	400,0	100,0	150,0	0,0	50,0	0,0	0,0	0,0	0,0	0,0	0,0	0,0	0,0	0,0	0,0	0,0	0,0	0,0	0,0	0,0	0,0	0,0	0,0	0,0	0,0	0,0	0,0	0,0	0,0	0,0
11.09.2025 08:48:13	400,0	650,0	200,0	50,0	50,0	0,0	0,0	0,0	0,0	0,0	0,0	0,0	0,0	0,0	0,0	0,0	0,0	0,0	0,0	0,0	0,0	0,0	0,0	0,0	0,0	0,0	0,0	0,0	0,0	0,0	0,0
11.09.2025 08:48:19	450,0	400,0	100,0	250,0	50,0	50,0	0,0	0,0	0,0	0,0	0,0	0,0	0,0	0,0	0,0	0,0	0,0	0,0	0,0	0,0	0,0	0,0	0,0	0,0	0,0	0,0	0,0	0,0	0,0	0,0	0,0
11.09.2025 08:48:25	550,0	150,0	200,0	150,0	100,0	0,0	0,0	0,0	0,0	0,0	0,0	0,0	0,0	0,0	0,0	0,0	0,0	0,0	0,0	0,0	0,0	0,0	0,0	0,0	0,0	0,0	0,0	0,0	0,0	0,0	0,0
11.09.2025 08:48:31	300,0	350,0	300,0	200,0	0,0	0,0	0,0	0,0	0,0	0,0	0,0	0,0	0,0	0,0	0,0	0,0	0,0	0,0	0,0	0,0	0,0	0,0	0,0	0,0	0,0	0,0	0,0	0,0	0,0	0,0	0,0
11.09.2025 08:48:37	350,0	350,0	200,0	50,0	0,0	0,0	0,0	0,0	0,0	0,0	0,0	0,0	0,0	0,0	0,0	0,0	0,0	0,0	0,0	0,0	0,0	0,0	0,0	0,0	0,0	0,0	0,0	0,0	0,0	0,0	0,0
11.09.2025 08:48:43	650,0	150,0	0,0	250,0	50,0	0,0	100,0	0,0	0,0	0,0	0,0	0,0	0,0	0,0	0,0	0,0	0,0	0,0	0,0	0,0	0,0	0,0	0,0	0,0	0,0	0,0	0,0	0,0	0,0	0,0	0,0
11.09.2025 08:48:49	400,0	100,0	100,0	100,0	0,0	0,0	0,0	50,0	0,0	0,0	0,0	0,0	0,0	0,0	0,0	0,0	0,0	0,0	0,0	0,0	0,0	0,0	0,0	0,0	0,0	0,0	0,0	0,0	0,0	0,0	0,0
11.09.2025 08:48:55	400,0	300,0	100,0	100,0	50,0	0,0	50,0	0,0	0,0	0,0	0,0	0,0	0,0	0,0	0,0	0,0	0,0	0,0	0,0	0,0	0,0	0,0	0,0	0,0	0,0	0,0	0,0	0,0	0,0	0,0	0,0
11.09.2025 08:49:01	300,0	0,0	100,0	100,0	0,0	0,0	0,0	0,0	0,0	0,0	0,0	0,0	0,0	50,0	0,0	0,0	0,0	0,0	0,0	0,0	0,0	0,0	0,0	0,0	0,0	0,0	0,0	0,0	0,0	0,0	0,0
11.09.2025 08:49:07	200,0	200,0	0,0	150,0	100,0	0,0	0,0	0,0	0,0	0,0	0,0	0,0	0,0	0,0	0,0	0,0	0,0	0,0	0,0	0,0	0,0	0,0	0,0	0,0	0,0	0,0	0,0	0,0	0,0	0,0	0,0
11.09.2025 08:49:13	550,0	300,0	100,0	0,0	0,0	0,0	0,0	0,0	0,0	0,0	0,0	0,0	0,0	0,0	0,0	0,0	0,0	0,0	0,0	0,0	0,0	0,0	0,0	0,0	0,0	0,0	0,0	0,0	0,0	0,0	0,0
11.09.2025 08:49:19	450,0	350,0	150,0	100,0	0,0	0,0	0,0	0,0	0,0	0,0	0,0	0,0	0,0	0,0	0,0	0,0	0,0	0,0	0,0	0,0	0,0	0,0	0,0	0,0	0,0	0,0	0,0	0,0	0,0	0,0	0,0
11.09.2025 08:49:25	500,0	200,0	250,0	100,0	0,0	0,0	0,0	0,0	0,0	50,0	0,0	0,0	0,0	0,0	0,0	0,0	0,0	0,0	0,0	0,0	0,0	0,0	0,0	0,0	0,0	0,0	0,0	0,0	0,0	0,0	0,0
11.09.2025 08:49:31	700,0	300,0	250,0	350,0	0,0	0,0	50,0	0,0	0,0	0,0	0,0	0,0	0,0	0,0	0,0	0,0	0,0	0,0	0,0	0,0	0,0	0,0	0,0	0,0	0,0	0,0	0,0	0,0	0,0	0,0	0,0
11.09.2025 08:49:37	3200,0	1350,0	1050,0	450,0	150,0	100,0	100,0	50,0	0,0	0,0	0,0	50,0	0,0	0,0	0,0	0,0	0,0	0,0	0,0	0,0	0,0	0,0	0,0	0,0	0,0	0,0	0,0	0,0	0,0	0,0	0,0
11.09.2025 08:49:43	2350,0	1850,0	700,0	350,0	150,0	100,0	50,0	0,0	0,0	50,0	50,0	0,0	0,0	0,0	0,0	0,0	0,0	0,0	0,0	0,0	0,0	0,0	0,0	0,0	0,0	0,0	0,0	0,0	0,0	0,0	0,0
11.09.2025 08:49:49	2100,0	1000,0	1000,0	300,0	200,0	0,0	50,0	0,0	0,0	100,0	0,0	0,0	0,0	0,0	0,0	0,0	0,0	0,0	0,0	0,0	0,0	0,0	0,0	0,0	0,0	0,0	0,0	0,0	0,0	0,0	0,0
11.09.2025 08:49:55	2150,0	1250,0	1150,0	500,0	100,0	150,0	150,0	100,0	0,0	0,0	0,0	50,0	50,0	0,0	50,0	40,0	10,0	0,0	0,0	0,0	0,0	0,0	0,0	0,0	0,0	0,0	0,0	0,0	0,0	0,0	0,0
11.09.2025 08:50:01	2250,0	1250,0	900,0	450,0	50,0	100,0	100,0	100,0	150,0	0,0	0,0	0,0	0,0	0,0	50,0	0,0	0,0	20,0	10,0	10,0	0,0	0,0	10,0	0,0	0,0	0,0	0,0	0,0	0,0	0,0	0,0
11.09.2025 08:50:07	3850,0	2150,0	1150,0	900,0	350,0	100,0	50,0	50,0	150,0	50,0	0,0	50,0	0,0	100,0	20,0	50,0	10,0	0,0	40,0	0,0	0,0	0,0	10,0	20,0	0,0	0,0	0,0	0,0	0,0	0,0	0,0
11.09.2025 08:50:13	2900,0	1800,0	1350,0	850,0	500,0	150,0	0,0	150,0	0,0	200,0	50,0	50,0	0,0	50,0	50,0	40,0	0,0	20,0	0,0	10,0	10,0	0,0	10,0	0,0	0,0	0,0	0,0	10,0	0,0	0,0	0,0
11.09.2025 08:50:19	2500,0	1600,0	1050,0	650,0	100,0	150,0	100,0	150,0	50,0	200,0	50,0	0,0	50,0	0,0	0,0	20,0	0,0	0,0	10,0	0,0	0,0	20,0	0,0	0,0	0,0	0,0	0,0	0,0	0,0	0,0	0,0
11.09.2025 08:50:25	2200,0	1150,0	700,0	300,0	150,0	50,0	50,0	0,0	0,0	50,0	0,0	0,0	0,0	0,0	0,0	0,0	0,0	0,0	0,0	0,0	0,0	0,0	0,0	0,0	0,0	0,0	0,0	0,0	0,0	0,0	0,0
11.09.2025 08:50:31	1950,0	1000,0	700,0	100,0	400,0	0,0	0,0	50,0	0,0	50,0	50,0	0,0	0,0	0,0	0,0	0,0	0,0	0,0	0,0	0,0	0,0	0,0	0,0	0,0	0,0	0,0	0,0	0,0	0,0	0,0	0,0
11.09.2025 08:50:37	1850,0	1250,0	550,0	700,0	100,0	50,0	150,0	150,0	50,0	0,0	50,0	50,0	0,0	0,0	20,0	20,0	20,0	0,0	0,0	0,0	10,0	10,0	10,0	10,0	0,0	0,0	0,0	0,0	0,0	0,0	0,0
11.09.2025 08:50:43	1900,0	1150,0	350,0	350,0	50,0	200,0	100,0	0,0	0,0	50,0	50,0	100,0	0,0	0,0	0,0	20,0	0,0	0,0	0,0	0,0	20,0	0,0	0,0	10,0	0,0	0,0	0,0	0,0	0,0	0,0	0,0
11.09.2025 08:50:49	1400,0	1200,0	950,0	450,0	150,0	100,0	50,0	150,0	100,0	100,0	0,0	0,0	0,0	0,0	30,0	40,0	20,0	0,0	0,0	20,0	0,0	20,0	10,0	10,0	0,0	0,0	0,0	0,0	0,0	0,0	0,0
11.09.2025 08:50:55	1400,0	1050,0	450,0	350,0	100,0	100,0	50,0	150,0	0,0	100,0	50,0	0,0	0,0	50,0	60,0	60,0	0,0	10,0	10,0	0,0	10,0	0,0	0,0	0,0	0,0	0,0	0,0	0,0	0,0	0,0	0,0
11.09.2025 08:51:01	1350,0	1600,0	450,0	350,0	100,0	50,0	0,0	100,0	0,0	0,0	0,0	0,0	0,0	0,0	50,0	50,0	20,0	10,0	20,0	0,0	0,0	0,0	0,0	0,0	0,0	0,0	0,0	0,0	0,0	0,0	0,0
11.09.2025 08:51:07	1200,0	900,0	400,0	100,0	50,0	50,0	50,0	50,0	50,0	0,0	0,0	0,0	0,0	0,0	0,0	0,0	0,0	10,0	30,0	0,0	0,0	10,0	0,0	0,0	0,0	0,0	0,0	0,0	0,0	0,0	0,0
11.09.2025 08:51:13	1000,0	700,0	150,0	150,0	150,0	50,0	0,0	50,0	50,0	0,0	0,0	0,0	0,0	0,0	0,0	0,0	0,0	0,0	0,0	0,0	0,0	0,0	0,0	0,0	0,0	0,0	0,0	0,0	0,0	0,0	0,0
11.09.2025 08:51:19	1100,0	350,0	500,0	350,0	50,0	100,0	0,0	100,0	0,0	0,0	0,0	50,0	0,0	50,0	0,0	0,0	0,0	20,0	0,0	10,0	0,0	0,0	10,0	10,0	0,0	0,0	0,0	0,0	0,0	0,0	0,0
11.09.2025 08:51:25	1150,0	650,0	250,0	400,0	50,0	150,0	50,0	0,0	150,0	0,0	0,0	0,0	0,0	50,0	20,0	30,0	0,0	0,0	0,0	0,0	0,0	0,0	0,0	0,0	0,0	0,0	0,0	0,0	0,0	0,0	0,0
11.09.2025 08:51:31	1050,0	500,0	350,0	350,0	200,0	150,0	50,0	0,0	50,0	50,0	50,0	0,0	0,0	0,0	70,0	10,0	0,0	0,0	10,0	0,0	0,0	0,0	10,0	0,0	0,0	0,0	0,0	0,0	0,0	0,0	0,0
11.09.2025 08:51:37	1250,0	600,0	300,0	100,0	0,0	100,0	0,0	50,0	0,0	0,0	0,0	0,0	0,0	50,0	0,0	0,0	0,0	0,0	0,0	0,0	0,0	0,0	0,0	0,0	0,0	0,0	0,0	0,0	0,0	0,0	0,0
11.09.2025 08:51:43	800,0	250,0	400,0	200,0	50,0	50,0	0,0	0,0	0,0	0,0	0,0	0,0	0,0	0,0	0,0	0,0	0,0	0,0	0,0	0,0	0,0	0,0	0,0	0,0	0,0	0,0	0,0	0,0	0,0	0,0	0,0
11.09.2025 08:51:49	1400,0	450,0	200,0	0,0	100,0	50,0	0,0	0,0	0,0	50,0	50,0	0,0	0,0	0,0	0,0	0,0	0,0	0,0	0,0	0,0	0,0	0,0	0,0	0,0	0,0	0,0	0,0	0,0	0,0	0,0	0,0
11.09.2025 08:51:55	650,0	500,0	100,0	100,0	100,0	0,0	0,0	0,0	0,0	0,0	50,0	0,0	0,0	0,0	10,0	10,0	10,0	10,0	0,0	0,0	0,0	0,0	0,0	10,0	0,0	0,0	0,0	0,0	0,0	0,0	0,0
11.09.2025 08:52:01	750,0	450,0	450,0	100,0	150,0	0,0	0,0	0,0	0,0	0,0	0,0	0,0	0,0	0,0	30,0	0,0	0,0	0,0	0,0	10,0	0,0	0,0	10,0	0,0	0,0	0,0	0,0	0,0	0,0	0,0	0,0
11.09.2025 08:52:07	900,0	450,0	300,0	250,0	150,0	0,0	100,0	0,0	0,0	0,0	0,0	0,0	0,0	0,0	50,0	0,0	0,0	0,0	0,0	0,0	0,0	0,0	0,0	0,0	0,0	0,0	0,0	0,0	0,0	0,0	0,0
11.09.2025 08:52:13	450,0	450,0	50,0	100,0	0,0	0,0	0,0	50,0	0,0	0,0	0,0	0,0	0,0	0,0	0,0	0,0	0,0	0,0	0,0	0,0	0,0	0,0	0,0	0,0	0,0	0,0	0,0	0,0	0,0	0,0	0,0
11.09.2025 08:52:19	850,0	550,0	450,0	100,0	0,0	0,0	0,0	0,0	0,0	0,0	0,0	0,0	0,0	0,0	0,0	0,0	0,0	0,0	0,0	0,0	0,0	0,0	0,0	0,0	0,0	0,0	0,0	0,0	0,0	0,0	0,0
11.09.2025 08:52:25	700,0	200,0	150,0	150,0	50,0	50,0	0,0	0,0	0,0	0,0	0,0	0,0	0,0	0,0	0,0	0,0	0,0	0,0	0,0	0,0	0,0	0,0	0,0	0,0	0,0	0,0	0,0	0,0	0,0	0,0	0,0
11.09.2025 08:52:31	750,0	200,0	300,0	0,0	50,0	0,0	0,0	50,0	0,0	0,0	0,0	0,0	0,0	0,0	0,0	0,0	0,0	0,0	0,0	0,0	0,0	0,0	0,0	0,0	0,0	0,0	0,0	0,0	0,0	0,0	0,0
11.09.2025 08:52:37	3900,0	2800,0	1250,0	850,0	250,0	100,0	100,0	100,0	50,0	0,0	50,0	0,0	0,0	0,0	10,0	10,0	0,0	0,0	0,0	0,0	0,0	0,0	0,0	20,0	0,0	10,0	0,0	0,0	0,0	0,0	0,0
11.09.2025 08:52:43	2350,0	900,0	800,0	500,0	200,0	150,0	100,0	50,0	0,0	50,0	50,0	0,0	0,0	50,0	10,0	0,0	0,0	10,0	40,0	20,0	10,0	0,0	0,0	10,0	0,0	0,0	0,0	0,0	0,0	0,0	0,0
11.09.2025 08:52:49	4300,0	2800,0	1850,0	900,0	300,0	100,0	0,0	0,0	100,0	100,0	50,0	0,0	50,0	0,0	20,0	20,0	20,0	0,0	20,0	20,0	0,0	0,0	0,0	0,0	0,0	0,0	0,0	0,0	0,0	0,0	0,0
11.09.2025 08:52:55	3450,0	1600,0	1050,0	950,0	100,0	150,0	200,0	50,0	0,0	0,0	50,0	50,0	100,0	100,0	0,0	0,0	0,0	20,0	10,0	0,0	10,0	0,0	10,0	0,0	0,0	0,0	0,0	0,0	0,0	0,0	0,0
11.09.2025 08:53:01	1650,0	1100,0	700,0	750,0	150,0	0,0	100,0	0,0	0,0	200,0	50,0	50,0	0,0	0,0	40,0	50,0	0,0	20,0	10,0	0,0	20,0	0,0	0,0	0,0	0,0	0,0	10,0	0,0	0,0	0,0	0,0
11.09.2025 08:53:07	1500,0	1000,0	800,0	150,0	150,0	0,0	50,0	100,0	50,0	50,0	100,0	0,0	0,0	0,0	0,0	0,0	0,0	0,0	0,0	10,0	10,0	10,0	10,0	10,0	0,0	0,0	0,0	0,0	0,0	0,0	0,0
11.09.2025 08:53:13	1650,0	800,0	450,0	350,0	250,0	50,0	100,0	0,0	0,0	0,0	0,0	0,0	0,0	50,0	0,0	0,0	0,0	0,0	0,0	0,0	0,0	0,0	0,0	0,0	0,0	0,0	0,0	0,0	0,0	0,0	0,0
11.09.2025 08:53:19	1150,0	1000,0	800,0	300,0	150,0	300,0	100,0	50,0	50,0	100,0	50,0	0,0	0,0	0,0	0,0	0,0	0,0	0,0	30,0	10,0	0,0	0,0	0,0	0,0	10,0	0,0	0,0	0,0	0,0	0,0	0,0
11.09.2025 08:53:25	1650,0	750,0	550,0	400,0	100,0	50,0	0,0	0,0	50,0	100,0	50,0	0,0	0,0	0,0	0,0	10,0	10,0	0,0	10,0	10,0	0,0	0,0	0,0	0,0	10,0	0,0	0,0	0,0	0,0	0,0	0,0
11.09.2025 08:53:31	1500,0	550,0	500,0	300,0	50,0	100,0	50,0	50,0	0,0	0,0	50,0	0,0	0,0	0,0	0,0	0,0	0,0	10,0	20,0	0,0	10,0	0,0	0,0	0,0	10,0	0,0	0,0	0,0	0,0	0,0	0,0
11.09.2025 08:53:37	1550,0	500,0	250,0	250,0	100,0	50,0	0,0	100,0	0,0	50,0	100,0	50,0	0,0	0,0	30,0	0,0	0,0	10,0	20,0	10,0	0,0	0,0	20,0	10,0	0,0	0,0	0,0	0,0	0,0	0,0	0,0
11.09.2025 08:53:43	1200,0	550,0	600,0	300,0	150,0	50,0	100,0	50,0	0,0	0,0	0,0	0,0	0,0	0,0	40,0	0,0	0,0	0,0	0,0	0,0	0,0	10,0	0,0	0,0	0,0	0,0	0,0	0,0	0,0	0,0	0,0
11.09.2025 08:53:49	1200,0	850,0	650,0	450,0	0,0	0,0	0,0	0,0	0,0	50,0	50,0	0,0	0,0	0,0	50,0	40,0	0,0	0,0	0,0	0,0	0,0	10,0	0,0	0,0	0,0	0,0	0,0	0,0	0,0	0,0	0,0
11.09.2025 08:53:55	1200,0	900,0	450,0	300,0	100,0	50,0	0,0	0,0	50,0	50,0	0,0	0,0	0,0	0,0	20,0	20,0	0,0	0,0	0,0	10,0	0,0	0,0	0,0	0,0	0,0	0,0	0,0	0,0	0,0	0,0	0,0
11.09.2025 08:54:01	850,0	450,0	300,0	200,0	0,0	100,0	50,0	0,0	0,0	0,0	0,0	0,0	0,0	0,0	0,0	0,0	10,0	10,0	10,0	0,0	20,0	0,0	0,0	0,0	0,0	0,0	0,0	0,0	0,0	0,0	0,0
11.09.2025 08:54:07	1250,0	650,0	350,0	200,0	200,0	0,0	0,0	0,0	0,0	0,0	50,0	0,0	0,0	0,0	40,0	0,0	0,0	0,0	0,0	0,0	0,0	0,0	0,0	0,0	10,0	0,0	0,0	0,0	0,0	0,0	0,0
11.09.2025 08:54:13	1100,0	600,0	650,0	300,0	100,0	0,0	50,0	0,0	0,0	200,0	0,0	0,0	0,0	0,0	30,0	40,0	20,0	0,0	10,0	0,0	0,0	0,0	0,0	0,0	0,0	0,0	0,0	0,0	0,0	0,0	0,0
11.09.2025 08:54:19	950,0	500,0	450,0	200,0	0,0	50,0	150,0	50,0	0,0	0,0	0,0	0,0	0,0	50,0	0,0	0,0	0,0	0,0	0,0	0,0	0,0	0,0	0,0	0,0	0,0	0,0	0,0	0,0	0,0	0,0	0,0
11.09.2025 08:54:25	800,0	600,0	300,0	400,0	0,0	0,0	50,0	50,0	100,0	150,0	50,0	50,0	0,0	0,0	10,0	20,0	20,0	0,0	0,0	0,0	0,0	0,0	0,0	0,0	0,0	0,0	0,0	0,0	0,0	0,0	0,0
11.09.2025 08:54:31	850,0	1100,0	300,0	300,0	200,0	0,0	50,0	50,0	50,0	0,0	0,0	0,0	0,0	0,0	30,0	40,0	0,0	10,0	10,0	0,0	0,0	0,0	0,0	10,0	0,0	0,0	0,0	0,0	0,0	0,0	0,0
11.09.2025 08:54:37	1150,0	600,0	600,0	100,0	0,0	0,0	0,0	50,0	100,0	50,0	0,0	0,0	0,0	100,0	20,0	30,0	0,0	0,0	0,0	0,0	0,0	0,0	0,0	0,0	0,0	0,0	0,0	0,0	0,0	0,0	0,0
11.09.2025 08:54:43	700,0	400,0	350,0	0,0	0,0	0,0	0,0	0,0	0,0	0,0	0,0	0,0	0,0	0,0	0,0	0,0	0,0	0,0	0,0	0,0	0,0	0,0	0,0	0,0	0,0	0,0	0,0	0,0	0,0	0,0	0,0
11.09.2025 08:54:49	900,0	300,0	450,0	350,0	0,0	0,0	0,0	50,0	0,0	0,0	50,0	0,0	0,0	0,0	0,0	0,0	0,0	0,0	0,0	0,0	0,0	0,0	0,0	0,0	0,0	0,0	0,0	0,0	0,0	0,0	0,0
11.09.2025 08:54:55	550,0	250,0	450,0	0,0	0,0	50,0	50,0	0,0	0,0	50,0	0,0	0,0	0,0	0,0	0,0	0,0	0,0	0,0	0,0	0,0	0,0	0,0	0,0	0,0	0,0	0,0	0,0	0,0	0,0	0,0	0,0
11.09.2025 08:55:01	1000,0	400,0	400,0	100,0	100,0	0,0	0,0	50,0	0,0	50,0	0,0	0,0	0,0	0,0	10,0	20,0	0,0	0,0	10,0	0,0	10,0	0,0	0,0	0,0	0,0	0,0	0,0	0,0	0,0	0,0	0,0
11.09.2025 08:55:07	850,0	300,0	150,0	50,0	100,0	50,0	0,0	0,0	0,0	0,0	0,0	0,0	0,0	0,0	0,0	0,0	0,0	0,0	0,0	0,0	0,0	0,0	0,0	0,0	0,0	0,0	0,0	0,0	0,0	0,0	0,0
11.09.2025 08:55:13	800,0	300,0	250,0	200,0	50,0	0,0	0,0	0,0	0,0	0,0	0,0	0,0	0,0	0,0	40,0	0,0	0,0	0,0	0,0	0,0	0,0	10,0	0,0	0,0	0,0	0,0	0,0	0,0	0,0	0,0	0,0
11.09.2025 08:55:19	900,0	100,0	250,0	0,0	50,0	0,0	0,0	50,0	0,0	0,0	0,0	0,0	0,0	50,0	0,0	0,0	0,0	0,0	0,0	0,0	0,0	0,0	0,0	0,0	0,0	0,0	0,0	0,0	0,0	0,0	0,0
11.09.2025 08:55:25	600,0	650,0	300,0	250,0	50,0	0,0	0,0	0,0	0,0	0,0	0,0	0,0	0,0	0,0	0,0	0,0	0,0	0,0	0,0	0,0	0,0	0,0	0,0	0,0	0,0	0,0	0,0	0,0	0,0	0,0	0,0
11.09.2025 08:55:31	700,0	150,0	250,0	50,0	0,0	0,0	50,0	0,0	0,0	0,0	50,0	0,0	0,0	0,0	10,0	10,0	0,0	0,0	10,0	10,0	10,0	0,0	0,0	0,0	0,0	0,0	0,0	0,0	0,0	0,0	0,0
11.09.2025 08:55:37	650,0	350,0	200,0	300,0	50,0	0,0	0,0	0,0	0,0	0,0	0,0	0,0	0,0	0,0	0,0	0,0	0,0	0,0	0,0	0,0	0,0	0,0	0,0	0,0	0,0	0,0	0,0	0,0	0,0	0,0	0,0
11.09.2025 08:55:43	700,0	650,0	350,0	250,0	50,0	0,0	0,0	0,0	0,0	0,0	0,0	0,0	0,0	0,0	0,0	0,0	0,0	0,0	0,0	0,0	0,0	0,0	0,0	0,0	0,0	0,0	0,0	0,0	0,0	0,0	0,0
11.09.2025 08:55:49	800,0	300,0	250,0	100,0	50,0	0,0	50,0	0,0	0,0	0,0	0,0	0,0	0,0	0,0	0,0	0,0	0,0	0,0	0,0	0,0	0,0	0,0	0,0	0,0	0,0	0,0	0,0	0,0	0,0	0,0	0,0
11.09.2025 08:55:55	900,0	650,0	250,0	150,0	0,0	50,0	0,0	0,0	0,0	0,0	0,0	0,0	0,0	0,0	0,0	0,0	0,0	0,0	0,0	0,0	0,0	0,0	0,0	0,0	0,0	0,0	0,0	0,0	0,0	0,0	0,0
11.09.2025 08:56:01	350,0	400,0	300,0	100,0	0,0	0,0	0,0	0,0	0,0	0,0	0,0	0,0	0,0	0,0	0,0	0,0	0,0	0,0	0,0	0,0	0,0	0,0	0,0	0,0	0,0	0,0	0,0	0,0	0,0	0,0	0,0
11.09.2025 08:56:07	600,0	350,0	100,0	150,0	100,0	0,0	50,0	0,0	0,0	50,0	0,0	0,0	0,0	0,0	0,0	0,0	0,0	0,0	0,0	0,0	0,0	0,0	0,0	0,0	0,0	0,0	0,0	0,0	0,0	0,0	0,0
11.09.2025 08:56:13	500,0	200,0	150,0	50,0	0,0	50,0	0,0	0,0	0,0	0,0	0,0	50,0	0,0	0,0	0,0	0,0	0,0	0,0	0,0	0,0	0,0	0,0	0,0	0,0	0,0	0,0	0,0	0,0	0,0	0,0	0,0
11.09.2025 08:56:19	450,0	250,0	150,0	50,0	150,0	0,0	0,0	0,0	0,0	0,0	0,0	0,0	0,0	0,0	0,0	0,0	0,0	0,0	0,0	0,0	0,0	0,0	0,0	0,0	0,0	0,0	0,0	0,0	0,0	0,0	0,0
11.09.2025 08:56:25	550,0	150,0	100,0	0,0	50,0	0,0	0,0	0,0	0,0	0,0	0,0	0,0	0,0	0,0	50,0	0,0	0,0	0,0	0,0	0,0	0,0	0,0	0,0	0,0	0,0	0,0	0,0	0,0	0,0	0,0	0,0
11.09.2025 08:56:31	650,0	400,0	50,0	50,0	0,0	0,0	50,0	50,0	0,0	0,0	0,0	50,0	0,0	0,0	0,0	0,0	0,0	0,0	0,0	0,0	0,0	0,0	0,0	0,0	0,0	0,0	0,0	0,0	0,0	0,0	0,0
11.09.2025 08:56:37	450,0	150,0	250,0	50,0	0,0	0,0	0,0	0,0	0,0	0,0	0,0	0,0	0,0	0,0	0,0	0,0	0,0	0,0	0,0	0,0	0,0	0,0	0,0	0,0	0,0	0,0	0,0	0,0	0,0	0,0	0,0
11.09.2025 08:56:43	350,0	300,0	300,0	300,0	0,0	50,0	100,0	50,0	0,0	0,0	0,0	0,0	0,0	0,0	0,0	0,0	0,0	0,0	0,0	0,0	0,0	0,0	0,0	0,0	0,0	0,0	0,0	0,0	0,0	0,0	0,0
11.09.2025 08:56:49	550,0	500,0	200,0	50,0	50,0	0,0	0,0	50,0	0,0	0,0	50,0	0,0	0,0	0,0	0,0	0,0	0,0	0,0	0,0	0,0	0,0	0,0	0,0	0,0	0,0	0,0	0,0	0,0	0,0	0,0	0,0
11.09.2025 08:56:55	700,0	550,0	100,0	150,0	0,0	0,0	50,0	0,0	0,0	0,0	50,0	0,0	0,0	0,0	30,0	20,0	0,0	0,0	0,0	0,0	0,0	0,0	0,0	0,0	0,0	0,0	0,0	0,0	0,0	0,0	0,0
11.09.2025 08:57:01	400,0	50,0	250,0	50,0	50,0	0,0	50,0	0,0	0,0	0,0	0,0	0,0	0,0	0,0	0,0	0,0	0,0	0,0	0,0	0,0	0,0	0,0	0,0	0,0	0,0	0,0	0,0	0,0	0,0	0,0	0,0
11.09.2025 08:57:07	750,0	250,0	250,0	250,0	50,0	0,0	0,0	50,0	0,0	0,0	0,0	0,0	0,0	0,0	0,0	0,0	0,0	0,0	0,0	0,0	0,0	0,0	0,0	0,0	0,0	0,0	0,0	0,0	0,0	0,0	0,0
11.09.2025 08:57:13	500,0	150,0	150,0	250,0	50,0	0,0	0,0	0,0	0,0	0,0	0,0	0,0	0,0	0,0	0,0	0,0	0,0	0,0	0,0	0,0	0,0	0,0	0,0	0,0	0,0	0,0	0,0	0,0	0,0	0,0	0,0
11.09.2025 08:57:19	650,0	100,0	100,0	0,0	50,0	0,0	0,0	0,0	0,0	0,0	0,0	0,0	0,0	0,0	0,0	0,0	0,0	0,0	0,0	0,0	0,0	0,0	0,0	0,0	0,0	0,0	0,0	0,0	0,0	0,0	0,0
11.09.2025 08:57:25	550,0	450,0	100,0	150,0	0,0	50,0	0,0	0,0	0,0	0,0	0,0	0,0	0,0	0,0	0,0	0,0	0,0	0,0	0,0	0,0	0,0	0,0	0,0	0,0	0,0	0,0	0,0	0,0	0,0	0,0	0,0
11.09.2025 08:57:31	450,0	150,0	100,0	150,0	0,0	0,0	0,0	0,0	0,0	0,0	0,0	0,0	50,0	50,0	0,0	0,0	0,0	0,0	0,0	0,0	0,0	0,0	0,0	0,0	0,0	0,0	0,0	0,0	0,0	0,0	0,0
11.09.2025 08:57:37	650,0	250,0	100,0	50,0	0,0	50,0	0,0	0,0	0,0	0,0	0,0	50,0	0,0	0,0	0,0	0,0	0,0	0,0	0,0	0,0	0,0	0,0	0,0	0,0	0,0	0,0	0,0	0,0	0,0	0,0	0,0
11.09.2025 08:57:43	250,0	100,0	200,0	50,0	0,0	0,0	0,0	0,0	0,0	0,0	0,0	0,0	50,0	0,0	0,0	0,0	0,0	0,0	0,0	0,0	0,0	0,0	0,0	0,0	0,0	0,0	0,0	0,0	0,0	0,0	0,0
11.09.2025 08:57:49	600,0	200,0	150,0	250,0	50,0	0,0	0,0	0,0	0,0	0,0	0,0	0,0	0,0	0,0	0,0	0,0	0,0	0,0	0,0	0,0	0,0	0,0	0,0	0,0	0,0	0,0	0,0	0,0	0,0	0,0	0,0
11.09.2025 08:57:55	550,0	200,0	150,0	50,0	50,0	100,0	0,0	0,0	0,0	0,0	0,0	0,0	0,0	0,0	0,0	0,0	0,0	0,0	0,0	0,0	0,0	0,0	0,0	0,0	0,0	0,0	0,0	0,0	0,0	0,0	0,0
11.09.2025 08:58:01	300,0	200,0	100,0	50,0	50,0	50,0	0,0	0,0	0,0	0,0	0,0	0,0	0,0	0,0	30,0	20,0	0,0	0,0	0,0	0,0	0,0	0,0	0,0	0,0	0,0	0,0	0,0	0,0	0,0	0,0	0,0
11.09.2025 08:58:07	350,0	50,0	250,0	50,0	0,0	0,0	0,0	0,0	0,0	0,0	0,0	0,0	0,0	0,0	0,0	0,0	0,0	0,0	0,0	0,0	0,0	0,0	0,0	0,0	0,0	0,0	0,0	0,0	0,0	0,0	0,0
11.09.2025 08:58:13	650,0	150,0	50,0	50,0	0,0	0,0	0,0	50,0	0,0	0,0	0,0	0,0	0,0	0,0	0,0	0,0	0,0	0,0	0,0	0,0	0,0	0,0	0,0	0,0	0,0	0,0	0,0	0,0	0,0	0,0	0,0
11.09.2025 08:58:19	550,0	300,0	100,0	0,0	50,0	0,0	50,0	50,0	0,0	0,0	0,0	0,0	0,0	0,0	0,0	0,0	0,0	0,0	0,0	0,0	0,0	0,0	0,0	0,0	0,0	0,0	0,0	0,0	0,0	0,0	0,0
11.09.2025 08:58:25	400,0	250,0	50,0	50,0	0,0	0,0	0,0	0,0	0,0	0,0	0,0	0,0	50,0	0,0	0,0	0,0	0,0	0,0	0,0	0,0	0,0	0,0	0,0	0,0	0,0	0,0	0,0	0,0	0,0	0,0	0,0
11.09.2025 08:58:31	550,0	200,0	50,0	0,0	0,0	0,0	50,0	0,0	0,0	0,0	0,0	0,0	0,0	0,0	0,0	0,0	0,0	0,0	0,0	0,0	0,0	0,0	0,0	0,0	0,0	0,0	0,0	0,0	0,0	0,0	0,0
11.09.2025 08:58:37	500,0	600,0	50,0	0,0	0,0	0,0	0,0	0,0	0,0	0,0	0,0	0,0	0,0	0,0	0,0	0,0	0,0	0,0	0,0	0,0	0,0	0,0	0,0	0,0	0,0	0,0	0,0	0,0	0,0	0,0	0,0
11.09.2025 08:58:43	450,0	200,0	0,0	0,0	0,0	0,0	50,0	0,0	0,0	0,0	50,0	0,0	0,0	0,0	0,0	0,0	0,0	0,0	0,0	0,0	0,0	0,0	0,0	0,0	0,0	0,0	0,0	0,0	0,0	0,0	0,0
11.09.2025 08:58:49	500,0	100,0	50,0	0,0	0,0	0,0	0,0	0,0	50,0	0,0	0,0	0,0	0,0	0,0	0,0	0,0	0,0	0,0	0,0	0,0	0,0	0,0	0,0	0,0	0,0	0,0	0,0	0,0	0,0	0,0	0,0
11.09.2025 08:58:55	550,0	150,0	50,0	100,0	50,0	50,0	0,0	0,0	0,0	0,0	0,0	0,0	0,0	0,0	0,0	0,0	0,0	0,0	0,0	0,0	0,0	0,0	0,0	0,0	0,0	0,0	0,0	0,0	0,0	0,0	0,0
11.09.2025 08:59:01	250,0	200,0	100,0	0,0	0,0	0,0	0,0	0,0	0,0	0,0	0,0	0,0	0,0	0,0	0,0	0,0	0,0	0,0	0,0	0,0	0,0	0,0	0,0	0,0	0,0	0,0	0,0	0,0	0,0	0,0	0,0
11.09.2025 08:59:07	400,0	100,0	150,0	50,0	0,0	0,0	0,0	0,0	0,0	0,0	0,0	0,0	0,0	0,0	0,0	0,0	0,0	0,0	0,0	0,0	0,0	0,0	0,0	0,0	0,0	0,0	0,0	0,0	0,0	0,0	0,0
11.09.2025 08:59:13	150,0	200,0	150,0	100,0	100,0	50,0	0,0	100,0	0,0	0,0	0,0	0,0	0,0	0,0	0,0	0,0	0,0	0,0	0,0	0,0	0,0	0,0	0,0	0,0	0,0	0,0	0,0	0,0	0,0	0,0	0,0
11.09.2025 08:59:19	350,0	450,0	250,0	100,0	100,0	0,0	0,0	0,0	0,0	0,0	0,0	0,0	0,0	0,0	0,0	0,0	0,0	0,0	0,0	0,0	0,0	0,0	0,0	0,0	0,0	0,0	0,0	0,0	0,0	0,0	0,0
11.09.2025 08:59:25	300,0	100,0	200,0	0,0	0,0	50,0	0,0	50,0	0,0	0,0	0,0	100,0	0,0	0,0	0,0	0,0	0,0	0,0	0,0	0,0	0,0	0,0	0,0	0,0	0,0	0,0	0,0	0,0	0,0	0,0	0,0
11.09.2025 08:59:31	250,0	350,0	100,0	0,0	0,0	0,0	0,0	0,0	0,0	0,0	0,0	0,0	0,0	0,0	0,0	0,0	0,0	0,0	0,0	0,0	0,0	0,0	0,0	0,0	0,0	0,0	0,0	0,0	0,0	0,0	0,0
11.09.2025 08:59:37	300,0	200,0	150,0	200,0	0,0	0,0	50,0	0,0	0,0	0,0	0,0	0,0	0,0	0,0	0,0	0,0	0,0	0,0	0,0	0,0	0,0	0,0	0,0	0,0	0,0	0,0	0,0	0,0	0,0	0,0	0,0
11.09.2025 08:59:43	550,0	200,0	250,0	150,0	0,0	0,0	50,0	0,0	0,0	0,0	0,0	0,0	0,0	0,0	0,0	0,0	0,0	0,0	0,0	0,0	0,0	0,0	0,0	0,0	0,0	0,0	0,0	0,0	0,0	0,0	0,0
11.09.2025 08:59:49	400,0	250,0	200,0	150,0	50,0	50,0	0,0	0,0	0,0	0,0	0,0	0,0	0,0	0,0	30,0	20,0	0,0	0,0	0,0	0,0	0,0	0,0	0,0	0,0	0,0	0,0	0,0	0,0	0,0	0,0	0,0
11.09.2025 08:59:55	600,0	0,0	200,0	0,0	0,0	0,0	0,0	0,0	0,0	0,0	0,0	50,0	0,0	0,0	0,0	0,0	0,0	0,0	0,0	0,0	0,0	0,0	0,0	0,0	0,0	0,0	0,0	0,0	0,0	0,0	0,0
11.09.2025 09:00:01	550,0	200,0	100,0	0,0	50,0	0,0	50,0	0,0	0,0	0,0	0,0	0,0	0,0	0,0	0,0	0,0	0,0	0,0	0,0	0,0	0,0	0,0	0,0	0,0	0,0	0,0	0,0	0,0	0,0	0,0	0,0
11.09.2025 09:00:07	300,0	300,0	100,0	50,0	0,0	0,0	100,0	0,0	0,0	0,0	50,0	0,0	0,0	0,0	0,0	0,0	0,0	0,0	0,0	0,0	0,0	0,0	0,0	0,0	0,0	0,0	0,0	0,0	0,0	0,0	0,0
11.09.2025 09:00:13	600,0	200,0	100,0	50,0	50,0	0,0	0,0	50,0	0,0	0,0	0,0	0,0	50,0	50,0	0,0	0,0	0,0	0,0	0,0	0,0	0,0	0,0	0,0	0,0	0,0	0,0	0,0	0,0	0,0	0,0	0,0
11.09.2025 09:00:19	600,0	400,0	200,0	50,0	0,0	50,0	0,0	0,0	0,0	0,0	0,0	0,0	0,0	0,0	0,0	0,0	0,0	0,0	0,0	0,0	0,0	0,0	0,0	0,0	0,0	0,0	0,0	0,0	0,0	0,0	0,0
11.09.2025 09:00:25	500,0	350,0	50,0	250,0	0,0	0,0	0,0	0,0	0,0	0,0	0,0	0,0	0,0	0,0	0,0	0,0	0,0	0,0	0,0	0,0	0,0	0,0	0,0	0,0	0,0	0,0	0,0	0,0	0,0	0,0	0,0
11.09.2025 09:00:31	400,0	200,0	100,0	200,0	50,0	50,0	50,0	0,0	0,0	0,0	0,0	0,0	0,0	50,0	0,0	0,0	0,0	0,0	0,0	0,0	0,0	0,0	0,0	0,0	0,0	0,0	0,0	0,0	0,0	0,0	0,0
11.09.2025 09:00:37	600,0	250,0	200,0	100,0	100,0	0,0	0,0	0,0	0,0	0,0	0,0	0,0	0,0	0,0	0,0	0,0	0,0	0,0	0,0	0,0	0,0	0,0	0,0	0,0	0,0	0,0	0,0	0,0	0,0	0,0	0,0
11.09.2025 09:00:43	400,0	350,0	50,0	100,0	0,0	0,0	0,0	0,0	0,0	0,0	0,0	0,0	0,0	0,0	0,0	0,0	0,0	0,0	0,0	0,0	0,0	0,0	0,0	0,0	0,0	0,0	0,0	0,0	0,0	0,0	0,0
11.09.2025 09:00:49	300,0	200,0	50,0	150,0	0,0	50,0	50,0	0,0	0,0	0,0	0,0	0,0	0,0	0,0	30,0	20,0	0,0	0,0	0,0	0,0	0,0	0,0	0,0	0,0	0,0	0,0	0,0	0,0	0,0	0,0	0,0
11.09.2025 09:00:55	400,0	200,0	100,0	100,0	0,0	0,0	0,0	0,0	0,0	0,0	0,0	0,0	0,0	0,0	0,0	0,0	0,0	0,0	0,0	0,0	0,0	0,0	0,0	0,0	0,0	0,0	0,0	0,0	0,0	0,0	0,0
11.09.2025 09:01:01	450,0	150,0	300,0	250,0	0,0	0,0	0,0	0,0	0,0	0,0	0,0	0,0	0,0	0,0	0,0	0,0	0,0	0,0	0,0	0,0	0,0	0,0	0,0	0,0	0,0	0,0	0,0	0,0	0,0	0,0	0,0
11.09.2025 09:01:07	500,0	350,0	100,0	150,0	0,0	0,0	0,0	0,0	0,0	0,0	0,0	50,0	0,0	0,0	0,0	0,0	0,0	0,0	0,0	0,0	0,0	0,0	0,0	0,0	0,0	0,0	0,0	0,0	0,0	0,0	0,0
11.09.2025 09:01:13	300,0	250,0	300,0	50,0	100,0	50,0	0,0	0,0	0,0	0,0	0,0	0,0	0,0	0,0	0,0	0,0	0,0	0,0	0,0	0,0	0,0	0,0	0,0	0,0	0,0	0,0	0,0	0,0	0,0	0,0	0,0
11.09.2025 09:01:19	200,0	0,0	250,0	0,0	0,0	0,0	0,0	50,0	0,0	0,0	0,0	0,0	50,0	0,0	0,0	0,0	0,0	0,0	0,0	0,0	0,0	0,0	0,0	0,0	0,0	0,0	0,0	0,0	0,0	0,0	0,0
11.09.2025 09:01:25	550,0	450,0	150,0	100,0	0,0	0,0	0,0	50,0	0,0	100,0	0,0	0,0	0,0	0,0	0,0	0,0	0,0	0,0	0,0	0,0	0,0	0,0	0,0	0,0	0,0	0,0	0,0	0,0	0,0	0,0	0,0
11.09.2025 09:01:31	500,0	200,0	250,0	250,0	0,0	0,0	0,0	50,0	50,0	0,0	50,0	0,0	50,0	0,0	0,0	0,0	0,0	0,0	0,0	0,0	0,0	0,0	0,0	0,0	0,0	0,0	0,0	0,0	0,0	0,0	0,0
11.09.2025 09:01:37	450,0	150,0	0,0	150,0	0,0	0,0	0,0	0,0	0,0	0,0	0,0	0,0	0,0	0,0	50,0	0,0	0,0	0,0	0,0	0,0	0,0	0,0	0,0	0,0	0,0	0,0	0,0	0,0	0,0	0,0	0,0
11.09.2025 09:01:43	750,0	300,0	50,0	50,0	0,0	0,0	0,0	100,0	0,0	0,0	50,0	0,0	0,0	0,0	0,0	0,0	0,0	0,0	0,0	0,0	0,0	0,0	0,0	0,0	0,0	0,0	0,0	0,0	0,0	0,0	0,0
11.09.2025 09:01:49	300,0	150,0	300,0	100,0	50,0	0,0	50,0	0,0	0,0	0,0	0,0	0,0	0,0	0,0	0,0	0,0	0,0	0,0	0,0	0,0	0,0	0,0	0,0	0,0	0,0	0,0	0,0	0,0	0,0	0,0	0,0
11.09.2025 09:01:55	250,0	250,0	100,0	150,0	50,0	0,0	0,0	0,0	0,0	50,0	0,0	0,0	0,0	0,0	0,0	0,0	0,0	0,0	0,0	0,0	0,0	0,0	0,0	0,0	0,0	0,0	0,0	0,0	0,0	0,0	0,0
11.09.2025 09:02:01	550,0	150,0	200,0	0,0	0,0	0,0	0,0	0,0	0,0	50,0	0,0	0,0	0,0	0,0	0,0	0,0	0,0	0,0	0,0	0,0	0,0	0,0	0,0	0,0	0,0	0,0	0,0	0,0	0,0	0,0	0,0
11.09.2025 09:02:07	600,0	200,0	350,0	100,0	0,0	0,0	0,0	50,0	0,0	0,0	0,0	0,0	0,0	0,0	0,0	0,0	0,0	0,0	0,0	0,0	0,0	0,0	0,0	0,0	0,0	0,0	0,0	0,0	0,0	0,0	0,0
11.09.2025 09:02:13	400,0	200,0	200,0	200,0	0,0	0,0	0,0	0,0	0,0	0,0	0,0	0,0	0,0	0,0	0,0	0,0	0,0	0,0	0,0	0,0	0,0	0,0	0,0	0,0	0,0	0,0	0,0	0,0	0,0	0,0	0,0
11.09.2025 09:02:19	500,0	200,0	250,0	150,0	0,0	0,0	50,0	0,0	50,0	0,0	0,0	0,0	0,0	0,0	0,0	0,0	0,0	0,0	0,0	0,0	0,0	0,0	0,0	0,0	0,0	0,0	0,0	0,0	0,0	0,0	0,0
11.09.2025 09:02:25	450,0	300,0	50,0	150,0	0,0	50,0	50,0	0,0	0,0	0,0	0,0	0,0	0,0	0,0	0,0	0,0	0,0	0,0	0,0	0,0	0,0	0,0	0,0	0,0	0,0	0,0	0,0	0,0	0,0	0,0	0,0
11.09.2025 09:02:31	600,0	250,0	100,0	150,0	0,0	0,0	0,0	0,0	0,0	0,0	0,0	0,0	0,0	0,0	0,0	0,0	0,0	0,0	0,0	0,0	0,0	0,0	0,0	0,0	0,0	0,0	0,0	0,0	0,0	0,0	0,0
11.09.2025 09:02:37	100,0	100,0	50,0	0,0	0,0	0,0	0,0	0,0	0,0	0,0	0,0	0,0	0,0	0,0	0,0	0,0	0,0	0,0	0,0	0,0	0,0	0,0	0,0	0,0	0,0	0,0	0,0	0,0	0,0	0,0	0,0
11.09.2025 09:02:43	850,0	200,0	150,0	100,0	150,0	0,0	0,0	50,0	0,0	100,0	0,0	0,0	0,0	0,0	0,0	0,0	0,0	0,0	0,0	0,0	0,0	0,0	0,0	0,0	0,0	0,0	0,0	0,0	0,0	0,0	0,0
11.09.2025 09:02:49	200,0	250,0	0,0	200,0	50,0	0,0	0,0	50,0	50,0	50,0	0,0	0,0	0,0	0,0	0,0	0,0	0,0	0,0	0,0	0,0	0,0	0,0	0,0	0,0	0,0	0,0	0,0	0,0	0,0	0,0	0,0
11.09.2025 09:02:55	550,0	100,0	100,0	300,0	0,0	50,0	0,0	50,0	0,0	0,0	0,0	0,0	0,0	0,0	0,0	0,0	0,0	0,0	0,0	0,0	0,0	0,0	0,0	0,0	0,0	0,0	0,0	0,0	0,0	0,0	0,0
11.09.2025 09:03:01	550,0	350,0	300,0	150,0	50,0	50,0	0,0	0,0	0,0	0,0	0,0	0,0	0,0	0,0	0,0	0,0	0,0	0,0	0,0	0,0	0,0	0,0	0,0	0,0	0,0	0,0	0,0	0,0	0,0	0,0	0,0
11.09.2025 09:03:07	350,0	250,0	50,0	0,0	150,0	0,0	50,0	0,0	0,0	50,0	0,0	0,0	0,0	0,0	0,0	0,0	0,0	0,0	0,0	0,0	0,0	0,0	0,0	0,0	0,0	0,0	0,0	0,0	0,0	0,0	0,0
11.09.2025 09:03:13	600,0	50,0	450,0	150,0	50,0	0,0	0,0	0,0	0,0	0,0	0,0	50,0	0,0	0,0	0,0	0,0	0,0	0,0	0,0	0,0	0,0	0,0	0,0	0,0	0,0	0,0	0,0	0,0	0,0	0,0	0,0
11.09.2025 09:03:19	250,0	400,0	50,0	200,0	100,0	0,0	0,0	0,0	0,0	0,0	0,0	50,0	0,0	0,0	0,0	0,0	0,0	0,0	0,0	0,0	0,0	0,0	0,0	0,0	0,0	0,0	0,0	0,0	0,0	0,0	0,0
11.09.2025 09:03:25	1000,0	400,0	50,0	200,0	50,0	0,0	0,0	0,0	0,0	0,0	0,0	0,0	0,0	0,0	0,0	0,0	0,0	0,0	0,0	0,0	0,0	0,0	0,0	0,0	0,0	0,0	0,0	0,0	0,0	0,0	0,0
11.09.2025 09:03:31	1300,0	550,0	350,0	200,0	0,0	0,0	50,0	0,0	0,0	0,0	0,0	0,0	0,0	0,0	0,0	0,0	0,0	0,0	0,0	0,0	0,0	0,0	0,0	0,0	0,0	0,0	0,0	0,0	0,0	0,0	0,0
11.09.2025 09:03:37	1950,0	1050,0	400,0	450,0	100,0	0,0	0,0	50,0	0,0	0,0	0,0	50,0	0,0	0,0	0,0	0,0	0,0	0,0	0,0	0,0	0,0	0,0	0,0	0,0	0,0	0,0	0,0	0,0	0,0	0,0	0,0
11.09.2025 09:03:43	1900,0	1400,0	850,0	400,0	100,0	50,0	0,0	50,0	0,0	0,0	0,0	0,0	0,0	0,0	10,0	10,0	0,0	10,0	10,0	10,0	0,0	0,0	0,0	0,0	0,0	0,0	0,0	0,0	0,0	0,0	0,0
11.09.2025 09:03:49	2150,0	1350,0	950,0	400,0	50,0	100,0	150,0	100,0	150,0	0,0	0,0	50,0	0,0	0,0	90,0	0,0	0,0	0,0	10,0	0,0	0,0	0,0	0,0	0,0	0,0	0,0	0,0	0,0	0,0	0,0	0,0
11.09.2025 09:03:55	2000,0	1400,0	1050,0	450,0	300,0	100,0	0,0	100,0	150,0	150,0	0,0	0,0	0,0	0,0	60,0	20,0	10,0	0,0	10,0	10,0	0,0	30,0	10,0	0,0	0,0	0,0	0,0	0,0	0,0	0,0	0,0
11.09.2025 09:04:01	2550,0	1100,0	750,0	500,0	300,0	150,0	100,0	250,0	50,0	100,0	50,0	0,0	0,0	0,0	70,0	60,0	30,0	0,0	0,0	0,0	10,0	0,0	10,0	10,0	0,0	0,0	0,0	10,0	0,0	0,0	0,0
11.09.2025 09:04:07	4500,0	2500,0	2700,0	1400,0	350,0	100,0	300,0	200,0	50,0	250,0	0,0	50,0	0,0	50,0	50,0	10,0	20,0	30,0	20,0	0,0	0,0	0,0	10,0	10,0	0,0	0,0	0,0	0,0	0,0	0,0	0,0
11.09.2025 09:04:13	5950,0	3100,0	2350,0	1350,0	300,0	300,0	150,0	150,0	0,0	0,0	0,0	150,0	50,0	50,0	30,0	0,0	10,0	20,0	10,0	0,0	10,0	0,0	10,0	0,0	0,0	10,0	0,0	0,0	0,0	0,0	0,0
11.09.2025 09:04:19	4250,0	2500,0	2250,0	1400,0	250,0	200,0	100,0	0,0	0,0	150,0	50,0	50,0	50,0	0,0	60,0	20,0	10,0	0,0	10,0	20,0	0,0	0,0	20,0	0,0	0,0	10,0	0,0	0,0	0,0	0,0	0,0
11.09.2025 09:04:25	2700,0	2150,0	1350,0	800,0	450,0	50,0	250,0	250,0	100,0	50,0	50,0	50,0	0,0	50,0	50,0	0,0	20,0	40,0	10,0	10,0	0,0	0,0	10,0	10,0	0,0	0,0	0,0	0,0	0,0	0,0	0,0
11.09.2025 09:04:31	2950,0	1850,0	1750,0	1050,0	500,0	350,0	250,0	100,0	0,0	100,0	50,0	150,0	50,0	0,0	0,0	0,0	0,0	20,0	10,0	0,0	0,0	0,0	10,0	0,0	10,0	0,0	0,0	0,0	0,0	0,0	0,0
11.09.2025 09:04:37	3050,0	1400,0	1150,0	950,0	500,0	100,0	50,0	150,0	50,0	0,0	100,0	0,0	150,0	100,0	40,0	0,0	10,0	10,0	30,0	0,0	0,0	10,0	0,0	0,0	0,0	0,0	0,0	0,0	0,0	0,0	0,0
11.09.2025 09:04:43	2650,0	2200,0	1400,0	1050,0	300,0	100,0	50,0	0,0	50,0	200,0	0,0	0,0	100,0	100,0	40,0	30,0	10,0	0,0	0,0	0,0	0,0	0,0	10,0	0,0	10,0	0,0	0,0	0,0	0,0	0,0	0,0
11.09.2025 09:04:49	2300,0	1800,0	1200,0	800,0	300,0	100,0	200,0	100,0	100,0	0,0	50,0	0,0	50,0	0,0	0,0	0,0	10,0	20,0	0,0	20,0	20,0	0,0	10,0	10,0	0,0	0,0	0,0	10,0	0,0	0,0	0,0
11.09.2025 09:04:55	2250,0	1650,0	1050,0	800,0	150,0	200,0	200,0	50,0	0,0	0,0	0,0	100,0	50,0	0,0	0,0	0,0	0,0	10,0	10,0	10,0	10,0	0,0	10,0	0,0	0,0	0,0	0,0	0,0	0,0	0,0	0,0
11.09.2025 09:05:01	2150,0	1750,0	850,0	700,0	250,0	200,0	0,0	100,0	0,0	150,0	100,0	0,0	50,0	100,0	10,0	10,0	0,0	0,0	10,0	0,0	0,0	10,0	0,0	10,0	0,0	0,0	0,0	0,0	0,0	0,0	0,0
11.09.2025 09:05:07	2100,0	1400,0	1050,0	800,0	50,0	150,0	100,0	50,0	0,0	100,0	0,0	0,0	0,0	100,0	0,0	0,0	0,0	0,0	0,0	0,0	0,0	0,0	0,0	0,0	0,0	0,0	0,0	0,0	0,0	0,0	0,0
11.09.2025 09:05:13	2300,0	1200,0	600,0	650,0	250,0	150,0	200,0	150,0	0,0	100,0	0,0	50,0	0,0	0,0	40,0	30,0	0,0	10,0	0,0	0,0	0,0	0,0	10,0	10,0	0,0	0,0	0,0	0,0	0,0	0,0	0,0
11.09.2025 09:05:19	1950,0	1300,0	1300,0	650,0	100,0	100,0	150,0	50,0	50,0	150,0	0,0	50,0	50,0	0,0	70,0	60,0	0,0	0,0	0,0	10,0	0,0	0,0	0,0	10,0	0,0	0,0	0,0	0,0	0,0	0,0	0,0
11.09.2025 09:05:25	2050,0	1300,0	1000,0	450,0	0,0	200,0	150,0	50,0	50,0	100,0	50,0	100,0	50,0	0,0	100,0	30,0	10,0	0,0	0,0	10,0	0,0	0,0	0,0	0,0	0,0	0,0	0,0	0,0	0,0	0,0	0,0
11.09.2025 09:05:31	1850,0	1100,0	850,0	500,0	350,0	50,0	50,0	50,0	50,0	200,0	0,0	50,0	0,0	50,0	30,0	30,0	20,0	10,0	0,0	10,0	0,0	0,0	0,0	0,0	0,0	0,0	0,0	0,0	0,0	0,0	0,0
11.09.2025 09:05:37	1900,0	1100,0	800,0	300,0	150,0	50,0	0,0	0,0	0,0	0,0	150,0	0,0	50,0	0,0	0,0	0,0	0,0	0,0	0,0	0,0	0,0	0,0	0,0	0,0	0,0	0,0	0,0	0,0	0,0	0,0	0,0
11.09.2025 09:05:43	1450,0	700,0	600,0	650,0	150,0	50,0	100,0	50,0	0,0	50,0	100,0	150,0	0,0	0,0	30,0	0,0	10,0	0,0	0,0	0,0	0,0	0,0	0,0	0,0	0,0	10,0	0,0	0,0	0,0	0,0	0,0
11.09.2025 09:05:49	1850,0	650,0	650,0	400,0	200,0	0,0	100,0	50,0	0,0	50,0	0,0	0,0	0,0	0,0	40,0	0,0	0,0	0,0	0,0	0,0	0,0	0,0	0,0	0,0	0,0	0,0	0,0	10,0	0,0	0,0	0,0
11.09.2025 09:05:55	1350,0	850,0	450,0	350,0	200,0	100,0	50,0	100,0	0,0	50,0	0,0	0,0	0,0	0,0	0,0	0,0	0,0	0,0	0,0	0,0	0,0	0,0	0,0	0,0	0,0	0,0	0,0	0,0	0,0	0,0	0,0
11.09.2025 09:06:01	1250,0	600,0	500,0	350,0	250,0	0,0	50,0	50,0	50,0	50,0	0,0	0,0	0,0	0,0	0,0	0,0	0,0	0,0	0,0	0,0	0,0	0,0	0,0	0,0	0,0	0,0	0,0	0,0	0,0	0,0	0,0
11.09.2025 09:06:07	1250,0	950,0	250,0	250,0	100,0	50,0	100,0	150,0	100,0	50,0	50,0	0,0	0,0	0,0	40,0	40,0	0,0	10,0	0,0	0,0	0,0	0,0	0,0	10,0	0,0	0,0	0,0	0,0	0,0	0,0	0,0
11.09.2025 09:06:13	1050,0	900,0	500,0	450,0	0,0	50,0	50,0	50,0	0,0	50,0	50,0	0,0	0,0	50,0	0,0	0,0	0,0	0,0	0,0	0,0	0,0	0,0	0,0	0,0	0,0	0,0	0,0	0,0	0,0	0,0	0,0
11.09.2025 09:06:19	1700,0	500,0	400,0	250,0	0,0	100,0	0,0	0,0	50,0	50,0	0,0	0,0	50,0	0,0	0,0	10,0	0,0	0,0	20,0	0,0	0,0	10,0	0,0	10,0	0,0	0,0	0,0	0,0	0,0	0,0	0,0
11.09.2025 09:06:25	1150,0	250,0	200,0	400,0	100,0	50,0	0,0	50,0	0,0	0,0	0,0	0,0	0,0	0,0	50,0	0,0	0,0	0,0	0,0	0,0	0,0	0,0	0,0	0,0	0,0	0,0	0,0	0,0	0,0	0,0	0,0
11.09.2025 09:06:31	1400,0	800,0	300,0	150,0	100,0	100,0	50,0	0,0	100,0	0,0	50,0	0,0	0,0	50,0	30,0	20,0	0,0	0,0	0,0	0,0	0,0	0,0	0,0	0,0	0,0	0,0	0,0	0,0	0,0	0,0	0,0
11.09.2025 09:06:37	1150,0	600,0	400,0	100,0	0,0	50,0	150,0	50,0	0,0	0,0	50,0	0,0	0,0	0,0	0,0	0,0	0,0	0,0	0,0	0,0	0,0	0,0	0,0	0,0	0,0	0,0	0,0	0,0	0,0	0,0	0,0
11.09.2025 09:06:43	1200,0	400,0	500,0	200,0	200,0	0,0	50,0	50,0	0,0	0,0	50,0	0,0	0,0	0,0	0,0	0,0	0,0	0,0	0,0	0,0	0,0	0,0	0,0	0,0	0,0	0,0	0,0	0,0	0,0	0,0	0,0
11.09.2025 09:06:49	900,0	400,0	400,0	250,0	200,0	200,0	50,0	0,0	0,0	0,0	0,0	0,0	0,0	0,0	0,0	0,0	0,0	0,0	0,0	0,0	0,0	0,0	0,0	0,0	0,0	0,0	0,0	0,0	0,0	0,0	0,0
11.09.2025 09:06:55	1400,0	650,0	300,0	150,0	50,0	50,0	50,0	50,0	0,0	0,0	0,0	0,0	0,0	0,0	0,0	0,0	0,0	0,0	0,0	0,0	0,0	0,0	0,0	0,0	0,0	0,0	0,0	0,0	0,0	0,0	0,0
11.09.2025 09:07:01	800,0	200,0	500,0	450,0	150,0	50,0	0,0	0,0	0,0	0,0	0,0	0,0	0,0	0,0	20,0	20,0	0,0	0,0	10,0	0,0	0,0	0,0	0,0	0,0	0,0	0,0	0,0	0,0	0,0	0,0	0,0
11.09.2025 09:07:07	21100,0	13400,0	9450,0	5500,0	1700,0	1000,0	500,0	100,0	0,0	0,0	100,0	50,0	0,0	0,0	20,0	10,0	0,0	0,0	0,0	0,0	0,0	10,0	0,0	0,0	10,0	0,0	0,0	0,0	0,0	0,0	0,0
11.09.2025 09:07:13	20000,0	12250,0	8450,0	4850,0	1350,0	450,0	350,0	200,0	0,0	50,0	150,0	50,0	0,0	0,0	70,0	10,0	10,0	0,0	0,0	0,0	0,0	10,0	0,0	0,0	0,0	0,0	0,0	0,0	0,0	0,0	0,0
11.09.2025 09:07:19	20350,0	12500,0	8950,0	5050,0	1700,0	550,0	200,0	100,0	0,0	150,0	50,0	50,0	0,0	50,0	0,0	0,0	0,0	0,0	50,0	0,0	0,0	0,0	0,0	0,0	0,0	0,0	0,0	0,0	0,0	0,0	0,0
11.09.2025 09:07:25	16600,0	11750,0	7800,0	3950,0	1200,0	550,0	500,0	50,0	50,0	0,0	50,0	0,0	0,0	50,0	10,0	10,0	10,0	0,0	0,0	0,0	0,0	20,0	0,0	0,0	0,0	0,0	0,0	0,0	0,0	0,0	0,0
11.09.2025 09:07:31	19250,0	14200,0	10150,0	5250,0	2300,0	500,0	400,0	350,0	100,0	150,0	50,0	100,0	0,0	0,0	40,0	80,0	0,0	10,0	10,0	10,0	0,0	0,0	0,0	0,0	0,0	0,0	0,0	0,0	0,0	0,0	0,0
11.09.2025 09:07:37	27300,0	16500,0	11850,0	6300,0	1800,0	750,0	550,0	150,0	150,0	100,0	50,0	100,0	0,0	50,0	0,0	0,0	0,0	0,0	20,0	0,0	10,0	0,0	10,0	0,0	10,0	0,0	0,0	0,0	0,0	0,0	0,0
11.09.2025 09:07:43	21400,0	13850,0	10500,0	5700,0	1650,0	750,0	600,0	500,0	50,0	200,0	50,0	50,0	50,0	50,0	270,0	130,0	50,0	20,0	20,0	10,0	0,0	0,0	0,0	0,0	0,0	0,0	0,0	0,0	0,0	0,0	0,0
11.09.2025 09:07:49	25400,0	14500,0	8650,0	5850,0	1650,0	650,0	850,0	500,0	150,0	200,0	0,0	100,0	0,0	100,0	70,0	70,0	10,0	0,0	20,0	20,0	10,0	0,0	0,0	0,0	0,0	0,0	0,0	0,0	0,0	0,0	0,0
11.09.2025 09:07:55	26100,0	15850,0	9950,0	5800,0	2100,0	750,0	400,0	400,0	250,0	150,0	50,0	0,0	50,0	0,0	20,0	50,0	20,0	10,0	50,0	20,0	0,0	0,0	10,0	0,0	20,0	0,0	0,0	0,0	0,0	0,0	0,0
11.09.2025 09:08:01	23600,0	14300,0	10450,0	6150,0	1650,0	300,0	400,0	300,0	100,0	200,0	0,0	0,0	0,0	0,0	90,0	30,0	0,0	0,0	30,0	10,0	0,0	0,0	30,0	10,0	0,0	0,0	0,0	0,0	0,0	0,0	0,0
11.09.2025 09:08:07	25100,0	16200,0	10700,0	5200,0	2100,0	850,0	900,0	250,0	0,0	200,0	0,0	50,0	100,0	100,0	40,0	0,0	0,0	10,0	20,0	10,0	10,0	10,0	0,0	0,0	0,0	0,0	0,0	0,0	0,0	0,0	0,0
11.09.2025 09:08:13	27400,0	15750,0	11150,0	5500,0	1450,0	750,0	550,0	450,0	50,0	100,0	50,0	0,0	0,0	0,0	80,0	40,0	40,0	0,0	20,0	10,0	0,0	0,0	0,0	0,0	10,0	0,0	0,0	0,0	0,0	0,0	0,0
11.09.2025 09:08:19	25500,0	16850,0	10100,0	6150,0	1900,0	300,0	600,0	50,0	150,0	50,0	50,0	50,0	0,0	100,0	60,0	40,0	30,0	10,0	0,0	0,0	0,0	0,0	0,0	0,0	10,0	0,0	0,0	0,0	0,0	0,0	0,0
11.09.2025 09:08:25	25800,0	15400,0	11600,0	5550,0	1650,0	650,0	500,0	50,0	100,0	100,0	100,0	50,0	0,0	0,0	20,0	20,0	20,0	20,0	0,0	10,0	0,0	0,0	10,0	0,0	0,0	0,0	0,0	0,0	0,0	0,0	0,0
11.09.2025 09:08:31	25800,0	16550,0	11350,0	6750,0	1900,0	800,0	450,0	250,0	0,0	150,0	0,0	150,0	150,0	0,0	50,0	10,0	40,0	10,0	10,0	20,0	10,0	0,0	0,0	0,0	0,0	0,0	0,0	0,0	0,0	0,0	0,0
11.09.2025 09:08:37	24900,0	16650,0	9900,0	6150,0	1550,0	600,0	250,0	250,0	50,0	50,0	50,0	0,0	100,0	50,0	160,0	90,0	20,0	0,0	60,0	10,0	0,0	10,0	0,0	0,0	0,0	0,0	0,0	0,0	0,0	0,0	0,0
11.09.2025 09:08:43	26550,0	15900,0	10850,0	6400,0	1600,0	450,0	550,0	300,0	150,0	50,0	100,0	200,0	100,0	50,0	80,0	110,0	10,0	30,0	0,0	10,0	0,0	0,0	0,0	0,0	10,0	0,0	0,0	0,0	0,0	0,0	0,0
11.09.2025 09:08:49	27400,0	16200,0	10200,0	5950,0	1850,0	650,0	600,0	150,0	150,0	100,0	50,0	50,0	0,0	100,0	20,0	20,0	20,0	10,0	10,0	10,0	10,0	0,0	0,0	0,0	0,0	0,0	0,0	0,0	0,0	0,0	0,0
11.09.2025 09:08:55	27550,0	17250,0	11100,0	4800,0	2150,0	850,0	450,0	300,0	50,0	100,0	50,0	100,0	0,0	50,0	210,0	140,0	10,0	0,0	20,0	20,0	0,0	0,0	0,0	0,0	0,0	0,0	0,0	0,0	0,0	0,0	0,0
11.09.2025 09:09:01	25650,0	16100,0	8900,0	5500,0	1600,0	850,0	400,0	300,0	50,0	50,0	50,0	50,0	100,0	50,0	0,0	0,0	10,0	0,0	0,0	10,0	10,0	0,0	10,0	10,0	0,0	0,0	0,0	0,0	0,0	0,0	0,0
11.09.2025 09:09:07	26900,0	18150,0	8700,0	6200,0	1750,0	900,0	550,0	300,0	300,0	200,0	200,0	50,0	0,0	0,0	10,0	50,0	0,0	0,0	10,0	0,0	10,0	10,0	0,0	10,0	0,0	0,0	0,0	0,0	0,0	0,0	0,0
11.09.2025 09:09:13	27600,0	16450,0	11650,0	6450,0	2250,0	600,0	350,0	250,0	50,0	50,0	50,0	0,0	0,0	100,0	90,0	40,0	20,0	10,0	30,0	20,0	20,0	0,0	10,0	10,0	0,0	0,0	0,0	0,0	0,0	0,0	0,0
11.09.2025 09:09:19	27450,0	16700,0	10550,0	5250,0	1700,0	600,0	900,0	200,0	100,0	50,0	0,0	0,0	0,0	0,0	0,0	20,0	10,0	20,0	20,0	0,0	0,0	10,0	10,0	0,0	0,0	10,0	0,0	0,0	0,0	0,0	0,0
11.09.2025 09:09:25	28050,0	17550,0	11700,0	5950,0	1750,0	1000,0	500,0	350,0	150,0	150,0	150,0	0,0	0,0	100,0	100,0	30,0	20,0	10,0	10,0	0,0	0,0	10,0	10,0	0,0	0,0	10,0	0,0	0,0	0,0	0,0	0,0
11.09.2025 09:09:31	27200,0	14400,0	10750,0	6250,0	1750,0	800,0	750,0	300,0	50,0	50,0	0,0	50,0	50,0	50,0	50,0	20,0	30,0	20,0	10,0	0,0	10,0	0,0	10,0	0,0	0,0	0,0	0,0	0,0	0,0	0,0	0,0
11.09.2025 09:09:37	27600,0	16200,0	10850,0	6050,0	2000,0	550,0	500,0	400,0	100,0	150,0	50,0	50,0	50,0	150,0	0,0	0,0	10,0	20,0	30,0	0,0	10,0	0,0	10,0	10,0	0,0	10,0	0,0	0,0	0,0	0,0	0,0
11.09.2025 09:09:43	27800,0	15750,0	9900,0	6000,0	1700,0	700,0	300,0	200,0	150,0	150,0	0,0	50,0	100,0	50,0	0,0	10,0	20,0	10,0	20,0	0,0	0,0	10,0	20,0	10,0	0,0	0,0	0,0	0,0	0,0	0,0	0,0
11.09.2025 09:09:49	27350,0	15450,0	10800,0	6450,0	2250,0	450,0	800,0	200,0	0,0	50,0	0,0	100,0	100,0	100,0	110,0	80,0	30,0	10,0	0,0	0,0	0,0	0,0	10,0	0,0	0,0	0,0	10,0	0,0	0,0	0,0	0,0
11.09.2025 09:09:55	23900,0	15900,0	8900,0	5200,0	1800,0	650,0	750,0	250,0	100,0	50,0	50,0	0,0	50,0	100,0	0,0	0,0	0,0	0,0	30,0	20,0	0,0	0,0	0,0	0,0	0,0	0,0	0,0	0,0	0,0	0,0	0,0
11.09.2025 09:10:01	24950,0	17050,0	10250,0	5550,0	1500,0	600,0	450,0	150,0	100,0	200,0	150,0	50,0	0,0	50,0	40,0	0,0	30,0	10,0	30,0	20,0	10,0	0,0	0,0	0,0	0,0	10,0	0,0	0,0	0,0	0,0	0,0
11.09.2025 09:10:07	25150,0	18400,0	10550,0	5800,0	1500,0	650,0	350,0	600,0	50,0	100,0	50,0	0,0	0,0	0,0	130,0	50,0	20,0	10,0	10,0	10,0	0,0	10,0	10,0	0,0	0,0	0,0	0,0	0,0	0,0	0,0	0,0
11.09.2025 09:10:13	26200,0	15900,0	8950,0	6700,0	2200,0	550,0	750,0	100,0	150,0	200,0	100,0	100,0	100,0	0,0	50,0	0,0	10,0	10,0	10,0	0,0	0,0	10,0	0,0	10,0	0,0	0,0	0,0	0,0	0,0	0,0	0,0
11.09.2025 09:10:19	30400,0	19950,0	13600,0	6950,0	1650,0	700,0	400,0	200,0	200,0	150,0	50,0	100,0	150,0	50,0	0,0	0,0	10,0	10,0	30,0	0,0	0,0	0,0	0,0	0,0	0,0	0,0	0,0	0,0	0,0	0,0	0,0
11.09.2025 09:10:25	31050,0	19550,0	13100,0	7550,0	1900,0	600,0	450,0	100,0	50,0	0,0	50,0	50,0	0,0	0,0	0,0	0,0	0,0	0,0	0,0	0,0	0,0	0,0	0,0	0,0	0,0	0,0	0,0	0,0	0,0	0,0	0,0
11.09.2025 09:10:31	30150,0	19950,0	12750,0	7100,0	2100,0	450,0	650,0	150,0	100,0	200,0	50,0	150,0	0,0	0,0	0,0	0,0	0,0	0,0	0,0	0,0	0,0	0,0	0,0	0,0	0,0	0,0	0,0	0,0	0,0	0,0	0,0
11.09.2025 09:10:37	30100,0	21550,0	14600,0	8850,0	2750,0	600,0	350,0	50,0	50,0	150,0	50,0	50,0	0,0	0,0	20,0	20,0	40,0	10,0	0,0	0,0	0,0	10,0	0,0	0,0	0,0	0,0	0,0	0,0	0,0	0,0	0,0
11.09.2025 09:10:43	32000,0	21350,0	13300,0	7800,0	2350,0	400,0	550,0	200,0	100,0	50,0	0,0	0,0	100,0	100,0	100,0	20,0	20,0	20,0	30,0	10,0	0,0	0,0	0,0	0,0	0,0	0,0	0,0	0,0	0,0	0,0	0,0
11.09.2025 09:10:49	29200,0	20400,0	11650,0	6750,0	1700,0	900,0	450,0	300,0	150,0	50,0	0,0	0,0	0,0	0,0	50,0	20,0	10,0	20,0	20,0	10,0	10,0	10,0	0,0	0,0	0,0	0,0	0,0	0,0	0,0	0,0	0,0
11.09.2025 09:10:55	30400,0	21850,0	14400,0	7600,0	2400,0	850,0	750,0	450,0	50,0	50,0	0,0	150,0	0,0	100,0	50,0	0,0	30,0	10,0	10,0	0,0	0,0	0,0	0,0	0,0	0,0	0,0	0,0	0,0	0,0	0,0	0,0
11.09.2025 09:11:01	31250,0	19850,0	13350,0	7100,0	2300,0	850,0	650,0	100,0	100,0	0,0	50,0	50,0	0,0	0,0	0,0	0,0	0,0	30,0	10,0	0,0	10,0	0,0	0,0	0,0	0,0	0,0	0,0	0,0	0,0	0,0	0,0
11.09.2025 09:11:07	34450,0	21750,0	14900,0	7050,0	2400,0	650,0	500,0	300,0	250,0	200,0	200,0	100,0	0,0	100,0	20,0	10,0	0,0	20,0	20,0	20,0	0,0	10,0	0,0	0,0	0,0	0,0	0,0	0,0	0,0	0,0	0,0
11.09.2025 09:11:13	31150,0	20400,0	12350,0	8800,0	1950,0	600,0	700,0	250,0	50,0	50,0	100,0	0,0	50,0	100,0	130,0	30,0	20,0	0,0	10,0	0,0	0,0	10,0	0,0	0,0	10,0	0,0	10,0	0,0	10,0	0,0	20,0
11.09.2025 09:11:19	29200,0	18100,0	12050,0	7650,0	1900,0	800,0	650,0	300,0	0,0	0,0	0,0	50,0	0,0	50,0	20,0	0,0	0,0	0,0	20,0	0,0	0,0	0,0	10,0	0,0	0,0	0,0	0,0	0,0	0,0	0,0	0,0
11.09.2025 09:11:25	30700,0	19150,0	13900,0	7950,0	2050,0	600,0	600,0	250,0	0,0	100,0	50,0	150,0	0,0	50,0	0,0	0,0	0,0	0,0	0,0	0,0	0,0	0,0	0,0	0,0	0,0	0,0	0,0	0,0	0,0	0,0	0,0
11.09.2025 09:11:31	32150,0	22050,0	15100,0	8650,0	2350,0	650,0	500,0	350,0	100,0	100,0	100,0	100,0	0,0	50,0	0,0	20,0	20,0	0,0	10,0	0,0	0,0	0,0	0,0	0,0	0,0	0,0	0,0	0,0	0,0	0,0	0,0
11.09.2025 09:11:37	27350,0	17350,0	12700,0	6600,0	2450,0	550,0	450,0	300,0	100,0	0,0	100,0	0,0	150,0	150,0	50,0	80,0	30,0	10,0	20,0	0,0	0,0	10,0	0,0	0,0	0,0	0,0	0,0	0,0	0,0	0,0	0,0
11.09.2025 09:11:43	28600,0	17650,0	11200,0	6500,0	2500,0	850,0	650,0	150,0	100,0	50,0	100,0	100,0	150,0	100,0	20,0	10,0	10,0	10,0	30,0	10,0	0,0	10,0	0,0	0,0	0,0	0,0	0,0	0,0	0,0	0,0	0,0
11.09.2025 09:11:49	27500,0	18200,0	10350,0	5650,0	2150,0	900,0	650,0	250,0	50,0	50,0	250,0	0,0	50,0	0,0	20,0	20,0	10,0	40,0	0,0	10,0	0,0	0,0	0,0	0,0	0,0	0,0	0,0	0,0	0,0	0,0	0,0
11.09.2025 09:11:55	27400,0	16350,0	10850,0	6000,0	2900,0	700,0	850,0	500,0	50,0	150,0	150,0	50,0	50,0	0,0	20,0	20,0	30,0	0,0	20,0	10,0	0,0	0,0	0,0	0,0	0,0	0,0	0,0	0,0	0,0	0,0	0,0
11.09.2025 09:12:01	28150,0	16400,0	12100,0	6150,0	1850,0	700,0	400,0	100,0	250,0	100,0	50,0	100,0	0,0	100,0	60,0	0,0	20,0	10,0	50,0	0,0	10,0	0,0	0,0	0,0	0,0	0,0	0,0	0,0	0,0	0,0	0,0
11.09.2025 09:12:07	26900,0	17500,0	13050,0	5950,0	1300,0	500,0	900,0	250,0	100,0	100,0	100,0	50,0	0,0	100,0	80,0	0,0	10,0	0,0	0,0	0,0	0,0	0,0	0,0	0,0	0,0	10,0	0,0	0,0	0,0	0,0	0,0
11.09.2025 09:12:13	30150,0	17200,0	10650,0	6050,0	1700,0	550,0	550,0	100,0	0,0	50,0	0,0	100,0	0,0	100,0	0,0	0,0	0,0	0,0	0,0	0,0	0,0	0,0	0,0	0,0	0,0	0,0	0,0	0,0	0,0	0,0	0,0
11.09.2025 09:12:19	29900,0	19650,0	12400,0	8350,0	1750,0	1050,0	500,0	150,0	0,0	0,0	50,0	0,0	100,0	50,0	80,0	90,0	20,0	0,0	10,0	0,0	0,0	0,0	0,0	0,0	0,0	0,0	0,0	0,0	0,0	0,0	0,0
11.09.2025 09:12:25	30600,0	20900,0	13300,0	7600,0	2100,0	800,0	450,0	300,0	100,0	100,0	100,0	50,0	50,0	100,0	0,0	0,0	0,0	0,0	0,0	0,0	0,0	0,0	0,0	0,0	0,0	0,0	0,0	0,0	0,0	0,0	0,0
11.09.2025 09:12:31	31450,0	19200,0	13300,0	7950,0	2100,0	900,0	450,0	300,0	100,0	0,0	0,0	100,0	0,0	100,0	0,0	0,0	0,0	0,0	0,0	0,0	0,0	0,0	0,0	0,0	0,0	0,0	0,0	0,0	0,0	0,0	0,0
11.09.2025 09:12:37	30450,0	21800,0	13250,0	7800,0	1850,0	1000,0	900,0	250,0	150,0	100,0	250,0	100,0	100,0	0,0	120,0	120,0	10,0	0,0	20,0	20,0	0,0	0,0	0,0	10,0	0,0	0,0	0,0	0,0	0,0	0,0	0,0
11.09.2025 09:12:43	26050,0	19050,0	11100,0	7350,0	1900,0	550,0	600,0	150,0	100,0	200,0	150,0	100,0	0,0	200,0	50,0	30,0	0,0	20,0	0,0	0,0	0,0	0,0	0,0	0,0	0,0	0,0	0,0	0,0	0,0	0,0	0,0
11.09.2025 09:12:49	27450,0	18200,0	11050,0	6500,0	1700,0	300,0	750,0	450,0	50,0	50,0	0,0	50,0	0,0	50,0	70,0	30,0	20,0	20,0	10,0	0,0	0,0	0,0	0,0	0,0	0,0	0,0	0,0	0,0	0,0	0,0	0,0
11.09.2025 09:12:55	29600,0	20700,0	12350,0	8600,0	2950,0	600,0	850,0	350,0	0,0	100,0	100,0	100,0	100,0	150,0	80,0	50,0	20,0	30,0	0,0	10,0	10,0	0,0	0,0	0,0	0,0	0,0	0,0	0,0	0,0	0,0	0,0
11.09.2025 09:13:01	27800,0	19750,0	11950,0	6800,0	2250,0	550,0	850,0	250,0	100,0	250,0	150,0	50,0	50,0	50,0	40,0	70,0	20,0	20,0	30,0	20,0	0,0	0,0	0,0	0,0	0,0	0,0	0,0	0,0	0,0	0,0	0,0
11.09.2025 09:13:07	31650,0	21250,0	14300,0	6800,0	2450,0	850,0	600,0	150,0	350,0	50,0	50,0	0,0	50,0	50,0	40,0	20,0	10,0	20,0	0,0	20,0	10,0	20,0	0,0	0,0	0,0	10,0	0,0	0,0	0,0	0,0	0,0
11.09.2025 09:13:13	29650,0	19300,0	11800,0	6750,0	2650,0	1000,0	700,0	200,0	150,0	50,0	100,0	50,0	50,0	50,0	0,0	10,0	20,0	10,0	20,0	20,0	10,0	0,0	10,0	0,0	0,0	0,0	0,0	0,0	0,0	0,0	0,0
11.09.2025 09:13:19	28750,0	20250,0	12600,0	7400,0	2550,0	750,0	450,0	150,0	150,0	50,0	100,0	50,0	50,0	0,0	0,0	0,0	0,0	10,0	20,0	0,0	10,0	0,0	0,0	10,0	0,0	0,0	0,0	0,0	0,0	0,0	0,0
11.09.2025 09:13:25	32850,0	19650,0	12750,0	6550,0	1650,0	800,0	750,0	200,0	100,0	300,0	50,0	50,0	0,0	0,0	10,0	30,0	30,0	10,0	0,0	10,0	0,0	0,0	10,0	0,0	0,0	0,0	0,0	0,0	0,0	0,0	0,0
11.09.2025 09:13:31	29500,0	20700,0	13050,0	8800,0	2400,0	600,0	800,0	200,0	0,0	150,0	150,0	50,0	100,0	50,0	120,0	50,0	40,0	0,0	0,0	20,0	10,0	0,0	10,0	0,0	0,0	0,0	0,0	0,0	0,0	0,0	0,0
11.09.2025 09:13:37	28050,0	18250,0	10850,0	6600,0	1850,0	650,0	600,0	350,0	50,0	50,0	0,0	150,0	50,0	50,0	0,0	30,0	30,0	40,0	0,0	0,0	0,0	0,0	0,0	0,0	0,0	0,0	0,0	0,0	0,0	0,0	0,0
11.09.2025 09:13:43	25350,0	17550,0	10000,0	5350,0	1700,0	750,0	800,0	250,0	100,0	350,0	50,0	0,0	100,0	50,0	140,0	80,0	20,0	0,0	10,0	0,0	0,0	0,0	0,0	0,0	0,0	0,0	0,0	0,0	0,0	0,0	0,0
11.09.2025 09:13:49	26250,0	17700,0	11400,0	6300,0	2150,0	950,0	300,0	400,0	150,0	250,0	150,0	150,0	0,0	50,0	100,0	0,0	0,0	10,0	30,0	0,0	0,0	10,0	0,0	0,0	0,0	0,0	0,0	0,0	0,0	0,0	0,0
11.09.2025 09:13:55	27750,0	18350,0	10450,0	6200,0	2050,0	650,0	150,0	300,0	100,0	250,0	250,0	50,0	250,0	150,0	0,0	0,0	0,0	0,0	0,0	0,0	0,0	0,0	0,0	0,0	0,0	0,0	0,0	0,0	0,0	0,0	0,0
11.09.2025 09:14:01	26400,0	17200,0	10700,0	5850,0	2250,0	650,0	700,0	300,0	100,0	200,0	150,0	50,0	100,0	50,0	0,0	0,0	0,0	0,0	0,0	0,0	0,0	0,0	0,0	0,0	0,0	0,0	0,0	0,0	0,0	0,0	0,0
11.09.2025 09:14:07	27800,0	16450,0	12000,0	5450,0	2050,0	900,0	500,0	150,0	0,0	50,0	0,0	0,0	50,0	50,0	80,0	40,0	30,0	20,0	10,0	20,0	0,0	0,0	0,0	0,0	0,0	0,0	0,0	0,0	0,0	0,0	0,0
11.09.2025 09:14:13	26750,0	16450,0	11450,0	5450,0	1700,0	700,0	450,0	200,0	200,0	200,0	100,0	50,0	0,0	50,0	60,0	10,0	10,0	20,0	0,0	0,0	0,0	0,0	0,0	0,0	0,0	0,0	0,0	0,0	0,0	0,0	0,0
11.09.2025 09:14:19	26300,0	15850,0	10450,0	5400,0	1900,0	700,0	300,0	150,0	0,0	100,0	100,0	200,0	0,0	50,0	0,0	30,0	20,0	10,0	20,0	0,0	0,0	10,0	0,0	10,0	0,0	0,0	0,0	0,0	0,0	0,0	0,0
11.09.2025 09:14:25	27000,0	15950,0	10400,0	6100,0	1550,0	400,0	500,0	150,0	150,0	100,0	50,0	0,0	50,0	50,0	0,0	50,0	10,0	0,0	10,0	10,0	0,0	0,0	0,0	10,0	0,0	10,0	0,0	0,0	0,0	0,0	0,0
11.09.2025 09:14:31	29100,0	19450,0	13700,0	6650,0	2250,0	400,0	550,0	150,0	50,0	300,0	200,0	50,0	50,0	0,0	10,0	10,0	10,0	0,0	10,0	0,0	0,0	0,0	0,0	10,0	0,0	0,0	0,0	0,0	0,0	0,0	0,0
11.09.2025 09:14:37	26150,0	17100,0	11500,0	5900,0	1850,0	900,0	550,0	200,0	50,0	50,0	150,0	50,0	0,0	0,0	110,0	20,0	10,0	30,0	10,0	0,0	20,0	0,0	0,0	0,0	0,0	0,0	0,0	0,0	0,0	0,0	0,0
11.09.2025 09:14:43	29100,0	17300,0	14650,0	6600,0	2050,0	450,0	600,0	250,0	150,0	150,0	50,0	100,0	0,0	50,0	40,0	30,0	10,0	0,0	0,0	10,0	0,0	0,0	0,0	10,0	0,0	0,0	0,0	0,0	0,0	0,0	0,0
11.09.2025 09:14:49	29950,0	19100,0	11600,0	6450,0	2000,0	700,0	850,0	350,0	50,0	250,0	50,0	150,0	0,0	50,0	60,0	60,0	30,0	20,0	20,0	0,0	0,0	0,0	10,0	0,0	0,0	0,0	0,0	0,0	0,0	0,0	0,0
11.09.2025 09:14:55	28950,0	18650,0	12000,0	5550,0	2000,0	350,0	500,0	350,0	100,0	100,0	50,0	50,0	100,0	0,0	140,0	150,0	10,0	0,0	0,0	10,0	20,0	0,0	10,0	0,0	0,0	0,0	0,0	0,0	0,0	0,0	10,0
11.09.2025 09:15:01	29900,0	19150,0	11550,0	6100,0	1850,0	1050,0	400,0	200,0	50,0	250,0	100,0	200,0	0,0	50,0	80,0	70,0	30,0	20,0	30,0	10,0	10,0	0,0	0,0	0,0	0,0	0,0	0,0	0,0	0,0	0,0	0,0
11.09.2025 09:15:07	28350,0	17800,0	10600,0	6950,0	2350,0	1000,0	750,0	250,0	100,0	50,0	100,0	200,0	100,0	0,0	60,0	50,0	40,0	20,0	50,0	20,0	0,0	0,0	0,0	10,0	0,0	0,0	0,0	0,0	0,0	0,0	0,0
11.09.2025 09:15:13	24600,0	18550,0	10700,0	6000,0	2250,0	850,0	350,0	350,0	100,0	300,0	100,0	50,0	50,0	150,0	140,0	70,0	20,0	0,0	0,0	0,0	0,0	0,0	20,0	0,0	0,0	0,0	0,0	0,0	0,0	0,0	0,0
11.09.2025 09:15:19	26800,0	16400,0	10800,0	5600,0	1600,0	400,0	400,0	150,0	50,0	200,0	150,0	50,0	100,0	150,0	150,0	80,0	20,0	20,0	0,0	0,0	0,0	10,0	0,0	20,0	0,0	0,0	0,0	0,0	0,0	0,0	0,0
11.09.2025 09:15:25	23900,0	15600,0	9600,0	6000,0	1800,0	550,0	500,0	300,0	50,0	0,0	0,0	0,0	50,0	100,0	0,0	0,0	0,0	20,0	10,0	10,0	10,0	0,0	0,0	0,0	0,0	0,0	0,0	0,0	0,0	0,0	0,0
11.09.2025 09:15:31	24250,0	16750,0	9700,0	5650,0	1600,0	400,0	600,0	150,0	50,0	200,0	50,0	50,0	50,0	100,0	30,0	0,0	20,0	30,0	0,0	0,0	10,0	0,0	0,0	10,0	0,0	0,0	0,0	0,0	0,0	0,0	0,0
11.09.2025 09:15:37	26400,0	14750,0	9000,0	5600,0	1850,0	850,0	450,0	400,0	0,0	0,0	0,0	100,0	100,0	50,0	0,0	0,0	0,0	0,0	0,0	0,0	0,0	0,0	0,0	0,0	0,0	0,0	0,0	0,0	0,0	0,0	0,0
11.09.2025 09:15:43	26950,0	15550,0	11000,0	4950,0	1850,0	1000,0	550,0	200,0	100,0	200,0	50,0	100,0	0,0	100,0	140,0	160,0	10,0	10,0	20,0	0,0	0,0	10,0	0,0	0,0	0,0	0,0	0,0	0,0	0,0	0,0	0,0
