<Header>
User name: CF
Location: laboratory
# of Location: 1
Model: 1.109
Serial No.: 9G050007
Firmware revision: 12.30E
Software revision: 7-1 Rev XII (27-02-2019)
Unit: counts/liter (differential)
C-factor: 1,00
Comment: test room aerosol conditions
online data
<Data>
[d&t31.12.2035 11:50:55]	0,30 um	0,40 um	0,50 um	0,65 um	0,80 um	1,00 um	1,60 um	2,00 um	3,00 um	4,00 um	5,00 um	7,50 um	10,00 um	15,00 um	20,00 um
11.09.2025 08:32:31	25450,0	21200,0	13700,0	6950,0	2550,0	750,0	200,0	600,0	0,0	100,0	0,0	0,0	0,0	70,0	80,0
11.09.2025 08:32:37	24250,0	23200,0	12150,0	6900,0	2100,0	950,0	250,0	200,0	100,0	50,0	50,0	0,0	0,0	0,0	0,0
11.09.2025 08:32:43	26500,0	22100,0	14200,0	6600,0	2600,0	850,0	550,0	100,0	50,0	50,0	100,0	50,0	0,0	0,0	0,0
11.09.2025 08:32:49	26900,0	22850,0	12350,0	6450,0	1600,0	1000,0	700,0	300,0	150,0	100,0	0,0	0,0	100,0	30,0	70,0
11.09.2025 08:32:55	26250,0	22350,0	12850,0	7200,0	2200,0	600,0	400,0	100,0	150,0	0,0	200,0	50,0	50,0	20,0	30,0
11.09.2025 08:33:01	24800,0	22650,0	11600,0	5800,0	2050,0	550,0	500,0	200,0	50,0	50,0	100,0	50,0	50,0	0,0	0,0
11.09.2025 08:33:07	26500,0	22750,0	12200,0	8200,0	1800,0	300,0	500,0	350,0	0,0	100,0	50,0	50,0	0,0	20,0	80,0
11.09.2025 08:33:13	24300,0	24350,0	11600,0	7150,0	2300,0	700,0	500,0	250,0	250,0	150,0	0,0	100,0	0,0	0,0	50,0
11.09.2025 08:33:19	25650,0	24450,0	13200,0	7800,0	1750,0	650,0	200,0	450,0	150,0	50,0	50,0	0,0	0,0	60,0	90,0
11.09.2025 08:33:25	27600,0	22500,0	13700,0	6900,0	2850,0	650,0	800,0	450,0	300,0	50,0	0,0	50,0	50,0	60,0	40,0
11.09.2025 08:33:31	26750,0	21200,0	12650,0	6650,0	2200,0	1000,0	350,0	350,0	0,0	200,0	50,0	0,0	100,0	80,0	120,0
11.09.2025 08:33:37	24800,0	20900,0	12400,0	7900,0	1900,0	700,0	300,0	250,0	100,0	100,0	0,0	0,0	0,0	10,0	40,0
11.09.2025 08:33:43	26150,0	23000,0	12200,0	6200,0	2000,0	450,0	550,0	500,0	50,0	0,0	0,0	0,0	0,0	30,0	170,0
11.09.2025 08:33:49	24850,0	23900,0	12400,0	6850,0	2100,0	650,0	500,0	350,0	100,0	0,0	0,0	0,0	50,0	130,0	20,0
11.09.2025 08:33:55	24950,0	21800,0	12600,0	6950,0	2200,0	600,0	900,0	200,0	150,0	50,0	50,0	0,0	0,0	80,0	170,0
11.09.2025 08:34:01	24650,0	24450,0	12700,0	7450,0	2100,0	600,0	700,0	300,0	50,0	50,0	100,0	0,0	0,0	10,0	40,0
11.09.2025 08:34:07	26700,0	22300,0	12400,0	7650,0	2100,0	550,0	650,0	0,0	150,0	100,0	50,0	50,0	0,0	210,0	90,0
11.09.2025 08:34:13	24150,0	24850,0	13150,0	6350,0	1950,0	700,0	500,0	250,0	250,0	0,0	150,0	0,0	0,0	60,0	90,0
11.09.2025 08:34:19	27350,0	23950,0	13100,0	8200,0	2300,0	800,0	350,0	200,0	50,0	100,0	150,0	0,0	150,0	0,0	100,0
11.09.2025 08:34:25	25100,0	22100,0	12900,0	7250,0	2350,0	650,0	400,0	350,0	250,0	100,0	0,0	100,0	0,0	90,0	60,0
11.09.2025 08:34:31	27600,0	22100,0	12750,0	7400,0	2550,0	550,0	750,0	250,0	200,0	0,0	0,0	50,0	0,0	20,0	130,0
11.09.2025 08:34:37	25350,0	24500,0	13050,0	6900,0	2550,0	350,0	400,0	200,0	50,0	50,0	50,0	0,0	50,0	20,0	80,0
11.09.2025 08:34:43	27050,0	22700,0	12500,0	6400,0	1750,0	800,0	650,0	400,0	200,0	50,0	50,0	50,0	50,0	30,0	70,0
11.09.2025 08:34:49	23550,0	24250,0	14100,0	7350,0	1800,0	600,0	450,0	350,0	0,0	50,0	100,0	50,0	0,0	0,0	50,0
11.09.2025 08:34:55	26650,0	22650,0	10900,0	6400,0	1900,0	800,0	450,0	200,0	200,0	0,0	200,0	50,0	0,0	0,0	50,0
11.09.2025 08:35:01	27200,0	22500,0	12500,0	7600,0	2000,0	800,0	300,0	100,0	50,0	100,0	100,0	0,0	0,0	10,0	40,0
11.09.2025 08:35:07	26000,0	22150,0	13100,0	7150,0	2550,0	1200,0	650,0	250,0	50,0	50,0	0,0	0,0	0,0	0,0	50,0
11.09.2025 08:35:13	23900,0	22200,0	13300,0	8050,0	2100,0	950,0	650,0	600,0	100,0	0,0	0,0	0,0	150,0	120,0	130,0
11.09.2025 08:35:19	26150,0	22300,0	12600,0	6300,0	2050,0	700,0	300,0	400,0	100,0	100,0	50,0	0,0	50,0	10,0	40,0
11.09.2025 08:35:25	25100,0	21700,0	14100,0	7350,0	2100,0	500,0	450,0	450,0	100,0	50,0	150,0	0,0	0,0	0,0	0,0
11.09.2025 08:35:31	26050,0	21850,0	11950,0	7350,0	2100,0	500,0	500,0	500,0	50,0	100,0	50,0	0,0	0,0	40,0	60,0
11.09.2025 08:35:37	23600,0	24000,0	14150,0	6850,0	1400,0	550,0	850,0	250,0	50,0	150,0	50,0	0,0	0,0	50,0	150,0
11.09.2025 08:35:43	27150,0	22650,0	13350,0	7450,0	2400,0	800,0	450,0	100,0	0,0	50,0	0,0	100,0	50,0	10,0	90,0
11.09.2025 08:35:49	25400,0	24600,0	14000,0	6750,0	1700,0	650,0	450,0	200,0	50,0	50,0	200,0	0,0	100,0	20,0	30,0
11.09.2025 08:35:55	26000,0	22650,0	12450,0	7750,0	2400,0	600,0	300,0	100,0	200,0	100,0	0,0	0,0	0,0	20,0	80,0
11.09.2025 08:36:01	25900,0	22200,0	12350,0	6450,0	1800,0	850,0	750,0	300,0	100,0	0,0	100,0	0,0	0,0	10,0	140,0
11.09.2025 08:36:07	24500,0	22500,0	12950,0	6800,0	2200,0	350,0	900,0	200,0	150,0	100,0	0,0	50,0	0,0	100,0	100,0
11.09.2025 08:36:13	27100,0	25700,0	12050,0	6600,0	1850,0	900,0	450,0	300,0	100,0	0,0	0,0	0,0	100,0	40,0	110,0
11.09.2025 08:36:19	25350,0	21000,0	11800,0	7750,0	2200,0	450,0	500,0	200,0	50,0	50,0	50,0	50,0	0,0	60,0	40,0
11.09.2025 08:36:25	25650,0	22700,0	12500,0	7050,0	2300,0	1100,0	600,0	250,0	200,0	50,0	50,0	0,0	0,0	70,0	130,0
11.09.2025 08:36:31	25800,0	23600,0	12750,0	6200,0	2500,0	850,0	700,0	250,0	200,0	200,0	50,0	0,0	50,0	30,0	20,0
11.09.2025 08:36:37	27100,0	22600,0	11400,0	7550,0	2350,0	900,0	500,0	200,0	300,0	100,0	100,0	0,0	150,0	50,0	50,0
11.09.2025 08:36:43	25850,0	22850,0	10600,0	6350,0	2450,0	800,0	400,0	150,0	100,0	0,0	100,0	50,0	50,0	70,0	80,0
11.09.2025 08:36:49	23750,0	23150,0	11600,0	8000,0	1750,0	550,0	500,0	250,0	50,0	100,0	100,0	50,0	50,0	0,0	0,0
11.09.2025 08:36:55	23700,0	20100,0	11400,0	6400,0	1650,0	300,0	850,0	350,0	100,0	50,0	50,0	0,0	0,0	30,0	120,0
11.09.2025 08:37:01	25450,0	22750,0	12100,0	6800,0	1600,0	800,0	500,0	300,0	100,0	0,0	100,0	0,0	100,0	70,0	80,0
11.09.2025 08:37:07	23850,0	21400,0	13650,0	7400,0	2100,0	550,0	550,0	500,0	100,0	100,0	0,0	100,0	100,0	50,0	100,0
11.09.2025 08:37:13	23700,0	21950,0	12750,0	7050,0	2300,0	750,0	350,0	250,0	200,0	0,0	0,0	50,0	50,0	0,0	100,0
11.09.2025 08:37:19	24500,0	22250,0	13200,0	6600,0	1800,0	400,0	800,0	200,0	50,0	50,0	0,0	0,0	100,0	20,0	80,0
11.09.2025 08:37:25	26850,0	21850,0	12650,0	6500,0	2200,0	750,0	350,0	150,0	50,0	150,0	0,0	0,0	100,0	0,0	50,0
11.09.2025 08:37:31	23750,0	24400,0	12850,0	6650,0	2400,0	750,0	650,0	500,0	0,0	0,0	0,0	0,0	0,0	80,0	70,0
11.09.2025 08:37:37	24800,0	20450,0	12950,0	6800,0	2150,0	450,0	750,0	200,0	100,0	50,0	100,0	100,0	100,0	80,0	70,0
11.09.2025 08:37:43	23950,0	23450,0	12400,0	6500,0	2300,0	300,0	550,0	300,0	50,0	200,0	0,0	50,0	50,0	100,0	50,0
11.09.2025 08:37:49	23500,0	21500,0	12750,0	7050,0	1850,0	700,0	500,0	500,0	150,0	100,0	100,0	50,0	100,0	0,0	50,0
11.09.2025 08:37:55	24150,0	22650,0	13600,0	7750,0	2550,0	700,0	650,0	250,0	0,0	50,0	0,0	0,0	50,0	50,0	50,0
11.09.2025 08:38:01	26300,0	21550,0	12150,0	7150,0	2000,0	750,0	500,0	550,0	50,0	100,0	50,0	50,0	100,0	80,0	120,0
11.09.2025 08:38:07	25300,0	21950,0	12750,0	6300,0	1950,0	500,0	550,0	250,0	250,0	50,0	50,0	0,0	0,0	20,0	80,0
11.09.2025 08:38:13	25550,0	22100,0	12000,0	6100,0	2600,0	800,0	750,0	150,0	200,0	50,0	0,0	50,0	100,0	100,0	150,0
11.09.2025 08:38:19	25250,0	23050,0	11950,0	6400,0	1600,0	1000,0	500,0	300,0	200,0	50,0	0,0	0,0	0,0	120,0	80,0
11.09.2025 08:38:25	24400,0	22250,0	13500,0	6150,0	1850,0	500,0	650,0	200,0	100,0	150,0	150,0	0,0	0,0	0,0	0,0
11.09.2025 08:38:31	25800,0	22750,0	11200,0	6250,0	2350,0	700,0	600,0	250,0	0,0	50,0	0,0	50,0	0,0	60,0	140,0
11.09.2025 08:38:37	24500,0	20350,0	12300,0	6350,0	1800,0	300,0	450,0	50,0	50,0	50,0	0,0	50,0	50,0	30,0	20,0
11.09.2025 08:38:43	24950,0	22950,0	11550,0	5450,0	1950,0	550,0	500,0	350,0	200,0	100,0	100,0	50,0	50,0	50,0	50,0
11.09.2025 08:38:49	25550,0	21650,0	11350,0	5850,0	1600,0	800,0	500,0	200,0	100,0	100,0	0,0	50,0	50,0	50,0	100,0
11.09.2025 08:38:55	26150,0	20500,0	11850,0	6250,0	1550,0	850,0	400,0	350,0	50,0	150,0	0,0	0,0	50,0	0,0	50,0
11.09.2025 08:39:01	24850,0	21050,0	12650,0	6850,0	2000,0	550,0	350,0	450,0	100,0	0,0	50,0	0,0	0,0	40,0	60,0
11.09.2025 08:39:07	24000,0	24450,0	12750,0	6250,0	1600,0	550,0	550,0	500,0	150,0	0,0	150,0	50,0	0,0	70,0	130,0
11.09.2025 08:39:13	25200,0	22250,0	12800,0	7150,0	2850,0	900,0	300,0	550,0	50,0	100,0	50,0	50,0	150,0	160,0	140,0
11.09.2025 08:39:19	26050,0	19800,0	13700,0	6450,0	1850,0	750,0	600,0	250,0	100,0	50,0	200,0	0,0	100,0	50,0	50,0
11.09.2025 08:39:25	25350,0	20450,0	12500,0	8200,0	2300,0	650,0	850,0	350,0	50,0	50,0	0,0	50,0	0,0	30,0	70,0
11.09.2025 08:39:31	25450,0	20550,0	13050,0	6700,0	1850,0	650,0	450,0	250,0	250,0	200,0	0,0	50,0	0,0	60,0	90,0
11.09.2025 08:39:37	23250,0	20700,0	12650,0	6800,0	1750,0	650,0	200,0	400,0	50,0	50,0	150,0	50,0	50,0	0,0	50,0
11.09.2025 08:39:43	24000,0	19800,0	11100,0	6600,0	2000,0	400,0	750,0	150,0	0,0	100,0	50,0	100,0	50,0	70,0	80,0
11.09.2025 08:39:49	24050,0	22800,0	10850,0	6900,0	1750,0	600,0	450,0	250,0	50,0	150,0	100,0	0,0	50,0	40,0	60,0
11.09.2025 08:39:55	23650,0	21000,0	10400,0	6900,0	1750,0	850,0	450,0	200,0	0,0	100,0	0,0	0,0	150,0	40,0	110,0
11.09.2025 08:40:01	23000,0	23300,0	13750,0	7700,0	1700,0	650,0	700,0	450,0	150,0	0,0	50,0	0,0	0,0	10,0	40,0
11.09.2025 08:40:07	26300,0	21250,0	10950,0	6750,0	1950,0	550,0	550,0	450,0	50,0	50,0	50,0	0,0	50,0	130,0	120,0
11.09.2025 08:40:13	23000,0	21500,0	12550,0	6250,0	1300,0	450,0	200,0	350,0	150,0	50,0	50,0	0,0	100,0	50,0	100,0
11.09.2025 08:40:19	24350,0	24900,0	11800,0	7300,0	2100,0	350,0	800,0	250,0	50,0	50,0	100,0	200,0	0,0	0,0	0,0
11.09.2025 08:40:25	28900,0	23500,0	13550,0	7450,0	1750,0	500,0	750,0	250,0	250,0	200,0	150,0	0,0	0,0	0,0	50,0
11.09.2025 08:40:31	26750,0	22050,0	13350,0	5750,0	2050,0	300,0	850,0	150,0	100,0	50,0	50,0	50,0	50,0	130,0	120,0
11.09.2025 08:40:37	23900,0	22600,0	12950,0	7200,0	2200,0	300,0	500,0	150,0	250,0	0,0	0,0	50,0	50,0	50,0	100,0
11.09.2025 08:40:43	26050,0	21900,0	11100,0	5950,0	1600,0	550,0	550,0	400,0	100,0	50,0	200,0	100,0	0,0	20,0	80,0
11.09.2025 08:40:49	25250,0	22800,0	11050,0	6500,0	2000,0	650,0	650,0	400,0	0,0	50,0	50,0	0,0	50,0	90,0	160,0
11.09.2025 08:40:55	21800,0	21900,0	10800,0	5650,0	1700,0	750,0	350,0	200,0	0,0	0,0	150,0	0,0	100,0	50,0	100,0
11.09.2025 08:41:01	26950,0	24500,0	10950,0	6200,0	2150,0	800,0	700,0	250,0	50,0	50,0	0,0	0,0	50,0	80,0	170,0
11.09.2025 08:41:07	27900,0	21400,0	11750,0	8050,0	2500,0	300,0	500,0	300,0	50,0	0,0	100,0	100,0	100,0	0,0	100,0
11.09.2025 08:41:13	24400,0	21550,0	12550,0	6550,0	2100,0	850,0	650,0	300,0	100,0	50,0	100,0	50,0	0,0	150,0	100,0
11.09.2025 08:41:19	26050,0	21950,0	12200,0	7050,0	1800,0	800,0	600,0	200,0	200,0	0,0	100,0	0,0	50,0	200,0	150,0
11.09.2025 08:41:25	26500,0	24050,0	10850,0	6850,0	2050,0	1050,0	550,0	200,0	150,0	150,0	50,0	50,0	50,0	110,0	190,0
11.09.2025 08:41:31	25400,0	22150,0	11900,0	6950,0	2050,0	350,0	600,0	200,0	300,0	50,0	100,0	50,0	50,0	30,0	120,0
11.09.2025 08:41:37	23600,0	22950,0	11150,0	5700,0	1900,0	750,0	600,0	450,0	100,0	50,0	50,0	0,0	50,0	80,0	120,0
11.09.2025 08:41:43	26550,0	21400,0	14100,0	7100,0	2300,0	500,0	300,0	550,0	50,0	0,0	150,0	50,0	0,0	200,0	250,0
11.09.2025 08:41:49	22650,0	22000,0	10650,0	6250,0	2400,0	650,0	650,0	250,0	150,0	100,0	50,0	0,0	0,0	0,0	100,0
11.09.2025 08:41:55	26100,0	22100,0	11600,0	6100,0	1850,0	800,0	250,0	450,0	0,0	100,0	50,0	0,0	100,0	100,0	150,0
11.09.2025 08:42:01	26450,0	21800,0	10900,0	6300,0	1950,0	700,0	350,0	450,0	50,0	50,0	50,0	50,0	50,0	130,0	120,0
11.09.2025 08:42:07	24250,0	21900,0	12250,0	6300,0	2150,0	250,0	550,0	300,0	50,0	200,0	50,0	100,0	150,0	30,0	220,0
11.09.2025 08:42:13	25400,0	21900,0	13250,0	5450,0	1900,0	1050,0	800,0	400,0	250,0	100,0	100,0	100,0	50,0	160,0	190,0
11.09.2025 08:42:19	26200,0	21500,0	11500,0	5800,0	1750,0	800,0	350,0	200,0	150,0	0,0	50,0	50,0	100,0	120,0	80,0
11.09.2025 08:42:25	25550,0	23300,0	11350,0	7000,0	2150,0	700,0	600,0	800,0	100,0	0,0	100,0	50,0	50,0	90,0	160,0
11.09.2025 08:42:31	26650,0	20700,0	11650,0	5950,0	2100,0	650,0	900,0	350,0	100,0	0,0	250,0	100,0	50,0	170,0	280,0
11.09.2025 08:42:37	25850,0	21600,0	11800,0	5850,0	1750,0	550,0	500,0	350,0	0,0	100,0	150,0	100,0	100,0	80,0	220,0
11.09.2025 08:42:43	26350,0	20900,0	12200,0	7000,0	1700,0	650,0	600,0	200,0	150,0	50,0	50,0	50,0	0,0	190,0	110,0
11.09.2025 08:42:49	25100,0	22200,0	10950,0	6700,0	1900,0	700,0	650,0	500,0	150,0	50,0	50,0	0,0	150,0	0,0	150,0
11.09.2025 08:42:55	23400,0	22350,0	12600,0	5750,0	1650,0	1050,0	300,0	150,0	100,0	100,0	300,0	50,0	50,0	0,0	100,0
11.09.2025 08:43:01	25800,0	21900,0	10850,0	7300,0	1700,0	350,0	300,0	350,0	200,0	250,0	150,0	150,0	200,0	10,0	140,0
11.09.2025 08:43:07	25200,0	21500,0	12050,0	6350,0	1450,0	650,0	600,0	300,0	50,0	150,0	300,0	50,0	150,0	70,0	280,0
11.09.2025 08:43:13	24400,0	22100,0	12750,0	5450,0	1350,0	950,0	450,0	550,0	0,0	150,0	150,0	0,0	50,0	180,0	220,0
11.09.2025 08:43:19	24500,0	22650,0	11600,0	6050,0	1950,0	450,0	600,0	100,0	100,0	0,0	0,0	50,0	50,0	120,0	130,0
11.09.2025 08:43:25	25000,0	23900,0	11000,0	7100,0	1400,0	500,0	500,0	450,0	300,0	250,0	100,0	0,0	100,0	0,0	50,0
11.09.2025 08:43:31	23300,0	20900,0	11900,0	6600,0	1850,0	550,0	400,0	450,0	150,0	50,0	100,0	100,0	100,0	0,0	150,0
11.09.2025 08:43:37	24550,0	21950,0	11450,0	7400,0	1550,0	850,0	850,0	400,0	100,0	350,0	50,0	0,0	50,0	120,0	230,0
11.09.2025 08:43:43	26150,0	23200,0	9950,0	6850,0	2200,0	550,0	650,0	550,0	100,0	300,0	150,0	0,0	150,0	180,0	220,0
11.09.2025 08:43:49	25400,0	21750,0	11650,0	7050,0	2050,0	600,0	500,0	200,0	200,0	50,0	50,0	0,0	50,0	0,0	100,0
11.09.2025 08:43:55	22750,0	21000,0	10500,0	6400,0	1850,0	1000,0	350,0	250,0	250,0	50,0	150,0	0,0	50,0	90,0	160,0
11.09.2025 08:44:01	26550,0	21450,0	12750,0	6750,0	1650,0	550,0	500,0	300,0	200,0	200,0	150,0	50,0	150,0	190,0	160,0
11.09.2025 08:44:07	26700,0	21100,0	12200,0	6700,0	1500,0	700,0	550,0	500,0	50,0	200,0	0,0	200,0	200,0	10,0	140,0
11.09.2025 08:44:13	25650,0	23750,0	13050,0	5950,0	2400,0	850,0	550,0	450,0	100,0	300,0	200,0	150,0	150,0	100,0	300,0
11.09.2025 08:44:19	21300,0	18150,0	9950,0	7050,0	1350,0	650,0	450,0	150,0	150,0	300,0	100,0	50,0	100,0	0,0	50,0
11.09.2025 08:44:25	29350,0	22000,0	12250,0	5100,0	2400,0	450,0	900,0	550,0	200,0	200,0	0,0	100,0	150,0	80,0	270,0
11.09.2025 08:44:31	24450,0	22000,0	13950,0	6700,0	1650,0	650,0	700,0	450,0	100,0	150,0	150,0	100,0	50,0	50,0	200,0
11.09.2025 08:44:37	28400,0	21500,0	10200,0	6700,0	2000,0	350,0	700,0	550,0	400,0	350,0	50,0	0,0	50,0	210,0	240,0
11.09.2025 08:44:43	25350,0	21350,0	11800,0	6450,0	1500,0	550,0	600,0	350,0	100,0	50,0	150,0	100,0	0,0	180,0	220,0
11.09.2025 08:44:49	24500,0	22050,0	12050,0	7200,0	2350,0	500,0	600,0	550,0	300,0	300,0	150,0	0,0	250,0	30,0	270,0
11.09.2025 08:44:55	24450,0	22700,0	12100,0	7200,0	2350,0	800,0	500,0	500,0	300,0	50,0	150,0	200,0	50,0	180,0	320,0
11.09.2025 08:45:01	23250,0	23100,0	12550,0	6400,0	1450,0	850,0	650,0	300,0	250,0	50,0	250,0	150,0	50,0	0,0	200,0
11.09.2025 08:45:07	25500,0	22200,0	12700,0	7550,0	2200,0	750,0	1050,0	400,0	500,0	0,0	50,0	50,0	200,0	310,0	290,0
11.09.2025 08:45:13	23200,0	23450,0	13150,0	5750,0	1300,0	850,0	450,0	500,0	200,0	200,0	50,0	0,0	200,0	50,0	150,0
11.09.2025 08:45:19	24550,0	22150,0	12300,0	6550,0	2050,0	450,0	950,0	700,0	300,0	200,0	100,0	0,0	200,0	0,0	100,0
11.09.2025 08:45:25	24150,0	22850,0	12250,0	5550,0	1750,0	500,0	850,0	250,0	150,0	0,0	100,0	100,0	100,0	0,0	50,0
11.09.2025 08:45:31	25700,0	22900,0	11900,0	6350,0	2100,0	750,0	750,0	400,0	150,0	350,0	150,0	0,0	150,0	130,0	270,0
11.09.2025 08:45:37	25500,0	22450,0	11650,0	6550,0	1750,0	900,0	650,0	450,0	250,0	150,0	150,0	0,0	100,0	240,0	410,0
11.09.2025 08:45:43	27000,0	21550,0	12150,0	6700,0	1600,0	1000,0	1100,0	550,0	100,0	450,0	100,0	100,0	0,0	10,0	190,0
11.09.2025 08:45:49	27300,0	23050,0	12350,0	6750,0	1950,0	800,0	900,0	700,0	300,0	100,0	50,0	50,0	150,0	110,0	290,0
11.09.2025 08:45:55	25500,0	19850,0	11450,0	6200,0	2050,0	1000,0	1000,0	600,0	450,0	200,0	150,0	100,0	150,0	90,0	360,0
11.09.2025 08:46:01	24850,0	20700,0	11400,0	6550,0	2300,0	750,0	700,0	350,0	100,0	50,0	0,0	200,0	300,0	100,0	300,0
11.09.2025 08:46:07	24700,0	23100,0	12750,0	5750,0	1950,0	900,0	450,0	550,0	200,0	200,0	100,0	0,0	300,0	30,0	220,0
11.09.2025 08:46:13	27250,0	22250,0	11600,0	6900,0	2700,0	850,0	600,0	600,0	200,0	150,0	200,0	250,0	100,0	120,0	380,0
11.09.2025 08:46:19	26300,0	21550,0	13500,0	7050,0	1750,0	1100,0	650,0	700,0	300,0	250,0	300,0	50,0	400,0	250,0	350,0
11.09.2025 08:46:25	26450,0	23900,0	12300,0	6950,0	1800,0	850,0	400,0	300,0	400,0	200,0	250,0	50,0	300,0	230,0	320,0
11.09.2025 08:46:31	24950,0	21800,0	12300,0	7500,0	2100,0	700,0	650,0	500,0	300,0	300,0	150,0	0,0	250,0	190,0	160,0
11.09.2025 08:46:37	27150,0	22500,0	11650,0	6250,0	2650,0	900,0	950,0	600,0	550,0	200,0	100,0	0,0	250,0	30,0	220,0
11.09.2025 08:46:43	26750,0	22900,0	11050,0	6950,0	2200,0	800,0	700,0	900,0	150,0	200,0	200,0	100,0	250,0	120,0	280,0
11.09.2025 08:46:49	27250,0	24500,0	12300,0	7100,0	1950,0	900,0	600,0	350,0	200,0	250,0	100,0	150,0	100,0	210,0	440,0
11.09.2025 08:46:55	27050,0	21950,0	13000,0	6450,0	2550,0	750,0	1250,0	600,0	100,0	250,0	100,0	50,0	250,0	150,0	400,0
11.09.2025 08:47:01	25600,0	24650,0	12800,0	5900,0	1950,0	950,0	600,0	350,0	250,0	150,0	250,0	350,0	150,0	240,0	360,0
11.09.2025 08:47:07	25650,0	22900,0	12050,0	7050,0	1700,0	550,0	1000,0	700,0	200,0	150,0	200,0	300,0	50,0	140,0	360,0
11.09.2025 08:47:13	25050,0	24850,0	13100,0	6700,0	1800,0	800,0	850,0	750,0	300,0	250,0	200,0	150,0	350,0	220,0	230,0
11.09.2025 08:47:19	27050,0	21900,0	13050,0	7600,0	2200,0	700,0	800,0	550,0	350,0	200,0	150,0	0,0	100,0	150,0	300,0
11.09.2025 08:47:25	25500,0	23600,0	12650,0	6900,0	2300,0	850,0	900,0	550,0	250,0	150,0	100,0	150,0	150,0	180,0	270,0
11.09.2025 08:47:31	25000,0	22400,0	12100,0	7750,0	2900,0	800,0	600,0	700,0	150,0	200,0	200,0	200,0	350,0	0,0	200,0
11.09.2025 08:47:37	25350,0	23300,0	12500,0	7100,0	2050,0	750,0	650,0	550,0	350,0	100,0	0,0	450,0	100,0	40,0	360,0
11.09.2025 08:47:43	26900,0	22200,0	12300,0	6950,0	1800,0	1100,0	850,0	250,0	150,0	250,0	100,0	200,0	100,0	130,0	370,0
11.09.2025 08:47:49	25550,0	23050,0	11400,0	7250,0	1750,0	900,0	1050,0	600,0	300,0	200,0	300,0	50,0	250,0	180,0	270,0
11.09.2025 08:47:55	24300,0	21350,0	11150,0	6050,0	2050,0	750,0	650,0	550,0	100,0	50,0	100,0	0,0	0,0	130,0	270,0
11.09.2025 08:48:01	23300,0	20100,0	12300,0	7700,0	1500,0	550,0	650,0	200,0	100,0	50,0	100,0	50,0	100,0	0,0	150,0
11.09.2025 08:48:07	24450,0	20600,0	11100,0	6450,0	1800,0	450,0	700,0	550,0	50,0	150,0	200,0	0,0	50,0	60,0	190,0
11.09.2025 08:48:13	22200,0	19900,0	10750,0	6100,0	1450,0	550,0	450,0	300,0	150,0	150,0	50,0	0,0	150,0	120,0	180,0
11.09.2025 08:48:19	24700,0	20500,0	10150,0	5500,0	2400,0	500,0	450,0	450,0	150,0	100,0	50,0	50,0	100,0	60,0	190,0
11.09.2025 08:48:25	25250,0	18150,0	12700,0	6350,0	1850,0	450,0	650,0	250,0	150,0	200,0	100,0	50,0	100,0	0,0	150,0
11.09.2025 08:48:31	24350,0	19550,0	11350,0	6550,0	2400,0	650,0	300,0	350,0	100,0	150,0	0,0	0,0	100,0	100,0	150,0
11.09.2025 08:48:37	24200,0	20000,0	10950,0	4500,0	2150,0	600,0	800,0	200,0	100,0	0,0	50,0	0,0	50,0	90,0	210,0
11.09.2025 08:48:43	24400,0	18600,0	10850,0	6050,0	1500,0	700,0	600,0	250,0	100,0	100,0	100,0	0,0	50,0	130,0	170,0
11.09.2025 08:48:49	24000,0	20700,0	10950,0	7250,0	1300,0	850,0	350,0	100,0	100,0	0,0	100,0	0,0	50,0	0,0	50,0
11.09.2025 08:48:55	22800,0	17950,0	12200,0	6200,0	1900,0	500,0	400,0	300,0	50,0	100,0	0,0	50,0	0,0	0,0	50,0
11.09.2025 08:49:01	20550,0	21450,0	11050,0	6150,0	1850,0	750,0	650,0	400,0	0,0	0,0	50,0	0,0	50,0	0,0	50,0
11.09.2025 08:49:07	21600,0	20300,0	11250,0	6400,0	1650,0	700,0	550,0	200,0	150,0	0,0	100,0	0,0	0,0	60,0	90,0
11.09.2025 08:49:13	22450,0	18250,0	10450,0	7100,0	1700,0	1050,0	400,0	550,0	50,0	0,0	0,0	0,0	50,0	0,0	50,0
11.09.2025 08:49:19	21200,0	19850,0	9150,0	6350,0	1700,0	550,0	650,0	250,0	100,0	0,0	50,0	0,0	0,0	100,0	100,0
11.09.2025 08:49:25	21950,0	20550,0	11550,0	5500,0	2100,0	600,0	750,0	350,0	50,0	0,0	150,0	50,0	150,0	40,0	60,0
11.09.2025 08:49:31	23700,0	18150,0	12300,0	5600,0	1650,0	400,0	500,0	300,0	150,0	50,0	100,0	50,0	0,0	0,0	100,0
11.09.2025 08:49:37	22900,0	20200,0	10600,0	4950,0	1400,0	550,0	800,0	300,0	0,0	0,0	50,0	100,0	100,0	140,0	110,0
11.09.2025 08:49:43	22900,0	18700,0	9850,0	5900,0	1950,0	350,0	500,0	50,0	100,0	100,0	0,0	50,0	0,0	60,0	40,0
11.09.2025 08:49:49	21600,0	18050,0	10450,0	5600,0	1600,0	700,0	300,0	100,0	100,0	50,0	0,0	50,0	50,0	140,0	110,0
11.09.2025 08:49:55	23300,0	17600,0	9700,0	6650,0	1500,0	300,0	600,0	300,0	250,0	0,0	100,0	0,0	50,0	0,0	50,0
11.09.2025 08:50:01	22750,0	20400,0	10650,0	6100,0	1900,0	300,0	1100,0	350,0	150,0	50,0	150,0	50,0	0,0	150,0	200,0
11.09.2025 08:50:07	24750,0	18900,0	11050,0	6350,0	2400,0	850,0	800,0	450,0	50,0	100,0	50,0	50,0	0,0	30,0	170,0
11.09.2025 08:50:13	21450,0	20200,0	10700,0	5550,0	1650,0	750,0	550,0	200,0	100,0	100,0	50,0	0,0	0,0	0,0	0,0
11.09.2025 08:50:19	23850,0	20200,0	12250,0	6100,0	1850,0	850,0	800,0	350,0	150,0	150,0	0,0	200,0	100,0	180,0	320,0
11.09.2025 08:50:25	24600,0	20400,0	10400,0	5050,0	1750,0	950,0	500,0	150,0	50,0	100,0	50,0	100,0	100,0	50,0	150,0
11.09.2025 08:50:31	20750,0	21000,0	10100,0	5450,0	2200,0	300,0	650,0	250,0	50,0	150,0	50,0	50,0	100,0	60,0	90,0
11.09.2025 08:50:37	24750,0	20200,0	11400,0	5500,0	1800,0	500,0	400,0	300,0	100,0	50,0	50,0	0,0	100,0	140,0	160,0
11.09.2025 08:50:43	22400,0	20050,0	11050,0	5550,0	2050,0	500,0	850,0	400,0	200,0	100,0	50,0	0,0	50,0	50,0	100,0
11.09.2025 08:50:49	21200,0	19750,0	10800,0	6300,0	1550,0	450,0	500,0	550,0	50,0	50,0	150,0	50,0	100,0	50,0	100,0
11.09.2025 08:50:55	23800,0	20000,0	11600,0	5550,0	2100,0	800,0	300,0	350,0	50,0	0,0	0,0	50,0	0,0	0,0	50,0
11.09.2025 08:51:01	23800,0	19750,0	11800,0	6850,0	1950,0	700,0	300,0	700,0	100,0	300,0	100,0	0,0	0,0	100,0	150,0
11.09.2025 08:51:07	23600,0	20500,0	12000,0	6600,0	2150,0	750,0	500,0	0,0	50,0	50,0	0,0	0,0	0,0	110,0	90,0
11.09.2025 08:51:13	23050,0	18500,0	11000,0	6050,0	1950,0	450,0	450,0	500,0	0,0	0,0	0,0	50,0	50,0	40,0	110,0
11.09.2025 08:51:19	23450,0	19250,0	10450,0	6800,0	1900,0	350,0	300,0	250,0	100,0	50,0	50,0	50,0	50,0	20,0	80,0
11.09.2025 08:51:25	24350,0	19550,0	11350,0	4850,0	1800,0	800,0	350,0	350,0	0,0	100,0	50,0	200,0	50,0	0,0	100,0
11.09.2025 08:51:31	20500,0	17850,0	11100,0	7300,0	1850,0	350,0	650,0	300,0	200,0	50,0	100,0	0,0	50,0	100,0	100,0
11.09.2025 08:51:37	20700,0	19350,0	10400,0	6450,0	1300,0	650,0	550,0	450,0	50,0	50,0	100,0	100,0	100,0	0,0	100,0
11.09.2025 08:51:43	22050,0	18850,0	10600,0	7000,0	2050,0	300,0	550,0	250,0	50,0	50,0	100,0	50,0	0,0	0,0	50,0
11.09.2025 08:51:49	21000,0	18200,0	12550,0	7850,0	2200,0	800,0	450,0	100,0	100,0	50,0	100,0	0,0	0,0	0,0	50,0
11.09.2025 08:51:55	21100,0	19850,0	10900,0	6650,0	1750,0	500,0	400,0	200,0	100,0	0,0	0,0	0,0	50,0	30,0	70,0
11.09.2025 08:52:01	23250,0	20550,0	11350,0	6150,0	1600,0	250,0	450,0	600,0	250,0	50,0	0,0	0,0	50,0	0,0	0,0
11.09.2025 08:52:07	23250,0	18650,0	9650,0	7300,0	2100,0	350,0	650,0	250,0	100,0	100,0	100,0	50,0	50,0	70,0	80,0
11.09.2025 08:52:13	22400,0	19050,0	9700,0	6950,0	2000,0	650,0	450,0	50,0	0,0	100,0	50,0	50,0	100,0	70,0	30,0
11.09.2025 08:52:19	23900,0	19900,0	11200,0	6650,0	1250,0	500,0	300,0	350,0	50,0	50,0	0,0	50,0	50,0	110,0	40,0
11.09.2025 08:52:25	21850,0	18500,0	9750,0	6300,0	1700,0	800,0	300,0	250,0	50,0	0,0	100,0	50,0	100,0	0,0	50,0
11.09.2025 08:52:31	22900,0	18800,0	10250,0	6800,0	1800,0	400,0	550,0	250,0	50,0	50,0	0,0	50,0	50,0	0,0	0,0
11.09.2025 08:52:37	22300,0	19600,0	10600,0	6300,0	1650,0	1000,0	350,0	250,0	250,0	250,0	100,0	0,0	0,0	100,0	150,0
11.09.2025 08:52:43	23650,0	19800,0	10350,0	5800,0	1500,0	550,0	400,0	550,0	200,0	0,0	100,0	0,0	50,0	0,0	100,0
11.09.2025 08:52:49	25200,0	18250,0	10550,0	6050,0	1600,0	700,0	250,0	300,0	100,0	100,0	100,0	50,0	50,0	0,0	50,0
11.09.2025 08:52:55	20650,0	17900,0	10150,0	5250,0	2200,0	500,0	500,0	200,0	150,0	100,0	0,0	50,0	50,0	0,0	0,0
11.09.2025 08:53:01	22100,0	18650,0	9150,0	6150,0	1800,0	550,0	500,0	300,0	50,0	100,0	50,0	50,0	0,0	0,0	100,0
11.09.2025 08:53:07	22600,0	19300,0	10300,0	6050,0	1850,0	500,0	750,0	250,0	150,0	50,0	50,0	0,0	100,0	20,0	80,0
11.09.2025 08:53:13	22050,0	17550,0	11750,0	5850,0	1800,0	800,0	400,0	200,0	100,0	50,0	0,0	50,0	50,0	70,0	180,0
11.09.2025 08:53:19	21550,0	20150,0	11450,0	6350,0	1600,0	450,0	250,0	150,0	100,0	50,0	50,0	150,0	100,0	60,0	40,0
11.09.2025 08:53:25	23050,0	18550,0	10150,0	5950,0	1500,0	350,0	250,0	250,0	0,0	100,0	50,0	150,0	100,0	0,0	100,0
11.09.2025 08:53:31	21750,0	19600,0	11450,0	5500,0	1300,0	450,0	600,0	150,0	200,0	50,0	0,0	0,0	100,0	0,0	50,0
11.09.2025 08:53:37	21900,0	18000,0	9000,0	5450,0	1450,0	600,0	600,0	350,0	100,0	100,0	150,0	0,0	0,0	40,0	60,0
11.09.2025 08:53:43	24250,0	18700,0	11750,0	5800,0	1450,0	550,0	300,0	250,0	150,0	0,0	0,0	150,0	50,0	0,0	50,0
11.09.2025 08:53:49	23150,0	18900,0	9250,0	4450,0	1950,0	750,0	800,0	250,0	0,0	100,0	50,0	100,0	200,0	130,0	170,0
11.09.2025 08:53:55	21600,0	19500,0	11400,0	5500,0	1650,0	750,0	700,0	250,0	50,0	50,0	0,0	0,0	100,0	0,0	0,0
11.09.2025 08:54:01	22450,0	18150,0	10750,0	5450,0	1400,0	550,0	500,0	250,0	100,0	50,0	50,0	0,0	50,0	10,0	90,0
11.09.2025 08:54:07	21300,0	20550,0	11600,0	5550,0	1800,0	550,0	450,0	600,0	0,0	50,0	100,0	50,0	0,0	120,0	130,0
11.09.2025 08:54:13	23350,0	18750,0	10300,0	5800,0	1350,0	450,0	800,0	100,0	50,0	50,0	50,0	50,0	0,0	60,0	140,0
11.09.2025 08:54:19	22850,0	17550,0	10200,0	6200,0	1700,0	500,0	450,0	150,0	100,0	100,0	0,0	0,0	0,0	80,0	70,0
11.09.2025 08:54:25	22100,0	20050,0	9800,0	6000,0	2050,0	450,0	200,0	350,0	100,0	0,0	50,0	0,0	0,0	0,0	50,0
11.09.2025 08:54:31	24000,0	19000,0	9750,0	4450,0	1700,0	800,0	300,0	250,0	0,0	50,0	0,0	0,0	100,0	70,0	130,0
11.09.2025 08:54:37	22050,0	19700,0	8700,0	5550,0	1850,0	600,0	250,0	350,0	150,0	50,0	0,0	0,0	0,0	0,0	0,0
11.09.2025 08:54:43	20800,0	19150,0	10650,0	5250,0	900,0	750,0	450,0	200,0	200,0	100,0	0,0	100,0	50,0	160,0	140,0
11.09.2025 08:54:49	21550,0	18200,0	9100,0	5000,0	1950,0	650,0	500,0	200,0	100,0	100,0	150,0	50,0	50,0	0,0	50,0
11.09.2025 08:54:55	23100,0	18700,0	9600,0	5650,0	1950,0	700,0	250,0	300,0	50,0	100,0	50,0	0,0	150,0	40,0	110,0
11.09.2025 08:55:01	21750,0	18350,0	11750,0	5400,0	2200,0	650,0	650,0	300,0	100,0	50,0	50,0	50,0	0,0	0,0	50,0
11.09.2025 08:55:07	25350,0	18500,0	10000,0	5550,0	1400,0	600,0	400,0	150,0	100,0	0,0	100,0	0,0	0,0	40,0	60,0
11.09.2025 08:55:13	22650,0	17600,0	10150,0	5850,0	1500,0	650,0	650,0	150,0	50,0	0,0	0,0	0,0	50,0	160,0	140,0
11.09.2025 08:55:19	22200,0	18900,0	10050,0	5550,0	2050,0	1000,0	250,0	250,0	0,0	200,0	50,0	50,0	50,0	20,0	80,0
11.09.2025 08:55:25	23850,0	17550,0	10300,0	5750,0	2200,0	600,0	500,0	300,0	100,0	50,0	0,0	50,0	0,0	50,0	100,0
11.09.2025 08:55:31	21650,0	18150,0	10900,0	6700,0	1650,0	550,0	600,0	150,0	100,0	50,0	50,0	100,0	50,0	0,0	50,0
11.09.2025 08:55:37	21700,0	19250,0	10800,0	5350,0	1400,0	600,0	550,0	200,0	200,0	50,0	100,0	0,0	150,0	50,0	50,0
11.09.2025 08:55:43	21950,0	17100,0	8500,0	4950,0	1800,0	650,0	450,0	350,0	50,0	50,0	0,0	0,0	0,0	60,0	90,0
11.09.2025 08:55:49	23600,0	19250,0	9800,0	5500,0	1500,0	950,0	500,0	400,0	100,0	100,0	50,0	0,0	0,0	50,0	100,0
11.09.2025 08:55:55	22250,0	19750,0	10950,0	5250,0	1850,0	700,0	500,0	50,0	200,0	50,0	0,0	50,0	50,0	0,0	0,0
11.09.2025 08:56:01	21550,0	17700,0	11250,0	5550,0	1450,0	500,0	850,0	200,0	100,0	100,0	50,0	100,0	50,0	50,0	50,0
11.09.2025 08:56:07	22950,0	18600,0	11250,0	6150,0	2150,0	650,0	400,0	100,0	100,0	50,0	100,0	0,0	50,0	20,0	30,0
11.09.2025 08:56:13	21650,0	18900,0	8600,0	5800,0	2050,0	850,0	400,0	200,0	150,0	100,0	50,0	50,0	50,0	0,0	0,0
11.09.2025 08:56:19	21000,0	20150,0	11100,0	6350,0	1500,0	400,0	450,0	300,0	200,0	50,0	50,0	0,0	100,0	10,0	90,0
11.09.2025 08:56:25	23650,0	20500,0	11450,0	6250,0	1750,0	550,0	550,0	200,0	100,0	150,0	100,0	0,0	0,0	60,0	90,0
11.09.2025 08:56:31	20650,0	19650,0	9550,0	5650,0	2000,0	850,0	600,0	100,0	200,0	100,0	0,0	0,0	50,0	30,0	20,0
11.09.2025 08:56:37	20700,0	18300,0	9750,0	5100,0	1700,0	600,0	400,0	450,0	200,0	150,0	0,0	50,0	0,0	30,0	20,0
11.09.2025 08:56:43	22400,0	21650,0	11600,0	6600,0	1650,0	1000,0	650,0	300,0	0,0	0,0	50,0	0,0	0,0	60,0	140,0
11.09.2025 08:56:49	23350,0	19800,0	10350,0	6000,0	1750,0	400,0	650,0	550,0	100,0	50,0	50,0	0,0	200,0	0,0	50,0
11.09.2025 08:56:55	23500,0	18650,0	9950,0	6500,0	2000,0	300,0	500,0	200,0	50,0	50,0	50,0	50,0	150,0	150,0	100,0
11.09.2025 08:57:01	25100,0	19250,0	10000,0	6650,0	1750,0	800,0	600,0	350,0	100,0	50,0	50,0	100,0	100,0	0,0	100,0
11.09.2025 08:57:07	22700,0	19950,0	11200,0	6150,0	1500,0	700,0	700,0	150,0	50,0	0,0	0,0	0,0	0,0	70,0	80,0
11.09.2025 08:57:13	21900,0	19950,0	10150,0	5650,0	2150,0	600,0	700,0	200,0	50,0	50,0	50,0	0,0	100,0	90,0	110,0
11.09.2025 08:57:19	23050,0	19400,0	11350,0	6000,0	1850,0	300,0	250,0	100,0	0,0	0,0	0,0	50,0	100,0	0,0	50,0
11.09.2025 08:57:25	22300,0	18400,0	10900,0	6300,0	2050,0	650,0	400,0	350,0	50,0	100,0	50,0	0,0	0,0	0,0	0,0
11.09.2025 08:57:31	21950,0	19300,0	10850,0	6500,0	2000,0	600,0	400,0	150,0	50,0	100,0	100,0	0,0	0,0	10,0	90,0
11.09.2025 08:57:37	22150,0	19850,0	10500,0	6350,0	1700,0	600,0	250,0	200,0	100,0	50,0	0,0	50,0	50,0	0,0	0,0
11.09.2025 08:57:43	21500,0	18850,0	11600,0	6250,0	1600,0	650,0	900,0	50,0	150,0	100,0	0,0	100,0	0,0	20,0	80,0
11.09.2025 08:57:49	21050,0	19500,0	10600,0	6500,0	2100,0	650,0	750,0	300,0	100,0	100,0	100,0	50,0	0,0	0,0	0,0
11.09.2025 08:57:55	25300,0	19850,0	10000,0	5700,0	1500,0	650,0	300,0	350,0	250,0	0,0	50,0	50,0	50,0	10,0	40,0
11.09.2025 08:58:01	23250,0	20100,0	10150,0	6500,0	1500,0	600,0	500,0	250,0	150,0	0,0	50,0	50,0	0,0	0,0	50,0
11.09.2025 08:58:07	22850,0	19500,0	10400,0	6700,0	1850,0	600,0	350,0	50,0	250,0	0,0	50,0	150,0	0,0	60,0	40,0
11.09.2025 08:58:13	23250,0	20350,0	11650,0	6400,0	1700,0	550,0	500,0	250,0	100,0	100,0	50,0	50,0	0,0	0,0	0,0
11.09.2025 08:58:19	22300,0	19800,0	12000,0	6700,0	1950,0	550,0	750,0	50,0	50,0	50,0	50,0	0,0	100,0	50,0	100,0
11.09.2025 08:58:25	23900,0	19000,0	9600,0	6450,0	2350,0	700,0	350,0	250,0	100,0	150,0	100,0	0,0	50,0	80,0	70,0
11.09.2025 08:58:31	24000,0	19400,0	10800,0	5300,0	2250,0	450,0	500,0	250,0	50,0	50,0	50,0	50,0	0,0	70,0	30,0
11.09.2025 08:58:37	24400,0	16300,0	9600,0	6050,0	1600,0	450,0	700,0	100,0	0,0	50,0	100,0	0,0	100,0	0,0	50,0
11.09.2025 08:58:43	22600,0	20200,0	10700,0	5900,0	1850,0	250,0	750,0	300,0	0,0	0,0	0,0	50,0	0,0	0,0	100,0
11.09.2025 08:58:49	21800,0	19650,0	10700,0	6450,0	2050,0	500,0	450,0	300,0	50,0	0,0	0,0	0,0	0,0	20,0	30,0
11.09.2025 08:58:55	22250,0	19350,0	10600,0	6000,0	1550,0	600,0	350,0	250,0	50,0	150,0	50,0	0,0	50,0	10,0	40,0
11.09.2025 08:59:01	22200,0	19800,0	10150,0	5850,0	1700,0	600,0	650,0	350,0	50,0	100,0	200,0	100,0	0,0	20,0	30,0
11.09.2025 08:59:07	22750,0	19150,0	9550,0	5450,0	1900,0	700,0	400,0	350,0	100,0	100,0	0,0	0,0	50,0	0,0	50,0
11.09.2025 08:59:13	22100,0	18200,0	10000,0	6300,0	2000,0	550,0	500,0	200,0	50,0	50,0	150,0	100,0	50,0	0,0	50,0
11.09.2025 08:59:19	22350,0	18550,0	10800,0	6350,0	1950,0	550,0	800,0	50,0	200,0	0,0	50,0	50,0	0,0	0,0	50,0
11.09.2025 08:59:25	21000,0	19650,0	10300,0	5700,0	1800,0	650,0	550,0	300,0	150,0	50,0	50,0	0,0	50,0	30,0	120,0
11.09.2025 08:59:31	21900,0	17650,0	10800,0	6700,0	1950,0	300,0	1000,0	150,0	150,0	100,0	50,0	50,0	50,0	0,0	50,0
11.09.2025 08:59:37	20800,0	19100,0	10150,0	4750,0	1500,0	400,0	500,0	200,0	50,0	100,0	150,0	0,0	50,0	50,0	50,0
11.09.2025 08:59:43	21350,0	21700,0	11200,0	5050,0	1800,0	550,0	400,0	200,0	150,0	0,0	50,0	0,0	150,0	40,0	110,0
11.09.2025 08:59:49	23700,0	19050,0	10050,0	5900,0	1650,0	700,0	1050,0	200,0	50,0	50,0	0,0	0,0	100,0	0,0	50,0
11.09.2025 08:59:55	21000,0	18200,0	11700,0	5000,0	1750,0	900,0	400,0	450,0	50,0	50,0	150,0	0,0	0,0	50,0	50,0
11.09.2025 09:00:01	21350,0	16900,0	12050,0	5400,0	2050,0	600,0	500,0	350,0	150,0	50,0	150,0	50,0	0,0	0,0	0,0
11.09.2025 09:00:07	22000,0	19900,0	7800,0	7050,0	1450,0	550,0	450,0	350,0	150,0	100,0	50,0	0,0	0,0	140,0	60,0
11.09.2025 09:00:13	23150,0	19450,0	12000,0	5050,0	2050,0	350,0	350,0	250,0	0,0	50,0	0,0	50,0	0,0	0,0	50,0
11.09.2025 09:00:19	23750,0	19050,0	9300,0	6200,0	2000,0	400,0	650,0	150,0	100,0	50,0	100,0	0,0	0,0	0,0	100,0
11.09.2025 09:00:25	22450,0	20050,0	9650,0	5300,0	1900,0	350,0	500,0	200,0	250,0	150,0	50,0	0,0	50,0	70,0	80,0
11.09.2025 09:00:31	21900,0	18150,0	10400,0	5700,0	1700,0	500,0	350,0	200,0	100,0	150,0	50,0	0,0	50,0	130,0	120,0
11.09.2025 09:00:37	21100,0	19450,0	9400,0	6100,0	1650,0	450,0	300,0	300,0	50,0	100,0	0,0	50,0	0,0	0,0	100,0
11.09.2025 09:00:43	20400,0	19300,0	10900,0	5850,0	1550,0	650,0	550,0	400,0	50,0	150,0	0,0	0,0	50,0	50,0	100,0
11.09.2025 09:00:49	21850,0	19150,0	10450,0	5100,0	1250,0	950,0	500,0	300,0	150,0	50,0	0,0	100,0	150,0	50,0	50,0
11.09.2025 09:00:55	21650,0	17600,0	8950,0	5300,0	1800,0	450,0	350,0	400,0	250,0	100,0	50,0	0,0	0,0	0,0	50,0
11.09.2025 09:01:01	20500,0	18950,0	9400,0	5350,0	2000,0	500,0	350,0	100,0	150,0	0,0	100,0	0,0	0,0	10,0	40,0
11.09.2025 09:01:07	20600,0	18050,0	10400,0	5800,0	1750,0	650,0	750,0	650,0	0,0	150,0	0,0	0,0	0,0	80,0	120,0
11.09.2025 09:01:13	21500,0	18800,0	11200,0	6300,0	1650,0	500,0	400,0	100,0	150,0	50,0	100,0	0,0	50,0	50,0	50,0
11.09.2025 09:01:19	22900,0	17450,0	10450,0	5750,0	2300,0	450,0	600,0	150,0	250,0	0,0	0,0	0,0	0,0	60,0	40,0
11.09.2025 09:01:25	21500,0	17650,0	11050,0	5000,0	1550,0	450,0	450,0	300,0	250,0	100,0	50,0	50,0	50,0	0,0	0,0
11.09.2025 09:01:31	20750,0	17900,0	9700,0	6300,0	2400,0	500,0	350,0	250,0	50,0	50,0	0,0	0,0	50,0	0,0	0,0
11.09.2025 09:01:37	21100,0	17250,0	9100,0	5100,0	1350,0	350,0	500,0	350,0	0,0	100,0	50,0	0,0	50,0	180,0	170,0
11.09.2025 09:01:43	21900,0	18900,0	10600,0	5400,0	1400,0	400,0	650,0	350,0	0,0	150,0	0,0	0,0	0,0	70,0	80,0
11.09.2025 09:01:49	21300,0	18800,0	8500,0	5750,0	2500,0	700,0	400,0	600,0	0,0	150,0	0,0	150,0	0,0	30,0	20,0
11.09.2025 09:01:55	20900,0	18800,0	10250,0	6100,0	1500,0	400,0	350,0	350,0	50,0	50,0	50,0	50,0	50,0	0,0	0,0
11.09.2025 09:02:01	22500,0	18150,0	9400,0	5950,0	1400,0	500,0	350,0	300,0	50,0	100,0	50,0	0,0	100,0	180,0	120,0
11.09.2025 09:02:07	23050,0	19400,0	10450,0	6000,0	2050,0	550,0	350,0	200,0	0,0	0,0	50,0	0,0	50,0	60,0	40,0
11.09.2025 09:02:13	22400,0	17500,0	10600,0	5400,0	1800,0	550,0	400,0	250,0	50,0	150,0	0,0	0,0	50,0	30,0	70,0
11.09.2025 09:02:19	21950,0	16850,0	9450,0	5400,0	1700,0	550,0	250,0	350,0	50,0	0,0	50,0	0,0	100,0	0,0	50,0
11.09.2025 09:02:25	23750,0	19750,0	10500,0	5800,0	2400,0	350,0	500,0	200,0	50,0	100,0	50,0	0,0	50,0	40,0	60,0
11.09.2025 09:02:31	22800,0	19100,0	9200,0	5700,0	2100,0	350,0	500,0	150,0	100,0	150,0	50,0	0,0	100,0	70,0	80,0
11.09.2025 09:02:37	21300,0	18450,0	9800,0	6150,0	1800,0	750,0	350,0	350,0	50,0	50,0	100,0	50,0	50,0	50,0	100,0
11.09.2025 09:02:43	21000,0	18650,0	10600,0	5800,0	1950,0	500,0	650,0	350,0	50,0	100,0	50,0	50,0	0,0	130,0	120,0
11.09.2025 09:02:49	20350,0	17800,0	9300,0	5350,0	2050,0	700,0	400,0	50,0	100,0	50,0	300,0	0,0	50,0	0,0	50,0
11.09.2025 09:02:55	21250,0	18100,0	10150,0	6150,0	1950,0	500,0	450,0	250,0	150,0	150,0	0,0	0,0	0,0	120,0	80,0
11.09.2025 09:03:01	21800,0	20000,0	9500,0	5500,0	2050,0	450,0	650,0	50,0	50,0	50,0	50,0	0,0	0,0	40,0	60,0
11.09.2025 09:03:07	22400,0	19150,0	10050,0	5950,0	1450,0	700,0	750,0	350,0	100,0	150,0	0,0	0,0	100,0	40,0	60,0
11.09.2025 09:03:13	22000,0	18450,0	9850,0	5550,0	1550,0	750,0	800,0	200,0	100,0	0,0	50,0	0,0	100,0	50,0	100,0
11.09.2025 09:03:19	21100,0	18100,0	10050,0	6050,0	1600,0	600,0	300,0	150,0	250,0	100,0	150,0	0,0	150,0	150,0	150,0
11.09.2025 09:03:25	22800,0	17350,0	10500,0	5250,0	1650,0	500,0	450,0	250,0	150,0	150,0	0,0	0,0	50,0	0,0	50,0
11.09.2025 09:03:31	22350,0	18550,0	9100,0	6100,0	1400,0	550,0	400,0	400,0	0,0	100,0	50,0	100,0	50,0	0,0	50,0
11.09.2025 09:03:37	22550,0	17250,0	9900,0	5150,0	1800,0	500,0	450,0	400,0	100,0	150,0	100,0	0,0	0,0	0,0	0,0
11.09.2025 09:03:43	22100,0	18800,0	10950,0	5750,0	1400,0	550,0	500,0	250,0	150,0	50,0	50,0	0,0	0,0	100,0	150,0
11.09.2025 09:03:49	19300,0	17600,0	8650,0	4650,0	1550,0	400,0	450,0	150,0	150,0	50,0	100,0	0,0	150,0	10,0	90,0
11.09.2025 09:03:55	22200,0	17900,0	10250,0	4950,0	1550,0	350,0	250,0	300,0	50,0	50,0	100,0	0,0	0,0	30,0	70,0
11.09.2025 09:04:01	22650,0	18500,0	10000,0	5250,0	1550,0	600,0	750,0	300,0	100,0	50,0	100,0	0,0	50,0	0,0	0,0
11.09.2025 09:04:07	21150,0	20000,0	9850,0	5650,0	1900,0	800,0	500,0	200,0	150,0	50,0	0,0	50,0	0,0	10,0	90,0
11.09.2025 09:04:13	21700,0	16650,0	10450,0	5650,0	1150,0	350,0	750,0	400,0	0,0	0,0	100,0	0,0	0,0	80,0	120,0
11.09.2025 09:04:19	22400,0	18050,0	10200,0	6350,0	2150,0	400,0	550,0	200,0	50,0	0,0	100,0	50,0	0,0	0,0	50,0
11.09.2025 09:04:25	22650,0	18050,0	10050,0	5700,0	1750,0	550,0	350,0	150,0	100,0	50,0	0,0	0,0	0,0	10,0	40,0
11.09.2025 09:04:31	21600,0	18550,0	9300,0	5350,0	1700,0	850,0	600,0	150,0	150,0	150,0	100,0	0,0	0,0	150,0	200,0
11.09.2025 09:04:37	19800,0	19300,0	10700,0	5500,0	1750,0	400,0	350,0	450,0	0,0	50,0	50,0	0,0	0,0	20,0	80,0
11.09.2025 09:04:43	22650,0	19200,0	9550,0	5550,0	1500,0	650,0	450,0	400,0	150,0	50,0	150,0	0,0	100,0	150,0	100,0
11.09.2025 09:04:49	21400,0	19550,0	10200,0	5650,0	2050,0	450,0	500,0	250,0	50,0	100,0	50,0	50,0	0,0	70,0	180,0
11.09.2025 09:04:55	22000,0	19300,0	9950,0	5850,0	1700,0	550,0	350,0	150,0	50,0	100,0	50,0	0,0	100,0	110,0	40,0
11.09.2025 09:05:01	20700,0	18100,0	10300,0	6550,0	2050,0	800,0	600,0	100,0	0,0	0,0	0,0	0,0	0,0	0,0	50,0
11.09.2025 09:05:07	21850,0	20000,0	11000,0	5800,0	1250,0	700,0	600,0	200,0	50,0	0,0	150,0	0,0	50,0	130,0	120,0
11.09.2025 09:05:13	21150,0	19650,0	9700,0	5200,0	2550,0	500,0	900,0	200,0	100,0	100,0	50,0	0,0	50,0	50,0	50,0
11.09.2025 09:05:19	20350,0	17900,0	10450,0	5850,0	1750,0	800,0	400,0	200,0	50,0	50,0	0,0	0,0	150,0	0,0	0,0
11.09.2025 09:05:25	24700,0	17750,0	9300,0	6900,0	1700,0	650,0	700,0	500,0	100,0	200,0	0,0	0,0	0,0	30,0	70,0
11.09.2025 09:05:31	21250,0	18200,0	11000,0	6000,0	1700,0	700,0	450,0	150,0	150,0	0,0	0,0	50,0	50,0	120,0	130,0
11.09.2025 09:05:37	22900,0	19000,0	8350,0	4950,0	2400,0	450,0	550,0	150,0	50,0	0,0	50,0	0,0	0,0	40,0	160,0
11.09.2025 09:05:43	21400,0	16950,0	11350,0	5900,0	1400,0	600,0	550,0	450,0	50,0	150,0	0,0	50,0	0,0	60,0	140,0
11.09.2025 09:05:49	21150,0	19150,0	9800,0	5150,0	1750,0	700,0	300,0	300,0	50,0	50,0	100,0	0,0	150,0	80,0	70,0
11.09.2025 09:05:55	21500,0	18300,0	9950,0	5900,0	1500,0	350,0	650,0	450,0	150,0	0,0	100,0	0,0	0,0	0,0	100,0
11.09.2025 09:06:01	21300,0	18300,0	10650,0	5200,0	1300,0	450,0	600,0	150,0	200,0	0,0	100,0	50,0	150,0	0,0	50,0
11.09.2025 09:06:07	23450,0	18550,0	10050,0	5300,0	1200,0	500,0	400,0	350,0	0,0	100,0	0,0	0,0	100,0	0,0	50,0
11.09.2025 09:06:13	20100,0	18350,0	9350,0	5650,0	1400,0	750,0	350,0	100,0	0,0	50,0	100,0	100,0	50,0	0,0	50,0
11.09.2025 09:06:19	21050,0	18650,0	9700,0	4950,0	1650,0	650,0	350,0	100,0	150,0	50,0	0,0	0,0	50,0	0,0	50,0
11.09.2025 09:06:25	21750,0	17350,0	10550,0	6100,0	1400,0	400,0	450,0	250,0	0,0	50,0	50,0	0,0	0,0	100,0	150,0
11.09.2025 09:06:31	19750,0	18050,0	9900,0	5550,0	1050,0	500,0	600,0	300,0	100,0	50,0	0,0	0,0	0,0	20,0	80,0
11.09.2025 09:06:37	19950,0	18150,0	9450,0	5750,0	1850,0	650,0	500,0	450,0	100,0	50,0	100,0	50,0	0,0	60,0	90,0
11.09.2025 09:06:43	21200,0	16950,0	8700,0	5800,0	1350,0	800,0	200,0	300,0	0,0	0,0	100,0	50,0	100,0	80,0	70,0
11.09.2025 09:06:49	21900,0	18800,0	11200,0	5600,0	1600,0	500,0	550,0	250,0	150,0	100,0	0,0	0,0	50,0	90,0	110,0
11.09.2025 09:06:55	21600,0	18600,0	10600,0	5850,0	1500,0	550,0	700,0	300,0	150,0	50,0	50,0	50,0	0,0	100,0	150,0
11.09.2025 09:07:01	21100,0	17350,0	10600,0	5600,0	1850,0	550,0	200,0	300,0	100,0	50,0	50,0	150,0	100,0	100,0	100,0
11.09.2025 09:07:07	20900,0	18650,0	9700,0	6700,0	1600,0	450,0	800,0	200,0	100,0	150,0	50,0	0,0	150,0	0,0	0,0
11.09.2025 09:07:13	20800,0	17250,0	8700,0	4850,0	1450,0	700,0	700,0	500,0	0,0	200,0	100,0	50,0	100,0	20,0	80,0
11.09.2025 09:07:19	20250,0	17150,0	9650,0	4600,0	1450,0	350,0	450,0	250,0	100,0	50,0	0,0	0,0	50,0	100,0	50,0
11.09.2025 09:07:25	22550,0	14800,0	9750,0	5550,0	1700,0	350,0	300,0	300,0	150,0	0,0	100,0	50,0	50,0	50,0	100,0
11.09.2025 09:07:31	16000,0	11750,0	6700,0	3950,0	1650,0	450,0	400,0	50,0	50,0	200,0	100,0	0,0	0,0	70,0	130,0
11.09.2025 09:07:37	18000,0	15700,0	9600,0	4850,0	1450,0	450,0	900,0	200,0	200,0	200,0	50,0	0,0	0,0	0,0	100,0
11.09.2025 09:07:43	20000,0	16200,0	9950,0	5700,0	950,0	350,0	300,0	300,0	0,0	50,0	0,0	50,0	50,0	0,0	50,0
11.09.2025 09:07:49	17200,0	16300,0	9900,0	4800,0	1400,0	450,0	550,0	350,0	100,0	100,0	100,0	0,0	0,0	190,0	210,0
11.09.2025 09:07:55	17350,0	14450,0	8700,0	4500,0	1350,0	600,0	550,0	200,0	150,0	50,0	0,0	0,0	0,0	0,0	150,0
11.09.2025 09:08:01	17400,0	15500,0	9050,0	5050,0	1100,0	300,0	450,0	200,0	50,0	150,0	50,0	50,0	0,0	150,0	100,0
11.09.2025 09:08:07	20150,0	16850,0	8850,0	4850,0	1600,0	1000,0	250,0	300,0	100,0	50,0	100,0	0,0	50,0	0,0	0,0
11.09.2025 09:08:13	18050,0	15300,0	8950,0	5050,0	1950,0	600,0	350,0	450,0	100,0	50,0	150,0	0,0	0,0	70,0	130,0
11.09.2025 09:08:19	18350,0	15350,0	9900,0	4900,0	2100,0	700,0	250,0	200,0	100,0	0,0	100,0	0,0	50,0	110,0	140,0
11.09.2025 09:08:25	17550,0	18450,0	9650,0	6050,0	1650,0	550,0	500,0	250,0	50,0	150,0	0,0	0,0	0,0	30,0	120,0
11.09.2025 09:08:31	21700,0	17650,0	10300,0	5750,0	1850,0	600,0	500,0	150,0	150,0	100,0	50,0	0,0	0,0	100,0	200,0
11.09.2025 09:08:37	21200,0	18100,0	7900,0	3950,0	1850,0	400,0	450,0	350,0	0,0	50,0	0,0	50,0	0,0	0,0	50,0
11.09.2025 09:08:43	18800,0	17850,0	9900,0	4300,0	1450,0	450,0	550,0	150,0	50,0	100,0	50,0	0,0	100,0	40,0	160,0
11.09.2025 09:08:49	20500,0	15850,0	10600,0	5000,0	1300,0	200,0	450,0	350,0	50,0	50,0	0,0	0,0	0,0	50,0	150,0
11.09.2025 09:08:55	20350,0	19100,0	10650,0	5550,0	1750,0	750,0	700,0	200,0	100,0	150,0	100,0	50,0	0,0	20,0	130,0
11.09.2025 09:09:01	20900,0	17800,0	10600,0	6300,0	1750,0	650,0	550,0	250,0	200,0	150,0	100,0	0,0	0,0	70,0	80,0
11.09.2025 09:09:07	21150,0	17750,0	10750,0	6100,0	2100,0	850,0	500,0	400,0	0,0	0,0	50,0	0,0	100,0	250,0	250,0
11.09.2025 09:09:13	22250,0	19400,0	9550,0	5500,0	1800,0	500,0	400,0	350,0	200,0	50,0	0,0	50,0	0,0	80,0	170,0
11.09.2025 09:09:19	21050,0	19200,0	9350,0	6000,0	1700,0	750,0	650,0	250,0	150,0	100,0	0,0	50,0	50,0	110,0	140,0
11.09.2025 09:09:25	22000,0	18200,0	10250,0	6350,0	1500,0	450,0	400,0	400,0	150,0	0,0	50,0	0,0	0,0	10,0	90,0
11.09.2025 09:09:31	21850,0	18550,0	10950,0	4950,0	1750,0	450,0	350,0	150,0	50,0	50,0	150,0	0,0	50,0	60,0	90,0
11.09.2025 09:09:37	19600,0	19250,0	8700,0	5550,0	2400,0	600,0	450,0	450,0	0,0	0,0	0,0	200,0	100,0	0,0	50,0
11.09.2025 09:09:43	22250,0	18100,0	11550,0	4600,0	1800,0	600,0	450,0	200,0	250,0	150,0	0,0	0,0	0,0	0,0	50,0
11.09.2025 09:09:49	21500,0	16950,0	11450,0	5450,0	2150,0	800,0	700,0	100,0	100,0	100,0	100,0	50,0	0,0	0,0	0,0
11.09.2025 09:09:55	19250,0	20050,0	9950,0	6000,0	1450,0	700,0	300,0	300,0	350,0	0,0	50,0	0,0	0,0	0,0	50,0
11.09.2025 09:10:01	21600,0	18150,0	9850,0	5000,0	1850,0	550,0	800,0	200,0	200,0	50,0	50,0	50,0	200,0	80,0	170,0
11.09.2025 09:10:07	19000,0	19300,0	9450,0	5150,0	1750,0	700,0	500,0	250,0	100,0	0,0	50,0	0,0	100,0	10,0	40,0
11.09.2025 09:10:13	23650,0	16450,0	9950,0	6650,0	1950,0	950,0	400,0	350,0	0,0	0,0	50,0	0,0	50,0	70,0	130,0
11.09.2025 09:10:19	21400,0	18600,0	9700,0	6500,0	2000,0	500,0	550,0	200,0	100,0	100,0	100,0	50,0	0,0	0,0	50,0
11.09.2025 09:10:25	22450,0	17300,0	10650,0	6150,0	1500,0	750,0	450,0	200,0	150,0	50,0	50,0	0,0	0,0	30,0	120,0
11.09.2025 09:10:31	22750,0	18250,0	9550,0	4750,0	1750,0	550,0	300,0	250,0	0,0	50,0	200,0	50,0	0,0	10,0	40,0
11.09.2025 09:10:37	21050,0	18500,0	10500,0	6300,0	2150,0	500,0	850,0	250,0	150,0	100,0	50,0	0,0	0,0	110,0	90,0
11.09.2025 09:10:43	21750,0	17450,0	11000,0	6000,0	1450,0	1100,0	500,0	350,0	0,0	100,0	50,0	0,0	150,0	20,0	30,0
11.09.2025 09:10:49	22750,0	18650,0	10650,0	6050,0	2000,0	650,0	650,0	450,0	50,0	0,0	100,0	0,0	50,0	10,0	40,0
11.09.2025 09:10:55	23400,0	17900,0	11500,0	5500,0	1950,0	400,0	600,0	350,0	250,0	100,0	0,0	0,0	0,0	60,0	90,0
11.09.2025 09:11:01	24350,0	18200,0	12050,0	6450,0	2350,0	650,0	850,0	250,0	200,0	50,0	0,0	0,0	100,0	0,0	50,0
11.09.2025 09:11:07	23800,0	21100,0	12750,0	6000,0	1950,0	750,0	650,0	350,0	0,0	100,0	100,0	0,0	0,0	30,0	70,0
11.09.2025 09:11:13	26200,0	21250,0	11850,0	6250,0	1700,0	350,0	500,0	200,0	100,0	50,0	50,0	50,0	0,0	0,0	50,0
11.09.2025 09:11:19	21450,0	21950,0	12500,0	6600,0	2000,0	850,0	600,0	300,0	0,0	50,0	50,0	50,0	0,0	0,0	100,0
11.09.2025 09:11:25	23050,0	19600,0	11000,0	6900,0	1050,0	600,0	600,0	150,0	250,0	0,0	0,0	0,0	0,0	80,0	120,0
11.09.2025 09:11:31	24150,0	19200,0	12450,0	6950,0	1850,0	700,0	650,0	150,0	0,0	0,0	50,0	50,0	0,0	70,0	80,0
11.09.2025 09:11:37	23850,0	18550,0	12250,0	7150,0	1800,0	900,0	500,0	150,0	100,0	0,0	50,0	50,0	0,0	0,0	100,0
11.09.2025 09:11:43	24250,0	21600,0	12500,0	6400,0	1800,0	700,0	350,0	150,0	100,0	50,0	50,0	0,0	100,0	70,0	80,0
11.09.2025 09:11:49	24950,0	21550,0	12200,0	7000,0	1500,0	600,0	500,0	400,0	0,0	100,0	0,0	0,0	100,0	0,0	50,0
11.09.2025 09:11:55	23500,0	20550,0	13450,0	7850,0	1850,0	450,0	500,0	250,0	50,0	50,0	0,0	50,0	50,0	80,0	70,0
11.09.2025 09:12:01	21600,0	19550,0	10400,0	6100,0	1850,0	700,0	200,0	250,0	150,0	150,0	50,0	0,0	50,0	110,0	40,0
11.09.2025 09:12:07	22350,0	19450,0	10900,0	5800,0	1300,0	450,0	400,0	350,0	0,0	100,0	50,0	0,0	50,0	40,0	60,0
11.09.2025 09:12:13	20600,0	19450,0	10850,0	6550,0	1650,0	650,0	550,0	350,0	100,0	100,0	0,0	0,0	100,0	30,0	70,0
11.09.2025 09:12:19	19300,0	20500,0	9550,0	5900,0	1550,0	550,0	600,0	400,0	50,0	0,0	0,0	50,0	0,0	20,0	30,0
11.09.2025 09:12:25	20350,0	19650,0	10000,0	5850,0	1150,0	650,0	600,0	350,0	0,0	100,0	100,0	50,0	50,0	40,0	60,0
11.09.2025 09:12:31	22700,0	20950,0	12300,0	6650,0	1500,0	500,0	500,0	450,0	100,0	100,0	0,0	0,0	100,0	20,0	80,0
11.09.2025 09:12:37	23650,0	23750,0	12250,0	7650,0	1800,0	600,0	550,0	550,0	50,0	0,0	0,0	0,0	50,0	20,0	80,0
11.09.2025 09:12:43	22900,0	19850,0	13450,0	6800,0	1750,0	1050,0	700,0	350,0	100,0	50,0	50,0	0,0	0,0	0,0	50,0
11.09.2025 09:12:49	22650,0	20300,0	11550,0	5500,0	2300,0	600,0	550,0	350,0	50,0	0,0	0,0	50,0	0,0	60,0	140,0
11.09.2025 09:12:55	26100,0	23000,0	11450,0	6250,0	2400,0	750,0	500,0	200,0	50,0	100,0	50,0	100,0	0,0	30,0	120,0
11.09.2025 09:13:01	25550,0	18900,0	11450,0	8500,0	2400,0	550,0	200,0	100,0	150,0	50,0	0,0	0,0	0,0	50,0	100,0
11.09.2025 09:13:07	22000,0	19900,0	12100,0	5650,0	2150,0	500,0	650,0	100,0	150,0	150,0	50,0	0,0	100,0	30,0	20,0
11.09.2025 09:13:13	21050,0	18850,0	10300,0	6500,0	1850,0	400,0	1000,0	300,0	50,0	50,0	50,0	100,0	0,0	40,0	10,0
11.09.2025 09:13:19	23350,0	18700,0	11200,0	6900,0	2150,0	550,0	300,0	400,0	100,0	150,0	50,0	0,0	150,0	10,0	90,0
11.09.2025 09:13:25	22750,0	18050,0	10300,0	5850,0	1800,0	500,0	900,0	250,0	50,0	50,0	100,0	0,0	0,0	0,0	50,0
11.09.2025 09:13:31	22200,0	18600,0	11050,0	6000,0	2000,0	550,0	500,0	350,0	0,0	100,0	0,0	100,0	0,0	0,0	0,0
11.09.2025 09:13:37	22350,0	17600,0	11250,0	7050,0	1550,0	500,0	350,0	200,0	200,0	50,0	50,0	50,0	50,0	230,0	170,0
11.09.2025 09:13:43	22150,0	19100,0	11250,0	5950,0	2050,0	450,0	700,0	200,0	0,0	50,0	0,0	100,0	50,0	0,0	50,0
11.09.2025 09:13:49	20450,0	18850,0	10150,0	6100,0	1750,0	500,0	750,0	250,0	50,0	100,0	50,0	100,0	0,0	160,0	90,0
11.09.2025 09:13:55	19900,0	18550,0	10100,0	5500,0	2100,0	850,0	500,0	150,0	250,0	0,0	50,0	0,0	50,0	0,0	100,0
11.09.2025 09:14:01	22150,0	17100,0	10150,0	5950,0	1850,0	700,0	150,0	150,0	250,0	0,0	100,0	0,0	50,0	0,0	50,0
11.09.2025 09:14:07	22750,0	19400,0	9100,0	6000,0	2000,0	600,0	450,0	150,0	150,0	50,0	200,0	0,0	0,0	50,0	50,0
11.09.2025 09:14:13	23450,0	19200,0	10700,0	6100,0	1800,0	800,0	300,0	200,0	250,0	200,0	50,0	50,0	100,0	0,0	0,0
11.09.2025 09:14:19	21050,0	18600,0	9100,0	5100,0	1650,0	350,0	550,0	450,0	0,0	100,0	50,0	50,0	0,0	20,0	80,0
11.09.2025 09:14:25	22350,0	19050,0	11050,0	5600,0	1900,0	500,0	500,0	150,0	50,0	100,0	100,0	100,0	0,0	80,0	120,0
11.09.2025 09:14:31	22900,0	16950,0	9750,0	5700,0	1850,0	600,0	400,0	150,0	100,0	50,0	0,0	0,0	0,0	90,0	60,0
11.09.2025 09:14:37	21200,0	18600,0	10250,0	5450,0	2150,0	450,0	450,0	100,0	100,0	100,0	50,0	50,0	0,0	40,0	110,0
11.09.2025 09:14:43	20200,0	18750,0	11650,0	6650,0	1150,0	750,0	500,0	200,0	100,0	100,0	100,0	50,0	0,0	40,0	60,0
11.09.2025 09:14:49	22000,0	17300,0	9500,0	5350,0	1500,0	550,0	600,0	100,0	100,0	0,0	0,0	0,0	100,0	120,0	80,0
11.09.2025 09:14:55	22400,0	17800,0	10100,0	5400,0	2400,0	750,0	750,0	350,0	150,0	0,0	50,0	0,0	0,0	90,0	110,0
11.09.2025 09:15:01	22550,0	19350,0	10000,0	5100,0	1850,0	600,0	350,0	300,0	0,0	200,0	0,0	50,0	50,0	160,0	90,0
11.09.2025 09:15:07	20450,0	18100,0	9800,0	5350,0	1650,0	550,0	500,0	250,0	200,0	100,0	100,0	100,0	0,0	20,0	130,0
11.09.2025 09:15:13	21950,0	17500,0	9200,0	5550,0	1200,0	400,0	700,0	500,0	150,0	50,0	250,0	50,0	0,0	0,0	50,0
11.09.2025 09:15:19	22800,0	18150,0	9850,0	5900,0	1700,0	450,0	550,0	350,0	50,0	50,0	0,0	0,0	100,0	110,0	140,0
11.09.2025 09:15:25	21900,0	16700,0	10600,0	5350,0	1450,0	650,0	350,0	200,0	50,0	0,0	50,0	50,0	0,0	100,0	100,0
11.09.2025 09:15:31	22150,0	17900,0	9100,0	4550,0	1850,0	550,0	450,0	250,0	200,0	0,0	0,0	50,0	100,0	170,0	130,0
11.09.2025 09:15:37	19950,0	17500,0	9500,0	5200,0	1750,0	850,0	200,0	100,0	200,0	0,0	150,0	0,0	0,0	40,0	110,0
