<Header>
User name: 
Location: probe cabin
# of Location: 2
Model: 11-D
Serial No.: 11D20167
Firmware revision: 12.50E
Software revision: 1179-V2-10 (23-01-2023)
Unit: Mass fraction [ug/m3]
C-factor: 1,00
location factor: 1,00
Comment: test room aerosol conditions
online data
<Data>
[d&t31.12.2035 11:50:55]	TSP [ug/m3]	PM10 [ug/m3]	PM4 [ug/m3]	PM2,5 [ug/m3]	PM1 [ug/m3]	PMcoarse [ug/m3]	Inhalable [ug/m3]	Thoracic [ug/m3]	Respirable [ug/m3]	pm10-IAQ [ug/m3]	pm2,5-IAQ [ug/m3]	pm1-IAQ [ug/m3]
11.09.2025 08:35:40	22,8	16,2	8,5	6,7	6,4	9,6	21,0	17,9	7,4	18,4	5,4	5,2
11.09.2025 08:35:46	8,2	8,2	8,2	7,8	6,4	0,4	6,5	6,5	6,5	6,5	6,2	5,2
11.09.2025 08:35:52	34,4	21,5	8,7	7,3	6,5	14,2	32,1	26,1	7,9	26,9	5,9	5,2
11.09.2025 08:35:58	33,4	15,4	10,0	7,9	6,3	7,5	25,9	18,5	8,1	15,7	6,3	5,1
11.09.2025 08:36:04	51,3	27,1	15,6	10,1	6,9	17,0	42,0	31,9	13,1	29,3	8,0	5,6
11.09.2025 08:36:10	73,3	24,5	12,9	8,4	6,9	16,1	54,7	34,3	10,9	27,1	6,7	5,6
11.09.2025 08:36:16	35,2	17,0	10,4	8,3	6,9	8,7	28,4	20,7	8,7	18,2	6,6	5,6
11.09.2025 08:36:22	13,3	13,3	12,7	10,2	7,5	3,1	10,4	10,4	9,9	10,4	8,0	6,0
11.09.2025 08:36:28	73,8	25,7	17,8	11,1	6,7	14,6	52,1	32,4	14,1	24,4	8,7	5,4
11.09.2025 08:36:34	35,6	23,0	11,3	9,0	6,7	14,0	31,8	26,2	9,6	26,7	7,1	5,4
11.09.2025 08:36:40	96,5	17,2	13,2	8,8	6,9	8,4	57,6	23,9	10,8	15,7	7,0	5,6
11.09.2025 08:36:46	28,4	20,6	11,0	8,5	6,6	12,1	26,1	22,3	9,5	23,4	6,8	5,3
11.09.2025 08:36:52	33,8	32,1	24,4	13,7	7,0	18,4	29,1	28,0	19,4	29,0	10,7	5,7
11.09.2025 08:36:58	25,0	18,8	12,8	9,0	6,5	9,8	21,1	18,4	10,4	18,6	7,2	5,3
11.09.2025 08:37:04	41,3	23,0	14,7	9,6	6,4	13,3	33,3	25,5	11,9	23,1	7,6	5,2
11.09.2025 08:37:10	181,3	24,1	10,4	7,2	6,7	16,9	100,3	35,1	9,3	28,9	5,8	5,4
11.09.2025 08:37:16	76,2	16,5	11,6	8,5	6,7	8,0	50,9	26,8	9,1	15,7	6,7	5,4
11.09.2025 08:37:22	56,4	20,7	12,5	9,6	6,5	11,1	41,6	27,0	9,9	21,3	7,6	5,3
11.09.2025 08:37:28	39,1	26,2	13,0	9,1	6,1	17,0	34,9	28,9	10,8	29,7	7,2	5,0
11.09.2025 08:37:34	14,1	14,0	11,9	8,9	6,2	5,1	12,6	12,5	9,8	12,6	7,0	5,0
11.09.2025 08:37:40	506,7	11,2	10,7	8,7	6,8	2,5	192,9	11,9	8,4	8,8	6,9	5,5
11.09.2025 08:37:46	13,4	13,4	12,5	9,6	6,4	3,8	10,4	10,4	9,8	10,4	7,6	5,2
11.09.2025 08:37:52	20,3	20,3	17,6	10,5	6,1	9,8	16,2	16,2	13,8	16,2	8,2	4,9
11.09.2025 08:37:58	26,9	20,7	14,5	9,6	6,6	11,1	22,5	19,8	11,7	20,0	7,6	5,3
11.09.2025 08:38:04	20,8	20,7	17,0	9,8	5,6	11,0	17,6	17,4	13,6	17,6	7,6	4,5
11.09.2025 08:38:10	16,4	16,4	14,6	10,0	6,7	6,4	13,3	13,3	11,6	13,3	7,9	5,4
11.09.2025 08:38:16	116,1	19,3	13,9	8,9	6,2	10,4	69,6	29,0	10,8	17,5	7,0	5,0
11.09.2025 08:38:22	7,0	7,0	7,0	6,8	6,1	0,3	5,6	5,6	5,6	5,6	5,5	4,9
11.09.2025 08:38:28	58,6	22,4	11,0	8,5	6,8	14,0	46,4	31,4	9,5	26,1	6,7	5,5
11.09.2025 08:38:34	56,6	14,4	10,2	8,2	6,5	6,1	40,0	22,6	8,8	14,9	6,6	5,2
11.09.2025 08:38:40	8,5	8,5	8,5	8,1	6,4	0,4	6,8	6,8	6,8	6,8	6,5	5,2
11.09.2025 08:38:46	3,9	3,9	3,9	3,8	3,6	0,0	3,1	3,1	3,1	3,1	3,1	2,9
11.09.2025 08:38:52	15,4	13,8	9,2	6,2	4,5	7,6	13,5	12,5	7,3	13,4	4,9	3,6
11.09.2025 08:38:58	4,6	4,6	4,6	4,3	3,3	0,3	3,6	3,6	3,6	3,6	3,4	2,6
11.09.2025 08:39:04	6,4	6,4	5,3	3,7	2,6	2,8	6,3	6,2	4,7	6,3	2,9	2,1
11.09.2025 08:39:10	6,2	6,2	5,9	4,4	2,8	1,8	4,8	4,8	4,6	4,8	3,4	2,3
11.09.2025 08:39:16	10,5	8,8	4,3	2,6	2,3	6,2	10,4	9,3	3,8	10,2	2,1	1,9
11.09.2025 08:39:22	18,3	11,7	4,5	2,9	2,3	8,7	16,7	13,6	3,8	14,1	2,3	1,9
11.09.2025 08:39:28	2,6	2,6	2,6	2,6	2,4	0,0	2,1	2,1	2,1	2,1	2,1	2,0
11.09.2025 08:39:34	31,7	13,5	7,2	4,7	3,2	8,8	24,9	17,3	5,8	14,8	3,7	2,6
11.09.2025 08:39:40	4,8	4,8	4,1	2,9	2,2	1,9	4,4	4,3	3,5	4,4	2,3	1,8
11.09.2025 08:39:46	1,7	1,7	1,7	1,7	1,6	0,0	1,4	1,4	1,4	1,4	1,4	1,3
11.09.2025 08:39:52	1,3	1,3	1,3	1,3	1,3	0,0	1,0	1,0	1,0	1,0	1,0	1,0
11.09.2025 08:39:58	8,5	8,4	7,0	5,5	3,7	3,0	7,6	7,5	5,7	7,6	4,3	3,0
11.09.2025 08:40:04	3,2	3,2	2,9	1,8	1,2	1,4	2,5	2,5	2,2	2,5	1,4	1,0
11.09.2025 08:40:10	1,1	1,1	1,1	1,1	1,0	0,0	0,9	0,9	0,9	0,9	0,9	0,8
11.09.2025 08:40:16	5,8	5,8	3,9	1,7	0,8	4,1	6,1	6,0	3,5	6,1	1,3	0,7
11.09.2025 08:40:22	5,1	5,1	4,8	3,1	1,8	2,0	3,9	3,9	3,7	3,9	2,4	1,4
11.09.2025 08:40:28	2,1	2,1	2,1	1,8	1,2	0,2	1,6	1,6	1,6	1,6	1,4	1,0
11.09.2025 08:40:34	0,7	0,7	0,7	0,7	0,7	0,0	0,6	0,6	0,6	0,6	0,6	0,6
11.09.2025 08:40:40	1,6	1,6	1,6	1,6	1,6	0,0	1,3	1,3	1,3	1,3	1,3	1,3
11.09.2025 08:40:46	2,0	2,0	2,0	1,9	1,7	0,0	1,6	1,6	1,6	1,6	1,6	1,4
11.09.2025 08:40:52	3,0	3,0	2,8	2,0	1,4	1,0	2,3	2,3	2,2	2,3	1,6	1,1
11.09.2025 08:40:58	2,2	2,2	2,2	1,9	1,4	0,2	1,7	1,7	1,7	1,7	1,5	1,1
11.09.2025 08:41:04	1,4	1,4	1,4	1,4	1,4	0,0	1,2	1,2	1,2	1,2	1,2	1,2
11.09.2025 08:41:10	1,0	1,0	1,0	1,0	1,0	0,0	0,8	0,8	0,8	0,8	0,8	0,8
11.09.2025 08:41:16	0,6	0,6	0,6	0,6	0,5	0,0	0,4	0,4	0,4	0,4	0,4	0,4
11.09.2025 08:41:22	0,5	0,5	0,5	0,5	0,5	0,0	0,4	0,4	0,4	0,4	0,4	0,4
11.09.2025 08:41:28	2,3	2,3	2,1	1,3	0,7	1,0	1,7	1,7	1,6	1,7	1,0	0,6
11.09.2025 08:41:34	2,7	2,7	2,6	1,6	0,7	1,1	2,1	2,1	2,0	2,1	1,3	0,6
11.09.2025 08:41:40	0,4	0,4	0,4	0,4	0,4	0,0	0,3	0,3	0,3	0,3	0,3	0,3
11.09.2025 08:41:46	0,4	0,4	0,4	0,4	0,4	0,0	0,3	0,3	0,3	0,3	0,3	0,3
11.09.2025 08:41:52	0,3	0,3	0,3	0,3	0,3	0,0	0,3	0,3	0,3	0,3	0,3	0,3
11.09.2025 08:41:58	3,6	3,6	3,2	1,5	0,4	2,1	2,7	2,7	2,4	2,7	1,2	0,3
11.09.2025 08:42:04	0,5	0,5	0,5	0,5	0,5	0,0	0,4	0,4	0,4	0,4	0,4	0,4
11.09.2025 08:42:10	0,4	0,4	0,4	0,4	0,4	0,0	0,3	0,3	0,3	0,3	0,3	0,3
11.09.2025 08:42:16	0,3	0,3	0,3	0,3	0,3	0,0	0,3	0,3	0,3	0,3	0,3	0,3
11.09.2025 08:42:22	0,5	0,5	0,5	0,5	0,4	0,0	0,4	0,4	0,4	0,4	0,4	0,3
11.09.2025 08:42:28	0,3	0,3	0,3	0,3	0,3	0,0	0,2	0,2	0,2	0,2	0,2	0,2
11.09.2025 08:42:34	0,2	0,2	0,2	0,2	0,2	0,0	0,1	0,1	0,1	0,1	0,1	0,1
11.09.2025 08:42:40	0,2	0,2	0,2	0,2	0,2	0,0	0,2	0,2	0,2	0,2	0,2	0,2
11.09.2025 08:42:46	0,2	0,2	0,2	0,2	0,2	0,0	0,2	0,2	0,2	0,2	0,2	0,2
11.09.2025 08:42:52	3,3	3,3	2,8	1,2	0,2	2,1	2,5	2,5	2,1	2,5	0,9	0,2
11.09.2025 08:42:58	0,1	0,1	0,1	0,1	0,1	0,0	0,1	0,1	0,1	0,1	0,1	0,1
11.09.2025 08:43:04	0,2	0,2	0,2	0,2	0,2	0,0	0,1	0,1	0,1	0,1	0,1	0,1
11.09.2025 08:43:10	1,4	1,4	1,3	0,7	0,1	0,6	1,0	1,0	1,0	1,0	0,5	0,1
11.09.2025 08:43:16	0,1	0,1	0,1	0,1	0,1	0,0	0,1	0,1	0,1	0,1	0,1	0,1
11.09.2025 08:43:22	0,1	0,1	0,1	0,1	0,1	0,0	0,1	0,1	0,1	0,1	0,1	0,1
11.09.2025 08:43:28	0,1	0,1	0,1	0,1	0,1	0,0	0,1	0,1	0,1	0,1	0,1	0,1
11.09.2025 08:43:34	2,9	2,9	2,7	1,3	0,1	1,6	2,2	2,2	2,0	2,2	1,0	0,1
11.09.2025 08:43:40	0,1	0,1	0,1	0,1	0,1	0,0	0,1	0,1	0,1	0,1	0,1	0,1
11.09.2025 08:43:46	0,1	0,1	0,1	0,1	0,1	0,0	0,1	0,1	0,1	0,1	0,1	0,1
11.09.2025 08:43:52	0,1	0,1	0,1	0,1	0,1	0,0	0,1	0,1	0,1	0,1	0,1	0,1
11.09.2025 08:43:58	0,1	0,1	0,1	0,1	0,1	0,0	0,1	0,1	0,1	0,1	0,1	0,1
11.09.2025 08:44:04	0,1	0,1	0,1	0,1	0,1	0,0	0,1	0,1	0,1	0,1	0,1	0,1
11.09.2025 08:44:10	0,1	0,1	0,1	0,1	0,1	0,0	0,0	0,0	0,0	0,0	0,0	0,0
11.09.2025 08:44:16	0,1	0,1	0,1	0,1	0,1	0,0	0,1	0,1	0,1	0,1	0,1	0,1
11.09.2025 08:44:22	0,1	0,1	0,1	0,1	0,1	0,0	0,0	0,0	0,0	0,0	0,0	0,0
11.09.2025 08:44:28	0,4	0,4	0,4	0,4	0,1	0,0	0,3	0,3	0,3	0,3	0,3	0,1
11.09.2025 08:44:34	0,1	0,1	0,1	0,1	0,1	0,0	0,1	0,1	0,1	0,1	0,1	0,1
11.09.2025 08:44:40	0,1	0,1	0,1	0,1	0,1	0,0	0,1	0,1	0,1	0,1	0,1	0,1
11.09.2025 08:44:46	0,1	0,1	0,1	0,1	0,1	0,0	0,1	0,1	0,1	0,1	0,1	0,1
11.09.2025 08:44:52	0,1	0,1	0,1	0,1	0,1	0,0	0,1	0,1	0,1	0,1	0,1	0,1
11.09.2025 08:44:58	0,0	0,0	0,0	0,0	0,0	0,0	0,0	0,0	0,0	0,0	0,0	0,0
11.09.2025 08:45:04	0,0	0,0	0,0	0,0	0,0	0,0	0,0	0,0	0,0	0,0	0,0	0,0
11.09.2025 08:45:10	0,0	0,0	0,0	0,0	0,0	0,0	0,0	0,0	0,0	0,0	0,0	0,0
11.09.2025 08:45:16	0,1	0,1	0,1	0,1	0,1	0,0	0,1	0,1	0,1	0,1	0,1	0,1
11.09.2025 08:45:22	0,0	0,0	0,0	0,0	0,0	0,0	0,0	0,0	0,0	0,0	0,0	0,0
11.09.2025 08:45:28	0,0	0,0	0,0	0,0	0,0	0,0	0,0	0,0	0,0	0,0	0,0	0,0
11.09.2025 08:45:34	0,1	0,1	0,1	0,1	0,1	0,0	0,1	0,1	0,1	0,1	0,1	0,1
11.09.2025 08:45:40	0,0	0,0	0,0	0,0	0,0	0,0	0,0	0,0	0,0	0,0	0,0	0,0
11.09.2025 08:45:46	0,0	0,0	0,0	0,0	0,0	0,0	0,0	0,0	0,0	0,0	0,0	0,0
11.09.2025 08:45:52	0,0	0,0	0,0	0,0	0,0	0,0	0,0	0,0	0,0	0,0	0,0	0,0
11.09.2025 08:45:58	0,0	0,0	0,0	0,0	0,0	0,0	0,0	0,0	0,0	0,0	0,0	0,0
11.09.2025 08:46:04	0,0	0,0	0,0	0,0	0,0	0,0	0,0	0,0	0,0	0,0	0,0	0,0
11.09.2025 08:46:10	0,1	0,1	0,1	0,1	0,1	0,0	0,0	0,0	0,0	0,0	0,0	0,0
11.09.2025 08:46:16	0,0	0,0	0,0	0,0	0,0	0,0	0,0	0,0	0,0	0,0	0,0	0,0
11.09.2025 08:46:22	0,0	0,0	0,0	0,0	0,0	0,0	0,0	0,0	0,0	0,0	0,0	0,0
11.09.2025 08:46:28	0,1	0,1	0,1	0,1	0,1	0,0	0,0	0,0	0,0	0,0	0,0	0,0
11.09.2025 08:46:34	0,0	0,0	0,0	0,0	0,0	0,0	0,0	0,0	0,0	0,0	0,0	0,0
11.09.2025 08:46:40	0,0	0,0	0,0	0,0	0,0	0,0	0,0	0,0	0,0	0,0	0,0	0,0
11.09.2025 08:46:46	0,0	0,0	0,0	0,0	0,0	0,0	0,0	0,0	0,0	0,0	0,0	0,0
11.09.2025 08:46:52	0,0	0,0	0,0	0,0	0,0	0,0	0,0	0,0	0,0	0,0	0,0	0,0
11.09.2025 08:46:58	0,0	0,0	0,0	0,0	0,0	0,0	0,0	0,0	0,0	0,0	0,0	0,0
11.09.2025 08:47:04	0,0	0,0	0,0	0,0	0,0	0,0	0,0	0,0	0,0	0,0	0,0	0,0
11.09.2025 08:47:10	0,1	0,1	0,1	0,1	0,1	0,0	0,1	0,1	0,1	0,1	0,1	0,1
11.09.2025 08:47:16	0,0	0,0	0,0	0,0	0,0	0,0	0,0	0,0	0,0	0,0	0,0	0,0
11.09.2025 08:47:22	0,0	0,0	0,0	0,0	0,0	0,0	0,0	0,0	0,0	0,0	0,0	0,0
11.09.2025 08:47:28	0,0	0,0	0,0	0,0	0,0	0,0	0,0	0,0	0,0	0,0	0,0	0,0
11.09.2025 08:47:34	0,0	0,0	0,0	0,0	0,0	0,0	0,0	0,0	0,0	0,0	0,0	0,0
11.09.2025 08:47:40	0,0	0,0	0,0	0,0	0,0	0,0	0,0	0,0	0,0	0,0	0,0	0,0
11.09.2025 08:47:46	0,0	0,0	0,0	0,0	0,0	0,0	0,0	0,0	0,0	0,0	0,0	0,0
11.09.2025 08:47:52	0,0	0,0	0,0	0,0	0,0	0,0	0,0	0,0	0,0	0,0	0,0	0,0
11.09.2025 08:47:58	161,3	7,4	2,6	1,0	0,1	6,4	80,2	17,0	2,1	9,0	0,7	0,1
11.09.2025 08:48:04	5,6	5,3	2,8	1,0	0,0	4,2	5,7	5,3	2,3	5,7	0,8	0,0
11.09.2025 08:48:10	0,1	0,1	0,1	0,1	0,1	0,0	0,1	0,1	0,1	0,1	0,1	0,1
11.09.2025 08:48:16	165,6	9,1	1,1	0,4	0,1	8,7	100,5	35,7	1,3	13,2	0,3	0,0
11.09.2025 08:48:22	52,5	8,8	2,2	0,6	0,1	8,2	37,7	19,6	2,6	12,5	0,5	0,1
11.09.2025 08:48:28	0,0	0,0	0,0	0,0	0,0	0,0	0,0	0,0	0,0	0,0	0,0	0,0
11.09.2025 08:48:34	1,7	1,7	1,7	1,2	0,1	0,5	1,3	1,3	1,2	1,3	0,9	0,1
11.09.2025 08:48:40	12,7	6,5	1,7	0,5	0,1	6,0	10,9	8,2	1,4	8,3	0,4	0,1
11.09.2025 08:48:46	20,1	12,2	2,9	1,0	0,1	11,2	19,5	15,7	3,1	16,8	0,8	0,0
11.09.2025 08:48:52	177,1	16,9	7,1	2,8	0,1	14,1	93,4	27,5	5,6	19,6	2,1	0,1
11.09.2025 08:48:58	0,0	0,0	0,0	0,0	0,0	0,0	0,0	0,0	0,0	0,0	0,0	0,0
11.09.2025 08:49:04	3,8	3,7	2,5	1,5	0,1	2,3	3,9	3,8	2,2	3,9	1,1	0,1
11.09.2025 08:49:10	55,6	7,6	2,1	0,6	0,1	6,9	37,0	17,4	1,8	9,4	0,5	0,1
11.09.2025 08:49:16	0,7	0,7	0,7	0,6	0,1	0,1	0,5	0,5	0,5	0,5	0,4	0,1
11.09.2025 08:49:22	285,2	7,2	1,4	0,5	0,1	6,7	122,5	14,5	1,4	10,0	0,4	0,1
11.09.2025 08:49:28	0,0	0,0	0,0	0,0	0,0	0,0	0,0	0,0	0,0	0,0	0,0	0,0
11.09.2025 08:49:34	5,5	5,5	4,5	1,7	0,1	3,8	4,8	4,8	3,6	4,8	1,3	0,1
11.09.2025 08:49:40	5,3	4,9	2,3	0,9	0,1	4,0	5,4	5,1	1,9	5,4	0,6	0,1
11.09.2025 08:49:46	38,2	13,9	3,1	1,0	0,1	13,0	31,5	21,3	3,0	18,8	0,7	0,1
11.09.2025 08:49:52	1231,7	9,4	2,8	1,0	0,1	8,4	417,3	33,0	2,4	11,8	0,8	0,1
11.09.2025 08:49:58	90,4	21,1	3,7	1,3	0,1	19,8	67,7	38,6	3,9	29,6	1,0	0,1
11.09.2025 08:50:04	0,1	0,1	0,1	0,1	0,1	0,0	0,1	0,1	0,1	0,1	0,1	0,1
11.09.2025 08:50:10	0,7	0,7	0,7	0,7	0,2	0,1	0,6	0,6	0,6	0,6	0,5	0,2
11.09.2025 08:50:16	66,0	11,7	1,4	0,2	0,1	11,5	47,5	25,1	1,9	17,3	0,2	0,1
11.09.2025 08:50:22	0,1	0,1	0,1	0,1	0,1	0,0	0,1	0,1	0,1	0,1	0,1	0,1
11.09.2025 08:50:28	1,7	1,7	1,7	1,3	0,2	0,5	1,3	1,3	1,3	1,3	0,9	0,1
11.09.2025 08:50:34	30,0	17,2	4,0	0,9	0,2	16,3	27,8	21,8	3,7	22,6	0,6	0,1
11.09.2025 08:50:40	101,9	22,2	6,7	2,3	0,2	19,9	73,5	40,5	5,7	28,0	1,7	0,2
11.09.2025 08:50:46	169,6	18,0	2,4	0,4	0,2	17,7	113,8	51,7	2,7	25,7	0,3	0,1
11.09.2025 08:50:52	421,2	27,0	5,0	1,3	0,3	25,7	224,8	61,3	5,6	37,8	1,0	0,2
11.09.2025 08:50:58	631,3	24,4	4,4	1,6	0,3	22,8	281,4	54,0	4,6	34,1	1,2	0,3
11.09.2025 08:51:04	155,2	33,9	15,8	6,2	0,3	27,7	103,2	52,1	13,1	38,4	4,7	0,2
11.09.2025 08:51:10	303,8	27,1	1,8	0,7	0,2	26,4	194,9	80,9	2,0	39,5	0,5	0,1
11.09.2025 08:51:16	381,7	44,3	6,2	2,1	0,3	42,2	231,4	91,1	6,4	62,4	1,6	0,2
11.09.2025 08:51:22	190,5	14,3	6,0	3,0	0,3	11,2	111,3	36,8	5,3	17,3	2,3	0,2
11.09.2025 08:51:28	370,6	30,5	5,8	1,7	0,3	28,7	187,0	52,9	5,6	41,5	1,3	0,2
11.09.2025 08:51:34	34,2	15,9	6,8	2,2	0,3	13,7	28,3	20,5	5,9	18,1	1,7	0,2
11.09.2025 08:51:40	136,7	33,0	9,0	2,9	0,4	30,2	100,7	57,8	8,0	42,5	2,2	0,3
11.09.2025 08:51:46	142,7	28,9	8,3	2,9	0,2	26,1	103,3	56,8	7,8	37,6	2,2	0,2
11.09.2025 08:51:52	449,8	38,7	11,8	4,4	0,2	34,3	230,8	67,1	9,8	48,3	3,3	0,2
11.09.2025 08:51:58	578,8	31,8	8,4	3,5	0,4	28,3	305,5	81,3	7,3	41,3	2,6	0,3
11.09.2025 08:52:04	115,0	17,8	8,6	3,0	0,2	14,8	72,2	31,1	7,5	20,2	2,2	0,1
11.09.2025 08:52:10	82,9	21,2	9,7	3,5	0,2	17,7	59,5	33,9	8,0	24,1	2,6	0,2
11.09.2025 08:52:16	102,2	19,8	7,8	2,6	0,3	17,1	66,5	30,8	7,2	24,4	2,0	0,2
11.09.2025 08:52:22	156,3	15,9	5,7	2,5	0,3	13,4	97,1	38,4	5,0	19,9	1,9	0,2
11.09.2025 08:52:28	92,4	11,8	5,8	1,9	0,4	9,9	55,0	20,6	5,1	13,0	1,5	0,3
11.09.2025 08:52:34	95,7	23,5	7,5	2,3	0,4	21,2	69,8	40,2	6,8	29,4	1,7	0,3
11.09.2025 08:52:40	205,1	53,7	9,9	3,5	0,4	50,2	157,9	94,7	9,7	74,3	2,7	0,3
11.09.2025 08:52:46	325,7	24,8	9,6	3,8	0,5	21,0	155,2	37,7	8,3	30,0	2,8	0,4
11.09.2025 08:52:52	121,5	34,3	11,6	3,5	0,3	30,8	90,4	54,1	9,8	42,2	2,6	0,2
11.09.2025 08:52:58	358,1	37,9	6,1	2,6	0,3	35,3	215,2	81,6	6,8	54,0	2,0	0,2
11.09.2025 08:53:04	174,7	27,4	7,8	2,6	0,5	24,9	115,6	53,5	7,5	35,7	1,9	0,4
11.09.2025 08:53:10	1151,2	41,2	6,9	2,0	0,4	39,2	893,5	68,9	6,9	57,0	1,5	0,3
11.09.2025 08:53:16	242,5	41,0	12,8	4,7	0,6	36,3	162,7	78,4	11,5	52,6	3,5	0,5
11.09.2025 08:53:22	226,8	30,5	8,1	3,0	0,3	27,5	147,4	65,4	7,1	39,7	2,3	0,2
11.09.2025 08:53:28	295,9	32,2	3,1	2,0	0,5	30,1	194,3	85,8	2,9	46,1	1,5	0,4
11.09.2025 08:53:34	315,5	42,6	11,4	5,0	0,5	37,7	687,2	87,3	10,5	56,0	3,8	0,4
11.09.2025 08:53:40	416,5	42,3	10,8	3,7	0,4	38,7	243,5	87,1	9,6	55,2	2,7	0,3
11.09.2025 08:53:46	171,7	20,2	3,3	1,1	0,3	19,1	110,8	47,4	3,6	28,5	0,9	0,3
11.09.2025 08:53:52	931,5	29,7	9,1	2,9	0,3	26,8	446,0	95,6	8,1	37,8	2,2	0,3
11.09.2025 08:53:58	165,1	25,1	5,3	2,4	0,3	22,7	109,8	50,8	5,6	35,1	1,8	0,2
11.09.2025 08:54:04	1,5	1,5	1,5	1,2	0,4	0,3	1,1	1,1	1,1	1,1	0,9	0,3
11.09.2025 08:54:10	263,3	15,8	1,9	1,3	0,5	14,5	1620,2	63,9	1,9	22,5	1,0	0,4
11.09.2025 08:54:16	422,3	34,1	4,9	1,8	0,6	32,3	221,7	68,0	5,4	48,6	1,4	0,5
11.09.2025 08:54:22	323,7	31,8	5,7	1,9	0,4	29,9	203,7	81,7	5,9	44,1	1,5	0,3
11.09.2025 08:54:28	519,5	42,3	15,0	5,3	0,6	37,0	274,3	83,8	13,0	51,8	4,0	0,5
11.09.2025 08:54:34	323,1	35,4	4,1	1,3	0,4	34,0	211,9	92,5	5,0	51,5	1,0	0,3
11.09.2025 08:54:40	441,5	39,0	5,3	3,1	0,5	35,8	235,7	76,8	4,8	54,9	2,4	0,4
11.09.2025 08:54:46	250,8	27,3	12,9	6,1	0,6	21,3	159,3	66,8	11,2	32,0	4,5	0,4
11.09.2025 08:54:52	120,5	29,5	5,5	2,5	0,6	27,1	91,1	53,5	5,1	40,2	1,9	0,4
11.09.2025 08:54:58	324,2	63,2	15,5	4,9	0,4	58,3	222,1	110,7	15,1	84,8	3,7	0,3
11.09.2025 08:55:04	158,2	42,0	8,3	3,0	0,7	39,0	120,4	71,9	7,7	57,0	2,2	0,5
11.09.2025 08:55:10	382,4	49,3	3,3	1,2	0,6	48,1	242,5	104,8	4,0	72,4	0,9	0,5
11.09.2025 08:55:16	442,7	55,4	12,4	4,2	0,7	51,2	278,4	118,8	11,4	73,5	3,2	0,5
11.09.2025 08:55:22	358,8	52,8	13,5	5,6	0,6	47,2	234,4	105,9	12,1	69,5	4,2	0,4
11.09.2025 08:55:28	231,2	59,9	10,2	2,4	0,6	57,6	176,0	104,4	10,4	82,4	1,8	0,5
11.09.2025 08:55:34	237,4	42,8	6,8	2,5	0,6	40,4	149,5	68,0	7,2	60,2	1,9	0,5
11.09.2025 08:55:40	83,2	48,8	14,9	5,0	0,7	43,8	74,6	58,9	13,0	61,5	3,8	0,6
11.09.2025 08:55:46	398,8	30,9	16,8	6,8	0,6	24,1	198,3	53,8	13,7	33,0	5,1	0,5
11.09.2025 08:55:52	265,4	40,1	7,0	3,0	0,6	37,2	178,5	84,6	6,9	55,7	2,3	0,5
11.09.2025 08:55:58	380,1	41,8	10,8	4,3	0,6	37,5	197,2	64,1	9,2	54,0	3,3	0,5
11.09.2025 08:56:04	124,5	40,5	7,9	4,9	0,8	35,6	99,0	62,8	7,3	55,7	3,7	0,6
11.09.2025 08:56:10	711,7	45,9	13,7	5,4	1,0	40,5	338,0	86,6	11,8	58,0	4,0	0,8
11.09.2025 08:56:16	178,6	53,4	18,5	7,4	1,2	46,0	136,2	83,7	17,2	67,8	5,6	0,9
11.09.2025 08:56:22	441,4	49,8	12,7	3,5	0,6	46,3	276,7	112,0	11,9	65,2	2,7	0,5
11.09.2025 08:56:28	313,1	50,1	16,0	7,6	1,0	42,4	195,2	86,6	13,7	63,3	5,7	0,8
11.09.2025 08:56:34	275,5	50,8	12,7	4,6	1,0	46,2	195,7	103,0	11,9	67,3	3,5	0,7
11.09.2025 08:56:40	347,2	46,4	12,0	4,6	0,7	41,8	222,6	96,3	10,4	60,2	3,5	0,5
11.09.2025 08:56:46	1538,4	39,0	10,4	3,6	0,9	35,3	579,5	86,0	9,4	50,2	2,7	0,7
11.09.2025 08:56:52	497,8	40,3	8,2	2,9	0,7	37,4	294,6	104,7	9,0	56,2	2,2	0,6
11.09.2025 08:56:58	243,7	37,3	11,6	5,0	0,9	32,2	146,9	60,8	10,4	47,8	3,8	0,7
11.09.2025 08:57:04	575,4	46,7	9,7	2,5	1,1	44,2	322,4	102,5	9,9	63,2	1,9	0,9
11.09.2025 08:57:10	358,6	34,9	6,8	2,1	0,7	32,8	211,2	76,9	6,6	47,5	1,6	0,5
11.09.2025 08:57:16	258,0	46,9	12,6	6,6	1,1	40,3	660,2	86,4	10,8	60,9	4,9	0,8
11.09.2025 08:57:22	342,8	47,8	16,3	5,8	1,1	41,9	210,8	89,4	14,2	58,8	4,4	0,9
11.09.2025 08:57:28	157,1	38,8	12,0	4,9	1,1	33,8	1567,0	62,0	10,8	49,4	3,7	0,9
11.09.2025 08:57:34	134,5	21,2	6,5	5,3	1,5	15,9	92,7	46,7	5,2	27,0	4,0	1,2
11.09.2025 08:57:40	130,0	32,2	14,7	6,8	1,1	25,4	92,2	51,8	12,3	36,8	5,2	0,8
11.09.2025 08:57:46	312,4	38,1	7,2	3,8	0,9	34,3	1160,6	76,6	7,3	53,2	2,9	0,7
11.09.2025 08:57:52	191,7	40,0	11,7	5,7	1,3	34,3	137,4	74,9	10,3	51,5	4,3	1,0
11.09.2025 08:57:58	249,1	2,9	1,6	1,4	0,8	1,5	145,4	44,6	1,3	3,2	1,1	0,6
11.09.2025 08:58:04	167,1	67,5	14,4	5,8	1,2	61,7	139,9	97,1	13,3	91,3	4,4	0,9
11.09.2025 08:58:10	112,9	47,9	15,0	5,6	1,2	42,3	93,3	64,9	13,3	60,3	4,2	0,9
11.09.2025 08:58:16	866,1	37,8	18,8	9,3	1,4	28,5	407,8	87,5	15,6	42,4	7,0	1,1
11.09.2025 08:58:22	148,7	40,1	7,9	5,2	1,4	34,9	113,6	67,6	7,2	55,0	3,9	1,1
11.09.2025 08:58:28	429,0	50,5	20,1	8,7	1,1	41,8	227,4	78,4	16,6	59,3	6,6	0,9
11.09.2025 08:58:34	271,1	43,5	10,8	4,0	1,3	39,5	176,1	79,7	9,7	56,4	3,0	1,0
11.09.2025 08:58:40	298,5	39,0	12,2	5,3	1,8	33,7	175,7	67,2	11,4	49,7	4,0	1,4
11.09.2025 08:58:46	133,0	41,1	15,6	7,1	1,4	34,0	100,1	61,9	13,0	49,4	5,4	1,1
11.09.2025 08:58:52	654,8	40,6	18,0	8,0	1,3	32,6	294,3	62,5	15,6	47,7	6,1	1,0
11.09.2025 08:58:58	217,0	34,6	8,8	4,3	1,2	30,3	147,2	70,7	9,2	47,4	3,3	1,0
11.09.2025 08:59:04	261,2	58,3	12,9	6,1	1,2	52,2	192,8	108,1	12,2	79,1	4,6	0,9
11.09.2025 08:59:10	223,6	51,1	13,5	6,2	1,1	45,0	162,7	91,2	11,8	66,4	4,7	0,8
11.09.2025 08:59:16	177,5	53,0	10,6	4,5	1,2	48,5	132,6	77,8	10,2	72,2	3,4	0,9
11.09.2025 08:59:22	197,2	41,9	9,7	4,7	1,3	37,2	135,8	69,8	8,5	55,7	3,6	1,0
11.09.2025 08:59:28	717,0	40,5	8,5	4,8	1,3	35,7	349,1	83,7	8,4	56,0	3,7	1,0
11.09.2025 08:59:34	441,6	59,2	12,8	6,3	1,3	52,9	267,5	107,0	11,3	79,0	4,7	1,0
11.09.2025 08:59:40	134,4	44,4	7,6	3,6	1,3	40,8	107,3	68,7	7,2	61,4	2,7	1,0
11.09.2025 08:59:46	272,1	23,6	8,3	5,5	1,2	18,0	150,5	46,7	7,1	29,6	4,2	0,9
11.09.2025 08:59:52	249,0	62,0	16,7	7,2	1,5	54,7	183,3	106,0	14,1	79,7	5,4	1,2
11.09.2025 08:59:58	163,7	46,3	13,7	5,9	1,1	40,3	116,9	65,7	11,8	59,1	4,5	0,9
11.09.2025 09:00:04	361,8	45,8	11,5	6,3	1,4	39,5	233,7	101,3	11,0	61,8	4,8	1,1
11.09.2025 09:00:10	78,2	39,6	13,9	6,5	1,2	33,1	67,1	50,1	11,8	49,1	4,9	1,0
11.09.2025 09:00:16	128,6	42,0	12,3	5,9	1,3	36,1	99,1	62,7	10,5	53,5	4,4	1,0
11.09.2025 09:00:22	216,8	43,7	12,1	6,0	1,4	37,7	149,4	76,2	10,7	56,7	4,5	1,1
11.09.2025 09:00:28	148,8	51,6	9,2	6,2	1,5	45,4	119,5	78,6	8,0	71,0	4,7	1,1
11.09.2025 09:00:34	353,8	39,0	15,5	6,7	1,7	32,3	180,2	56,6	13,8	47,4	5,1	1,3
11.09.2025 09:00:40	536,0	28,1	7,6	5,6	1,3	22,5	291,7	82,8	6,4	36,8	4,3	1,0
11.09.2025 09:00:46	173,5	39,5	11,7	5,1	1,6	34,4	126,7	71,2	10,6	50,9	3,9	1,3
11.09.2025 09:00:52	200,9	39,9	12,0	6,2	1,5	33,7	135,8	67,7	10,0	50,7	4,7	1,2
11.09.2025 09:00:58	1099,5	34,8	11,5	7,4	1,6	27,4	370,9	50,2	9,7	43,7	5,6	1,2
11.09.2025 09:01:04	318,6	34,8	11,4	4,7	1,4	30,2	184,7	66,4	10,5	43,8	3,5	1,1
11.09.2025 09:01:10	273,8	31,2	10,7	4,8	1,1	26,3	154,7	53,3	9,5	38,8	3,7	0,9
11.09.2025 09:01:16	161,6	38,5	16,1	8,0	1,9	30,5	117,0	66,0	14,2	46,3	6,0	1,4
11.09.2025 09:01:22	317,1	50,7	8,1	3,6	1,4	47,1	204,4	93,6	8,9	72,3	2,8	1,1
11.09.2025 09:01:28	101,1	44,1	11,4	5,8	1,4	38,4	86,6	61,8	10,4	58,5	4,4	1,1
11.09.2025 09:01:34	169,1	48,4	23,4	11,8	2,0	36,6	122,5	72,7	19,0	54,4	8,9	1,6
11.09.2025 09:01:40	133,3	31,2	18,5	8,0	1,7	23,3	92,8	51,2	15,5	32,5	6,0	1,3
11.09.2025 09:01:46	115,9	18,2	4,9	3,8	1,6	14,4	79,3	39,1	4,2	23,9	2,9	1,2
11.09.2025 09:01:52	140,8	24,3	7,9	3,3	1,2	21,0	94,0	44,8	7,9	31,7	2,5	1,0
11.09.2025 09:01:58	273,0	49,2	9,3	5,2	1,7	44,0	182,2	86,6	8,6	67,4	3,9	1,3
11.09.2025 09:02:04	234,9	42,5	12,1	6,2	1,9	36,3	145,0	65,1	11,2	55,8	4,7	1,5
11.09.2025 09:02:10	165,9	43,5	15,6	7,6	1,6	35,9	121,7	70,9	13,3	53,6	5,7	1,2
11.09.2025 09:02:16	343,2	30,3	8,3	4,3	1,5	26,0	197,9	68,2	7,4	39,3	3,2	1,2
11.09.2025 09:02:22	181,9	19,2	7,1	5,7	1,7	13,4	113,4	45,9	5,7	23,5	4,3	1,3
11.09.2025 09:02:28	1158,9	43,6	12,7	4,9	1,6	38,7	414,3	72,2	12,3	57,1	3,7	1,2
11.09.2025 09:02:34	512,5	32,9	16,1	7,7	1,8	25,2	277,0	79,4	13,6	37,3	5,8	1,4
11.09.2025 09:02:40	93,2	53,7	16,5	7,9	1,6	45,8	83,3	65,4	14,0	67,7	6,0	1,3
11.09.2025 09:02:46	154,8	68,6	20,4	9,6	1,8	59,0	131,9	94,8	18,2	88,6	7,2	1,4
11.09.2025 09:02:52	175,9	40,4	9,8	4,6	1,8	35,9	123,6	65,9	9,1	53,5	3,5	1,4
11.09.2025 09:02:58	175,3	30,8	10,8	4,6	1,7	26,2	120,0	60,7	9,0	37,0	3,5	1,3
11.09.2025 09:03:04	193,9	46,7	15,7	7,8	1,5	38,9	135,5	73,2	13,3	57,9	5,9	1,2
11.09.2025 09:03:10	220,6	38,9	14,5	6,8	1,4	32,1	130,4	54,8	11,8	46,2	5,1	1,1
11.09.2025 09:03:16	222,9	42,7	15,2	5,9	1,4	36,8	143,9	66,6	13,2	52,2	4,4	1,1
11.09.2025 09:03:22	377,5	41,8	16,4	7,4	1,6	34,5	221,8	82,9	14,6	50,7	5,6	1,3
11.09.2025 09:03:28	186,2	41,8	15,3	7,6	1,5	34,2	126,2	64,7	12,7	51,1	5,8	1,1
11.09.2025 09:03:34	128,5	25,1	12,5	6,2	1,4	18,9	82,1	38,3	10,1	27,4	4,7	1,1
11.09.2025 09:03:40	349,4	30,7	15,0	5,9	1,7	24,8	197,4	65,7	12,7	34,0	4,5	1,3
11.09.2025 09:03:46	157,9	28,9	16,7	9,1	1,6	19,8	99,7	45,4	13,0	30,0	6,9	1,3
11.09.2025 09:03:52	171,3	33,1	18,0	7,7	1,6	25,4	114,6	58,1	14,0	34,2	5,8	1,2
11.09.2025 09:03:58	570,2	31,1	12,8	6,3	1,9	24,8	243,3	43,8	10,3	36,1	4,7	1,5
11.09.2025 09:04:04	449,4	30,7	8,9	5,3	1,7	25,4	226,7	59,7	7,5	39,3	4,0	1,3
11.09.2025 09:04:10	257,3	37,8	7,5	5,0	1,4	32,9	156,4	65,0	7,0	52,0	3,7	1,1
11.09.2025 09:04:16	155,9	38,8	20,2	10,1	1,7	28,6	104,3	54,5	16,1	41,9	7,6	1,3
11.09.2025 09:04:22	545,9	41,9	12,6	6,4	1,6	35,6	313,1	102,7	10,9	52,9	4,8	1,2
11.09.2025 09:04:28	66,3	28,7	12,8	6,7	1,7	22,0	53,4	37,6	10,7	33,0	5,0	1,3
11.09.2025 09:04:34	864,5	28,0	9,9	3,9	1,5	24,1	393,8	72,1	8,3	33,6	3,0	1,2
11.09.2025 09:04:40	248,2	40,8	16,8	8,3	1,5	32,5	147,2	61,0	13,6	48,0	6,2	1,1
11.09.2025 09:04:46	147,0	37,2	17,8	9,0	1,8	28,3	98,7	52,1	14,4	41,5	6,8	1,4
11.09.2025 09:04:52	136,4	26,5	8,0	4,0	1,4	22,4	90,9	44,1	7,1	33,7	3,1	1,1
11.09.2025 09:04:58	4,7	4,7	4,7	4,6	3,8	0,1	3,7	3,7	3,7	3,7	3,6	3,1
11.09.2025 09:05:04	19,9	17,9	10,5	6,9	4,0	11,0	19,6	18,2	9,0	19,5	5,4	3,3
11.09.2025 09:05:10	42,9	23,4	13,2	7,8	4,4	15,6	35,3	26,9	10,9	25,0	6,1	3,6
11.09.2025 09:05:16	331,9	36,7	16,3	8,6	4,9	28,0	162,8	47,5	13,8	42,7	6,8	3,9
11.09.2025 09:05:22	6,9	6,9	6,9	6,5	5,2	0,4	5,4	5,4	5,4	5,4	5,2	4,2
11.09.2025 09:05:28	159,5	11,8	10,3	7,8	5,5	4,0	78,4	18,0	8,3	9,8	6,2	4,5
11.09.2025 09:05:34	47,2	27,3	14,6	7,9	5,5	19,4	39,7	30,9	12,2	29,4	6,3	4,5
11.09.2025 09:05:40	65,0	16,9	10,3	7,6	5,6	9,3	45,4	25,7	8,4	17,7	6,0	4,5
11.09.2025 09:05:46	84,4	23,0	12,8	8,0	5,4	15,0	60,4	35,1	10,7	25,0	6,3	4,4
11.09.2025 09:05:52	18,3	18,2	14,1	9,1	5,4	9,1	17,4	17,2	12,0	17,4	7,1	4,4
11.09.2025 09:05:58	37,0	18,6	9,7	6,5	5,5	12,2	31,1	23,2	8,4	20,9	5,2	4,4
11.09.2025 09:06:04	17,7	16,1	11,4	7,6	5,6	8,4	15,3	14,3	9,0	15,2	6,0	4,5
11.09.2025 09:06:10	23,0	16,8	10,9	7,4	5,3	9,4	19,5	16,8	8,9	17,0	5,8	4,3
11.09.2025 09:06:16	17,1	16,7	12,4	8,4	5,6	8,3	15,7	15,2	10,0	15,7	6,6	4,5
11.09.2025 09:06:22	77,4	16,1	7,7	6,1	5,5	10,0	53,5	28,3	6,4	18,2	4,9	4,5
11.09.2025 09:06:28	6,4	6,4	6,4	6,3	5,4	0,1	5,1	5,1	5,1	5,1	5,0	4,4
11.09.2025 09:06:34	132,7	23,3	10,4	8,3	5,7	15,0	91,0	46,2	8,8	28,0	6,5	4,6
11.09.2025 09:06:40	89,8	28,3	17,4	10,5	6,2	17,9	64,5	39,2	14,1	29,1	8,2	5,0
11.09.2025 09:06:46	62,6	14,6	8,3	6,7	6,0	7,8	43,9	24,3	7,3	16,3	5,4	4,9
11.09.2025 09:06:52	17,4	17,3	15,0	9,5	5,8	7,9	14,4	14,3	11,8	14,4	7,4	4,7
11.09.2025 09:06:58	132,3	27,6	14,5	9,3	5,5	18,3	84,7	40,4	11,6	30,0	7,3	4,5
11.09.2025 09:07:04	14,9	14,9	13,8	10,3	6,0	4,6	12,2	12,2	11,0	12,2	8,1	4,8
11.09.2025 09:07:10	1030,4	15,8	12,6	8,5	6,5	7,4	316,3	16,9	10,7	14,6	6,7	5,2
11.09.2025 09:07:16	56,2	14,4	12,7	8,8	5,9	5,6	36,5	19,6	9,8	11,4	7,0	4,8
11.09.2025 09:07:22	39,4	19,8	10,6	7,3	5,9	12,5	32,1	23,6	8,8	21,8	5,8	4,8
11.09.2025 09:07:28	6,2	6,2	6,2	6,1	5,3	0,1	5,0	5,0	5,0	5,0	4,9	4,3
11.09.2025 09:07:34	53,5	11,6	8,8	6,9	6,0	4,7	36,8	19,8	7,8	11,7	5,5	4,8
11.09.2025 09:07:40	22,3	15,8	8,4	6,4	5,5	9,4	19,9	16,8	6,9	17,4	5,1	4,5
11.09.2025 09:07:46	15,0	15,0	14,0	9,4	6,0	5,7	11,6	11,6	10,8	11,6	7,3	4,8
11.09.2025 09:07:52	14,6	14,2	10,1	7,8	6,5	6,4	14,5	14,0	8,7	14,5	6,2	5,3
11.09.2025 09:07:58	555,7	16,6	9,7	7,0	6,1	9,6	227,4	28,3	8,3	18,0	5,6	4,9
11.09.2025 09:08:04	10,9	10,9	10,2	8,0	6,0	2,9	8,5	8,5	8,0	8,5	6,3	4,8
11.09.2025 09:08:10	22,5	16,2	10,2	7,6	6,1	8,7	19,2	16,5	8,4	16,6	6,0	4,9
11.09.2025 09:08:16	14,9	13,2	8,9	6,9	6,0	6,3	13,2	12,2	7,2	13,1	5,6	4,9
11.09.2025 09:08:22	18,2	18,2	16,3	10,4	6,1	7,8	14,0	14,0	12,5	14,0	8,2	5,0
11.09.2025 09:08:28	13,6	13,5	10,9	7,6	6,6	5,9	11,6	11,5	8,8	11,6	6,1	5,3
11.09.2025 09:08:34	12,2	12,1	9,3	6,7	6,2	5,4	11,2	11,1	7,8	11,2	5,4	5,0
11.09.2025 09:08:40	14,5	14,5	12,4	8,4	6,0	6,1	11,9	11,8	9,9	11,9	6,7	4,9
11.09.2025 09:08:46	23,6	17,0	9,6	7,4	6,0	9,6	20,9	17,8	7,9	18,3	5,9	4,9
11.09.2025 09:08:52	9,3	9,3	8,4	6,8	5,9	2,5	7,9	7,9	7,0	7,9	5,5	4,8
11.09.2025 09:08:58	16,1	14,4	9,3	6,9	6,0	7,6	14,8	13,7	7,8	14,7	5,5	4,9
11.09.2025 09:09:04	6,7	6,7	6,7	6,5	5,8	0,1	5,3	5,3	5,3	5,3	5,3	4,7
11.09.2025 09:09:10	10,5	10,5	9,7	7,8	5,7	2,7	8,8	8,8	7,9	8,8	6,2	4,6
11.09.2025 09:09:16	13,7	13,7	12,5	8,6	6,0	5,1	10,6	10,6	9,7	10,6	6,8	4,8
11.09.2025 09:09:22	15,2	15,2	13,9	8,9	5,7	6,3	11,7	11,7	10,7	11,7	7,0	4,6
11.09.2025 09:09:28	8,3	8,3	8,2	7,6	5,9	0,7	6,5	6,5	6,5	6,5	6,0	4,7
11.09.2025 09:09:34	6,6	6,6	6,6	6,5	5,7	0,1	5,3	5,3	5,3	5,3	5,2	4,6
11.09.2025 09:09:40	51,8	10,0	9,3	7,6	6,1	2,4	33,2	16,3	7,4	8,1	6,1	4,9
11.09.2025 09:09:46	29,3	23,0	15,8	10,0	5,9	13,0	25,3	22,5	12,8	22,8	7,8	4,8
11.09.2025 09:09:52	18,6	18,2	13,0	8,8	6,7	9,4	18,2	17,7	11,1	18,2	7,0	5,4
11.09.2025 09:09:58	88,4	9,5	8,5	7,2	6,4	2,2	50,0	16,7	7,1	8,1	5,8	5,2
11.09.2025 09:10:04	11,6	11,6	8,9	6,6	6,0	5,0	10,7	10,6	7,6	10,7	5,3	4,8
11.09.2025 09:10:10	5,8	5,8	5,8	5,8	5,6	0,0	4,7	4,7	4,7	4,7	4,7	4,5
11.09.2025 09:10:16	81,1	19,4	8,6	7,4	6,2	12,0	58,9	33,2	7,5	23,5	5,9	5,0
11.09.2025 09:10:22	7,7	7,7	7,7	7,4	6,1	0,3	6,1	6,1	6,1	6,1	5,9	4,9
11.09.2025 09:10:28	11,3	11,3	10,6	8,1	6,3	3,2	8,8	8,8	8,3	8,8	6,4	5,1
11.09.2025 09:10:34	11,2	11,1	9,0	6,7	5,8	4,4	10,4	10,3	7,7	10,4	5,4	4,7
11.09.2025 09:10:40	21,7	19,7	13,1	8,3	5,4	11,4	19,8	18,4	10,5	19,7	6,5	4,4
11.09.2025 09:10:46	11,8	11,8	9,9	6,2	5,4	5,6	9,8	9,8	8,0	9,8	5,0	4,4
11.09.2025 09:10:52	163,0	13,6	9,6	7,6	5,5	6,0	82,1	20,7	7,7	13,3	6,0	4,5
11.09.2025 09:10:58	58,4	14,9	10,3	7,6	5,9	7,3	39,8	21,9	8,2	14,6	6,0	4,8
11.09.2025 09:11:04	17,4	17,4	15,4	9,5	5,5	8,0	14,0	14,0	12,1	14,0	7,4	4,4
11.09.2025 09:11:10	89,2	10,3	9,8	7,7	6,1	2,5	49,9	16,6	7,7	8,0	6,2	4,9
11.09.2025 09:11:16	15,9	15,8	13,5	9,5	5,4	6,4	13,2	13,1	10,7	13,2	7,4	4,4
11.09.2025 09:11:22	41,0	26,6	11,2	7,8	6,3	18,7	37,0	30,2	9,4	31,8	6,2	5,1
11.09.2025 09:11:28	23,8	17,5	11,4	7,8	5,9	9,7	20,8	18,1	9,6	18,2	6,2	4,8
11.09.2025 09:11:34	35,3	17,4	12,5	9,0	6,3	8,4	27,0	19,6	10,1	16,8	7,1	5,1
11.09.2025 09:11:40	11,1	11,1	10,0	7,3	5,4	3,8	8,6	8,6	7,8	8,6	5,8	4,4
11.09.2025 09:11:46	11,6	11,6	10,5	7,7	6,0	3,9	9,0	9,0	8,2	9,0	6,1	4,8
11.09.2025 09:11:52	6,9	6,9	6,9	6,7	5,7	0,2	5,5	5,5	5,5	5,5	5,4	4,6
11.09.2025 09:11:58	10,4	10,4	9,5	7,0	5,5	3,4	8,1	8,1	7,4	8,1	5,6	4,4
11.09.2025 09:12:04	40,7	16,7	8,4	7,2	5,9	9,5	31,7	21,7	6,9	19,0	5,7	4,7
11.09.2025 09:12:10	20,5	18,7	12,4	8,8	6,0	10,0	19,1	17,9	10,4	19,0	6,9	4,9
11.09.2025 09:12:16	10,0	10,0	8,8	6,5	5,9	3,5	7,8	7,8	6,9	7,8	5,2	4,8
11.09.2025 09:12:22	24,6	18,4	12,2	8,4	5,8	10,0	20,1	17,4	9,6	17,6	6,6	4,7
11.09.2025 09:12:28	13,7	13,7	12,2	8,2	5,9	5,5	11,3	11,2	9,8	11,3	6,5	4,7
11.09.2025 09:12:34	11,8	11,8	10,1	7,3	5,9	4,4	9,8	9,8	8,2	9,8	5,9	4,7
11.09.2025 09:12:40	1531,3	20,8	15,0	9,4	5,6	11,4	505,6	24,7	12,2	19,8	7,4	4,5
11.09.2025 09:12:46	40,2	25,7	10,0	7,3	5,6	18,4	37,0	30,2	8,7	31,8	5,8	4,5
11.09.2025 09:12:52	97,2	16,6	11,5	8,4	6,3	8,2	58,3	24,0	9,5	16,3	6,6	5,1
11.09.2025 09:12:58	24,7	18,4	10,9	7,3	5,6	11,2	21,9	19,1	9,1	19,3	5,8	4,5
11.09.2025 09:13:04	12,6	12,6	11,0	7,7	5,6	4,8	10,4	10,4	8,9	10,4	6,1	4,5
11.09.2025 09:13:10	13,6	13,2	10,4	7,9	5,8	5,3	12,0	11,6	8,3	12,0	6,3	4,7
11.09.2025 09:13:16	12,4	12,1	9,3	7,6	5,6	4,5	11,8	11,4	7,8	11,8	6,0	4,5
