<Header>
User name: CF
Location: laboratory
# of Location: 1
Model: 1.109
Serial No.: 9G050007
Firmware revision: 12.30E
Software revision: 7-1 Rev XII (27-02-2019)
Unit: dM [ug/m3]
C-factor: 1,00
Comment: test room aerosol conditions
online data
<Data>
[d&t31.12.2035 11:50:55]	0,30 um	0,40 um	0,50 um	0,65 um	0,80 um	1,00 um	1,60 um	2,00 um	3,00 um	4,00 um	5,00 um	7,50 um	10,00 um	15,00 um	20,00 um
11.09.2025 08:32:31	1,49	2,63	3,55	3,61	2,53	2,24	1,59	12,76	0,00	12,41	0,00	0,00	0,00	510,72	1701,70
11.09.2025 08:32:37	1,42	2,88	3,14	3,58	2,08	2,84	1,98	4,25	5,84	6,20	16,62	0,00	0,00	0,00	0,00
11.09.2025 08:32:43	1,55	2,74	3,68	3,42	2,58	2,54	4,37	2,13	2,92	6,20	33,24	45,60	0,00	0,00	0,00
11.09.2025 08:32:49	1,57	2,83	3,20	3,35	1,59	2,99	5,56	6,38	8,76	12,41	0,00	0,00	265,89	218,88	1488,98
11.09.2025 08:32:55	1,53	2,77	3,33	3,74	2,18	1,79	3,18	2,13	8,76	0,00	66,47	45,60	132,95	145,92	638,14
11.09.2025 08:33:01	1,45	2,81	3,00	3,01	2,03	1,64	3,97	4,25	2,92	6,20	33,24	45,60	132,95	0,00	0,00
11.09.2025 08:33:07	1,55	2,82	3,16	4,25	1,79	0,90	3,97	7,44	0,00	12,41	16,62	45,60	0,00	145,92	1701,70
11.09.2025 08:33:13	1,42	3,02	3,00	3,71	2,28	2,09	3,97	5,32	14,59	18,61	0,00	91,20	0,00	0,00	1063,56
11.09.2025 08:33:19	1,50	3,03	3,42	4,05	1,74	1,94	1,59	9,57	8,76	6,20	16,62	0,00	0,00	437,76	1914,41
11.09.2025 08:33:25	1,61	2,79	3,55	3,58	2,83	1,94	6,35	9,57	17,51	6,20	0,00	45,60	132,95	437,76	850,85
11.09.2025 08:33:31	1,56	2,63	3,27	3,45	2,18	2,99	2,78	7,44	0,00	24,81	16,62	0,00	265,89	583,68	2552,54
11.09.2025 08:33:37	1,45	2,59	3,21	4,10	1,89	2,09	2,38	5,32	5,84	12,41	0,00	0,00	0,00	72,96	850,85
11.09.2025 08:33:43	1,53	2,85	3,16	3,22	1,98	1,35	4,37	10,64	2,92	0,00	0,00	0,00	0,00	218,88	3616,10
11.09.2025 08:33:49	1,45	2,96	3,21	3,55	2,08	1,94	3,97	7,44	5,84	0,00	0,00	0,00	132,95	948,48	425,42
11.09.2025 08:33:55	1,46	2,70	3,26	3,61	2,18	1,79	7,15	4,25	8,76	6,20	16,62	0,00	0,00	583,68	3616,10
11.09.2025 08:34:01	1,44	3,03	3,29	3,86	2,08	1,79	5,56	6,38	2,92	6,20	33,24	0,00	0,00	72,96	850,85
11.09.2025 08:34:07	1,56	2,77	3,21	3,97	2,08	1,64	5,16	0,00	8,76	12,41	16,62	45,60	0,00	1532,16	1914,41
11.09.2025 08:34:13	1,41	3,08	3,40	3,29	1,94	2,09	3,97	5,32	14,59	0,00	49,85	0,00	0,00	437,76	1914,41
11.09.2025 08:34:19	1,60	2,97	3,39	4,25	2,28	2,39	2,78	4,25	2,92	12,41	49,85	0,00	398,84	0,00	2127,12
11.09.2025 08:34:25	1,47	2,74	3,34	3,76	2,33	1,94	3,18	7,44	14,59	12,41	0,00	91,20	0,00	656,64	1276,27
11.09.2025 08:34:31	1,61	2,74	3,30	3,84	2,53	1,64	5,95	5,32	11,67	0,00	0,00	45,60	0,00	145,92	2765,26
11.09.2025 08:34:37	1,48	3,04	3,38	3,58	2,53	1,05	3,18	4,25	2,92	6,20	16,62	0,00	132,95	145,92	1701,70
11.09.2025 08:34:43	1,58	2,82	3,24	3,32	1,74	2,39	5,16	8,51	11,67	6,20	16,62	45,60	132,95	218,88	1488,98
11.09.2025 08:34:49	1,37	3,01	3,65	3,81	1,79	1,79	3,57	7,44	0,00	6,20	33,24	45,60	0,00	0,00	1063,56
11.09.2025 08:34:55	1,56	2,81	2,82	3,32	1,89	2,39	3,57	4,25	11,67	0,00	66,47	45,60	0,00	0,00	1063,56
11.09.2025 08:35:01	1,59	2,79	3,24	3,94	1,98	2,39	2,38	2,13	2,92	12,41	33,24	0,00	0,00	72,96	850,85
11.09.2025 08:35:07	1,52	2,75	3,39	3,71	2,53	3,59	5,16	5,32	2,92	6,20	0,00	0,00	0,00	0,00	1063,56
11.09.2025 08:35:13	1,39	2,75	3,44	4,18	2,08	2,84	5,16	12,76	5,84	0,00	0,00	0,00	398,84	875,52	2765,26
11.09.2025 08:35:19	1,53	2,77	3,26	3,27	2,03	2,09	2,38	8,51	5,84	12,41	16,62	0,00	132,95	72,96	850,85
11.09.2025 08:35:25	1,47	2,69	3,65	3,81	2,08	1,50	3,57	9,57	5,84	6,20	49,85	0,00	0,00	0,00	0,00
11.09.2025 08:35:31	1,52	2,71	3,09	3,81	2,08	1,50	3,97	10,64	2,92	12,41	16,62	0,00	0,00	291,84	1276,27
11.09.2025 08:35:37	1,38	2,98	3,66	3,55	1,39	1,64	6,75	5,32	2,92	18,61	16,62	0,00	0,00	364,80	3190,68
11.09.2025 08:35:43	1,58	2,81	3,46	3,86	2,38	2,39	3,57	2,13	0,00	6,20	0,00	91,20	132,95	72,96	1914,41
11.09.2025 08:35:49	1,48	3,05	3,62	3,50	1,69	1,94	3,57	4,25	2,92	6,20	66,47	0,00	265,89	145,92	638,14
11.09.2025 08:35:55	1,52	2,81	3,22	4,02	2,38	1,79	2,38	2,13	11,67	12,41	0,00	0,00	0,00	145,92	1701,70
11.09.2025 08:36:01	1,51	2,75	3,20	3,35	1,79	2,54	5,95	6,38	5,84	0,00	33,24	0,00	0,00	72,96	2977,97
11.09.2025 08:36:07	1,43	2,79	3,35	3,53	2,18	1,05	7,15	4,25	8,76	12,41	0,00	45,60	0,00	729,60	2127,12
11.09.2025 08:36:13	1,58	3,19	3,12	3,42	1,84	2,69	3,57	6,38	5,84	0,00	0,00	0,00	265,89	291,84	2339,83
11.09.2025 08:36:19	1,48	2,61	3,05	4,02	2,18	1,35	3,97	4,25	2,92	6,20	16,62	45,60	0,00	437,76	850,85
11.09.2025 08:36:25	1,50	2,82	3,24	3,66	2,28	3,29	4,76	5,32	11,67	6,20	16,62	0,00	0,00	510,72	2765,26
11.09.2025 08:36:31	1,51	2,93	3,30	3,22	2,48	2,54	5,56	5,32	11,67	24,81	16,62	0,00	132,95	218,88	425,42
11.09.2025 08:36:37	1,58	2,80	2,95	3,92	2,33	2,69	3,97	4,25	17,51	12,41	33,24	0,00	398,84	364,80	1063,56
11.09.2025 08:36:43	1,51	2,83	2,74	3,29	2,43	2,39	3,18	3,19	5,84	0,00	33,24	45,60	132,95	510,72	1701,70
11.09.2025 08:36:49	1,39	2,87	3,00	4,15	1,74	1,64	3,97	5,32	2,92	12,41	33,24	45,60	132,95	0,00	0,00
11.09.2025 08:36:55	1,38	2,49	2,95	3,32	1,64	0,90	6,75	7,44	5,84	6,20	16,62	0,00	0,00	218,88	2552,54
11.09.2025 08:37:01	1,49	2,82	3,13	3,53	1,59	2,39	3,97	6,38	5,84	0,00	33,24	0,00	265,89	510,72	1701,70
11.09.2025 08:37:07	1,39	2,65	3,53	3,84	2,08	1,64	4,37	10,64	5,84	12,41	0,00	91,20	265,89	364,80	2127,12
11.09.2025 08:37:13	1,38	2,72	3,30	3,66	2,28	2,24	2,78	5,32	11,67	0,00	0,00	45,60	132,95	0,00	2127,12
11.09.2025 08:37:19	1,43	2,76	3,42	3,42	1,79	1,20	6,35	4,25	2,92	6,20	0,00	0,00	265,89	145,92	1701,70
11.09.2025 08:37:25	1,57	2,71	3,27	3,37	2,18	2,24	2,78	3,19	2,92	18,61	0,00	0,00	265,89	0,00	1063,56
11.09.2025 08:37:31	1,39	3,03	3,33	3,45	2,38	2,24	5,16	10,64	0,00	0,00	0,00	0,00	0,00	583,68	1488,98
11.09.2025 08:37:37	1,45	2,54	3,35	3,53	2,13	1,35	5,95	4,25	5,84	6,20	33,24	91,20	265,89	583,68	1488,98
11.09.2025 08:37:43	1,40	2,91	3,21	3,37	2,28	0,90	4,37	6,38	2,92	24,81	0,00	45,60	132,95	729,60	1063,56
11.09.2025 08:37:49	1,37	2,67	3,30	3,66	1,84	2,09	3,97	10,64	8,76	12,41	33,24	45,60	265,89	0,00	1063,56
11.09.2025 08:37:55	1,41	2,81	3,52	4,02	2,53	2,09	5,16	5,32	0,00	6,20	0,00	0,00	132,95	364,80	1063,56
11.09.2025 08:38:01	1,54	2,67	3,14	3,71	1,98	2,24	3,97	11,70	2,92	12,41	16,62	45,60	265,89	583,68	2552,54
11.09.2025 08:38:07	1,48	2,72	3,30	3,27	1,94	1,50	4,37	5,32	14,59	6,20	16,62	0,00	0,00	145,92	1701,70
11.09.2025 08:38:13	1,49	2,74	3,11	3,16	2,58	2,39	5,95	3,19	11,67	6,20	0,00	45,60	265,89	729,60	3190,68
11.09.2025 08:38:19	1,47	2,86	3,09	3,32	1,59	2,99	3,97	6,38	11,67	6,20	0,00	0,00	0,00	875,52	1701,70
11.09.2025 08:38:25	1,42	2,76	3,49	3,19	1,84	1,50	5,16	4,25	5,84	18,61	49,85	0,00	0,00	0,00	0,00
11.09.2025 08:38:31	1,51	2,82	2,90	3,24	2,33	2,09	4,76	5,32	0,00	6,20	0,00	45,60	0,00	437,76	2977,97
11.09.2025 08:38:37	1,43	2,52	3,18	3,29	1,79	0,90	3,57	1,06	2,92	6,20	0,00	45,60	132,95	218,88	425,42
11.09.2025 08:38:43	1,46	2,85	2,99	2,83	1,94	1,64	3,97	7,44	11,67	12,41	33,24	45,60	132,95	364,80	1063,56
11.09.2025 08:38:49	1,49	2,69	2,94	3,03	1,59	2,39	3,97	4,25	5,84	12,41	0,00	45,60	132,95	364,80	2127,12
11.09.2025 08:38:55	1,53	2,54	3,07	3,24	1,54	2,54	3,18	7,44	2,92	18,61	0,00	0,00	132,95	0,00	1063,56
11.09.2025 08:39:01	1,45	2,61	3,27	3,55	1,98	1,64	2,78	9,57	5,84	0,00	16,62	0,00	0,00	291,84	1276,27
11.09.2025 08:39:07	1,40	3,03	3,30	3,24	1,59	1,64	4,37	10,64	8,76	0,00	49,85	45,60	0,00	510,72	2765,26
11.09.2025 08:39:13	1,47	2,76	3,31	3,71	2,83	2,69	2,38	11,70	2,92	12,41	16,62	45,60	398,84	1167,36	2977,97
11.09.2025 08:39:19	1,52	2,46	3,55	3,35	1,84	2,24	4,76	5,32	5,84	6,20	66,47	0,00	265,89	364,80	1063,56
11.09.2025 08:39:25	1,48	2,54	3,24	4,25	2,28	1,94	6,75	7,44	2,92	6,20	0,00	45,60	0,00	218,88	1488,98
11.09.2025 08:39:31	1,49	2,55	3,38	3,48	1,84	1,94	3,57	5,32	14,59	24,81	0,00	45,60	0,00	437,76	1914,41
11.09.2025 08:39:37	1,36	2,57	3,27	3,53	1,74	1,94	1,59	8,51	2,92	6,20	49,85	45,60	132,95	0,00	1063,56
11.09.2025 08:39:43	1,40	2,46	2,87	3,42	1,98	1,20	5,95	3,19	0,00	12,41	16,62	91,20	132,95	510,72	1701,70
11.09.2025 08:39:49	1,40	2,83	2,81	3,58	1,74	1,79	3,57	5,32	2,92	18,61	33,24	0,00	132,95	291,84	1276,27
11.09.2025 08:39:55	1,38	2,61	2,69	3,58	1,74	2,54	3,57	4,25	0,00	12,41	0,00	0,00	398,84	291,84	2339,83
11.09.2025 08:40:01	1,34	2,89	3,56	3,99	1,69	1,94	5,56	9,57	8,76	0,00	16,62	0,00	0,00	72,96	850,85
11.09.2025 08:40:07	1,54	2,64	2,83	3,50	1,94	1,64	4,37	9,57	2,92	6,20	16,62	0,00	132,95	948,48	2552,54
11.09.2025 08:40:13	1,34	2,67	3,25	3,24	1,29	1,35	1,59	7,44	8,76	6,20	16,62	0,00	265,89	364,80	2127,12
11.09.2025 08:40:19	1,42	3,09	3,05	3,79	2,08	1,05	6,35	5,32	2,92	6,20	33,24	182,40	0,00	0,00	0,00
11.09.2025 08:40:25	1,69	2,92	3,51	3,86	1,74	1,50	5,95	5,32	14,59	24,81	49,85	0,00	0,00	0,00	1063,56
11.09.2025 08:40:31	1,56	2,74	3,46	2,98	2,03	0,90	6,75	3,19	5,84	6,20	16,62	45,60	132,95	948,48	2552,54
11.09.2025 08:40:37	1,39	2,80	3,35	3,74	2,18	0,90	3,97	3,19	14,59	0,00	0,00	45,60	132,95	364,80	2127,12
11.09.2025 08:40:43	1,52	2,72	2,87	3,09	1,59	1,64	4,37	8,51	5,84	6,20	66,47	91,20	0,00	145,92	1701,70
11.09.2025 08:40:49	1,47	2,83	2,86	3,37	1,98	1,94	5,16	8,51	0,00	6,20	16,62	0,00	132,95	656,64	3403,39
11.09.2025 08:40:55	1,27	2,72	2,80	2,93	1,69	2,24	2,78	4,25	0,00	0,00	49,85	0,00	265,89	364,80	2127,12
11.09.2025 08:41:01	1,57	3,04	2,83	3,22	2,13	2,39	5,56	5,32	2,92	6,20	0,00	0,00	132,95	583,68	3616,10
11.09.2025 08:41:07	1,63	2,65	3,04	4,18	2,48	0,90	3,97	6,38	2,92	0,00	33,24	91,20	265,89	0,00	2127,12
11.09.2025 08:41:13	1,42	2,67	3,25	3,40	2,08	2,54	5,16	6,38	5,84	6,20	33,24	45,60	0,00	1094,40	2127,12
11.09.2025 08:41:19	1,52	2,72	3,16	3,66	1,79	2,39	4,76	4,25	11,67	0,00	33,24	0,00	132,95	1459,20	3190,68
11.09.2025 08:41:25	1,55	2,98	2,81	3,55	2,03	3,14	4,37	4,25	8,76	18,61	16,62	45,60	132,95	802,56	4041,53
11.09.2025 08:41:31	1,48	2,75	3,08	3,61	2,03	1,05	4,76	4,25	17,51	6,20	33,24	45,60	132,95	218,88	2552,54
11.09.2025 08:41:37	1,38	2,85	2,89	2,96	1,89	2,24	4,76	9,57	5,84	6,20	16,62	0,00	132,95	583,68	2552,54
11.09.2025 08:41:43	1,55	2,65	3,65	3,68	2,28	1,50	2,38	11,70	2,92	0,00	49,85	45,60	0,00	1459,20	5317,80
11.09.2025 08:41:49	1,32	2,73	2,76	3,24	2,38	1,94	5,16	5,32	8,76	12,41	16,62	0,00	0,00	0,00	2127,12
11.09.2025 08:41:55	1,52	2,74	3,00	3,16	1,84	2,39	1,98	9,57	0,00	12,41	16,62	0,00	265,89	729,60	3190,68
11.09.2025 08:42:01	1,54	2,70	2,82	3,27	1,94	2,09	2,78	9,57	2,92	6,20	16,62	45,60	132,95	948,48	2552,54
11.09.2025 08:42:07	1,42	2,72	3,17	3,27	2,13	0,75	4,37	6,38	2,92	24,81	16,62	91,20	398,84	218,88	4679,66
11.09.2025 08:42:13	1,48	2,72	3,43	2,83	1,89	3,14	6,35	8,51	14,59	12,41	33,24	91,20	132,95	1167,36	4041,53
11.09.2025 08:42:19	1,53	2,67	2,98	3,01	1,74	2,39	2,78	4,25	8,76	0,00	16,62	45,60	265,89	875,52	1701,70
11.09.2025 08:42:25	1,49	2,89	2,94	3,63	2,13	2,09	4,76	17,02	5,84	0,00	33,24	45,60	132,95	656,64	3403,39
11.09.2025 08:42:31	1,56	2,57	3,02	3,09	2,08	1,94	7,15	7,44	5,84	0,00	83,09	91,20	132,95	1240,32	5955,94
11.09.2025 08:42:37	1,51	2,68	3,05	3,03	1,74	1,64	3,97	7,44	0,00	12,41	49,85	91,20	265,89	583,68	4679,66
11.09.2025 08:42:43	1,54	2,59	3,16	3,63	1,69	1,94	4,76	4,25	8,76	6,20	16,62	45,60	0,00	1386,24	2339,83
11.09.2025 08:42:49	1,47	2,75	2,83	3,48	1,89	2,09	5,16	10,64	8,76	6,20	16,62	0,00	398,84	0,00	3190,68
11.09.2025 08:42:55	1,37	2,77	3,26	2,98	1,64	3,14	2,38	3,19	5,84	12,41	99,71	45,60	132,95	0,00	2127,12
11.09.2025 08:43:01	1,51	2,72	2,81	3,79	1,69	1,05	2,38	7,44	11,67	31,01	49,85	136,80	531,78	72,96	2977,97
11.09.2025 08:43:07	1,47	2,67	3,12	3,29	1,44	1,94	4,76	6,38	2,92	18,61	99,71	45,60	398,84	510,72	5955,94
11.09.2025 08:43:13	1,42	2,74	3,30	2,83	1,34	2,84	3,57	11,70	0,00	18,61	49,85	0,00	132,95	1313,28	4679,66
11.09.2025 08:43:19	1,43	2,81	3,00	3,14	1,94	1,35	4,76	2,13	5,84	0,00	0,00	45,60	132,95	875,52	2765,26
11.09.2025 08:43:25	1,46	2,96	2,85	3,68	1,39	1,50	3,97	9,57	17,51	31,01	33,24	0,00	265,89	0,00	1063,56
11.09.2025 08:43:31	1,36	2,59	3,08	3,42	1,84	1,64	3,18	9,57	8,76	6,20	33,24	91,20	265,89	0,00	3190,68
11.09.2025 08:43:37	1,43	2,72	2,96	3,84	1,54	2,54	6,75	8,51	5,84	43,42	16,62	0,00	132,95	875,52	4892,38
11.09.2025 08:43:43	1,53	2,88	2,58	3,55	2,18	1,64	5,16	11,70	5,84	37,22	49,85	0,00	398,84	1313,28	4679,66
11.09.2025 08:43:49	1,48	2,70	3,02	3,66	2,03	1,79	3,97	4,25	11,67	6,20	16,62	0,00	132,95	0,00	2127,12
11.09.2025 08:43:55	1,33	2,61	2,72	3,32	1,84	2,99	2,78	5,32	14,59	6,20	49,85	0,00	132,95	656,64	3403,39
11.09.2025 08:44:01	1,55	2,66	3,30	3,50	1,64	1,64	3,97	6,38	11,67	24,81	49,85	45,60	398,84	1386,24	3403,39
11.09.2025 08:44:07	1,56	2,62	3,16	3,48	1,49	2,09	4,37	10,64	2,92	24,81	0,00	182,40	531,78	72,96	2977,97
11.09.2025 08:44:13	1,50	2,95	3,38	3,09	2,38	2,54	4,37	9,57	5,84	37,22	66,47	136,80	398,84	729,60	6381,36
11.09.2025 08:44:19	1,24	2,25	2,58	3,66	1,34	1,94	3,57	3,19	8,76	37,22	33,24	45,60	265,89	0,00	1063,56
11.09.2025 08:44:25	1,71	2,73	3,17	2,65	2,38	1,35	7,15	11,70	11,67	24,81	0,00	91,20	398,84	583,68	5743,22
11.09.2025 08:44:31	1,43	2,73	3,61	3,48	1,64	1,94	5,56	9,57	5,84	18,61	49,85	91,20	132,95	364,80	4254,24
11.09.2025 08:44:37	1,66	2,67	2,64	3,48	1,98	1,05	5,56	11,70	23,35	43,42	16,62	0,00	132,95	1532,16	5105,09
11.09.2025 08:44:43	1,48	2,65	3,05	3,35	1,49	1,64	4,76	7,44	5,84	6,20	49,85	91,20	0,00	1313,28	4679,66
11.09.2025 08:44:49	1,43	2,74	3,12	3,74	2,33	1,50	4,76	11,70	17,51	37,22	49,85	0,00	664,73	218,88	5743,22
11.09.2025 08:44:55	1,43	2,82	3,13	3,74	2,33	2,39	3,97	10,64	17,51	6,20	49,85	182,40	132,95	1313,28	6806,78
11.09.2025 08:45:01	1,36	2,87	3,25	3,32	1,44	2,54	5,16	6,38	14,59	6,20	83,09	136,80	132,95	0,00	4254,24
11.09.2025 08:45:07	1,49	2,75	3,29	3,92	2,18	2,24	8,34	8,51	29,18	0,00	16,62	45,60	531,78	2261,77	6168,65
11.09.2025 08:45:13	1,35	2,91	3,40	2,98	1,29	2,54	3,57	10,64	11,67	24,81	16,62	0,00	531,78	364,80	3190,68
11.09.2025 08:45:19	1,43	2,75	3,18	3,40	2,03	1,35	7,54	14,89	17,51	24,81	33,24	0,00	531,78	0,00	2127,12
11.09.2025 08:45:25	1,41	2,83	3,17	2,88	1,74	1,50	6,75	5,32	8,76	0,00	33,24	91,20	265,89	0,00	1063,56
11.09.2025 08:45:31	1,50	2,84	3,08	3,29	2,08	2,24	5,95	8,51	8,76	43,42	49,85	0,00	398,84	948,48	5743,22
11.09.2025 08:45:37	1,49	2,79	3,02	3,40	1,74	2,69	5,16	9,57	14,59	18,61	49,85	0,00	265,89	1751,05	8721,19
11.09.2025 08:45:43	1,58	2,67	3,14	3,48	1,59	2,99	8,73	11,70	5,84	55,82	33,24	91,20	0,00	72,96	4041,53
11.09.2025 08:45:49	1,59	2,86	3,20	3,50	1,94	2,39	7,15	14,89	17,51	12,41	16,62	45,60	398,84	802,56	6168,65
11.09.2025 08:45:55	1,49	2,46	2,96	3,22	2,03	2,99	7,94	12,76	26,27	24,81	49,85	91,20	398,84	656,64	7657,63
11.09.2025 08:46:01	1,45	2,57	2,95	3,40	2,28	2,24	5,56	7,44	5,84	6,20	0,00	182,40	797,67	729,60	6381,36
11.09.2025 08:46:07	1,44	2,87	3,30	2,98	1,94	2,69	3,57	11,70	11,67	24,81	33,24	0,00	797,67	218,88	4679,66
11.09.2025 08:46:13	1,59	2,76	3,00	3,58	2,68	2,54	4,76	12,76	11,67	18,61	66,47	228,00	265,89	875,52	8083,06
11.09.2025 08:46:19	1,54	2,67	3,49	3,66	1,74	3,29	5,16	14,89	17,51	31,01	99,71	45,60	1063,56	1824,01	7444,92
11.09.2025 08:46:25	1,54	2,96	3,18	3,61	1,79	2,54	3,18	6,38	23,35	24,81	83,09	45,60	797,67	1678,08	6806,78
11.09.2025 08:46:31	1,46	2,70	3,18	3,89	2,08	2,09	5,16	10,64	17,51	37,22	49,85	0,00	664,73	1386,24	3403,39
11.09.2025 08:46:37	1,58	2,79	3,02	3,24	2,63	2,69	7,54	12,76	32,10	24,81	33,24	0,00	664,73	218,88	4679,66
11.09.2025 08:46:43	1,56	2,84	2,86	3,61	2,18	2,39	5,56	19,14	8,76	24,81	66,47	91,20	664,73	875,52	5955,94
11.09.2025 08:46:49	1,59	3,04	3,18	3,68	1,94	2,69	4,76	7,44	11,67	31,01	33,24	136,80	265,89	1532,16	9359,33
11.09.2025 08:46:55	1,58	2,72	3,36	3,35	2,53	2,24	9,92	12,76	5,84	31,01	33,24	45,60	664,73	1094,40	8508,48
11.09.2025 08:47:01	1,49	3,06	3,31	3,06	1,94	2,84	4,76	7,44	14,59	18,61	83,09	319,20	398,84	1751,05	7657,63
11.09.2025 08:47:07	1,50	2,84	3,12	3,66	1,69	1,64	7,94	14,89	11,67	18,61	66,47	273,60	132,95	1021,44	7657,63
11.09.2025 08:47:13	1,46	3,08	3,39	3,48	1,79	2,39	6,75	15,95	17,51	31,01	66,47	136,80	930,62	1605,12	4892,38
11.09.2025 08:47:19	1,58	2,72	3,38	3,94	2,18	2,09	6,35	11,70	20,43	24,81	49,85	0,00	265,89	1094,40	6381,36
11.09.2025 08:47:25	1,49	2,93	3,27	3,58	2,28	2,54	7,15	11,70	14,59	18,61	33,24	136,80	398,84	1313,28	5743,22
11.09.2025 08:47:31	1,46	2,78	3,13	4,02	2,88	2,39	4,76	14,89	8,76	24,81	66,47	182,40	930,62	0,00	4254,24
11.09.2025 08:47:37	1,48	2,89	3,24	3,68	2,03	2,24	5,16	11,70	20,43	12,41	0,00	410,40	265,89	291,84	7657,63
11.09.2025 08:47:43	1,57	2,75	3,18	3,61	1,79	3,29	6,75	5,32	8,76	31,01	33,24	182,40	265,89	948,48	7870,34
11.09.2025 08:47:49	1,49	2,86	2,95	3,76	1,74	2,69	8,34	12,76	17,51	24,81	99,71	45,60	664,73	1313,28	5743,22
11.09.2025 08:47:55	1,42	2,65	2,89	3,14	2,03	2,24	5,16	11,70	5,84	6,20	33,24	0,00	0,00	948,48	5743,22
11.09.2025 08:48:01	1,36	2,49	3,18	3,99	1,49	1,64	5,16	4,25	5,84	6,20	33,24	45,60	265,89	0,00	3190,68
11.09.2025 08:48:07	1,43	2,56	2,87	3,35	1,79	1,35	5,56	11,70	2,92	18,61	66,47	0,00	132,95	437,76	4041,53
11.09.2025 08:48:13	1,30	2,47	2,78	3,16	1,44	1,64	3,57	6,38	8,76	18,61	16,62	0,00	398,84	875,52	3828,82
11.09.2025 08:48:19	1,44	2,54	2,63	2,85	2,38	1,50	3,57	9,57	8,76	12,41	16,62	45,60	265,89	437,76	4041,53
11.09.2025 08:48:25	1,47	2,25	3,29	3,29	1,84	1,35	5,16	5,32	8,76	24,81	33,24	45,60	265,89	0,00	3190,68
11.09.2025 08:48:31	1,42	2,43	2,94	3,40	2,38	1,94	2,38	7,44	5,84	18,61	0,00	0,00	265,89	729,60	3190,68
11.09.2025 08:48:37	1,41	2,48	2,83	2,33	2,13	1,79	6,35	4,25	5,84	0,00	16,62	0,00	132,95	656,64	4466,95
11.09.2025 08:48:43	1,42	2,31	2,81	3,14	1,49	2,09	4,76	5,32	5,84	12,41	33,24	0,00	132,95	948,48	3616,10
11.09.2025 08:48:49	1,40	2,57	2,83	3,76	1,29	2,54	2,78	2,13	5,84	0,00	33,24	0,00	132,95	0,00	1063,56
11.09.2025 08:48:55	1,33	2,23	3,16	3,22	1,89	1,50	3,18	6,38	2,92	12,41	0,00	45,60	0,00	0,00	1063,56
11.09.2025 08:49:01	1,20	2,66	2,86	3,19	1,84	2,24	5,16	8,51	0,00	0,00	16,62	0,00	132,95	0,00	1063,56
11.09.2025 08:49:07	1,26	2,52	2,91	3,32	1,64	2,09	4,37	4,25	8,76	0,00	33,24	0,00	0,00	437,76	1914,41
11.09.2025 08:49:13	1,31	2,26	2,70	3,68	1,69	3,14	3,18	11,70	2,92	0,00	0,00	0,00	132,95	0,00	1063,56
11.09.2025 08:49:19	1,24	2,46	2,37	3,29	1,69	1,64	5,16	5,32	5,84	0,00	16,62	0,00	0,00	729,60	2127,12
11.09.2025 08:49:25	1,28	2,55	2,99	2,85	2,08	1,79	5,95	7,44	2,92	0,00	49,85	45,60	398,84	291,84	1276,27
11.09.2025 08:49:31	1,38	2,25	3,18	2,91	1,64	1,20	3,97	6,38	8,76	6,20	33,24	45,60	0,00	0,00	2127,12
11.09.2025 08:49:37	1,34	2,51	2,74	2,57	1,39	1,64	6,35	6,38	0,00	0,00	16,62	91,20	265,89	1021,44	2339,83
11.09.2025 08:49:43	1,34	2,32	2,55	3,06	1,94	1,05	3,97	1,06	5,84	12,41	0,00	45,60	0,00	437,76	850,85
11.09.2025 08:49:49	1,26	2,24	2,70	2,91	1,59	2,09	2,38	2,13	5,84	6,20	0,00	45,60	132,95	1021,44	2339,83
11.09.2025 08:49:55	1,36	2,18	2,51	3,45	1,49	0,90	4,76	6,38	14,59	0,00	33,24	0,00	132,95	0,00	1063,56
11.09.2025 08:50:01	1,33	2,53	2,76	3,16	1,89	0,90	8,73	7,44	8,76	6,20	49,85	45,60	0,00	1094,40	4254,24
11.09.2025 08:50:07	1,44	2,34	2,86	3,29	2,38	2,54	6,35	9,57	2,92	12,41	16,62	45,60	0,00	218,88	3616,10
11.09.2025 08:50:13	1,25	2,51	2,77	2,88	1,64	2,24	4,37	4,25	5,84	12,41	16,62	0,00	0,00	0,00	0,00
11.09.2025 08:50:19	1,39	2,51	3,17	3,16	1,84	2,54	6,35	7,44	8,76	18,61	0,00	182,40	265,89	1313,28	6806,78
11.09.2025 08:50:25	1,44	2,53	2,69	2,62	1,74	2,84	3,97	3,19	2,92	12,41	16,62	91,20	265,89	364,80	3190,68
11.09.2025 08:50:31	1,21	2,61	2,61	2,83	2,18	0,90	5,16	5,32	2,92	18,61	16,62	45,60	265,89	437,76	1914,41
11.09.2025 08:50:37	1,44	2,51	2,95	2,85	1,79	1,50	3,18	6,38	5,84	6,20	16,62	0,00	265,89	1021,44	3403,39
11.09.2025 08:50:43	1,31	2,49	2,86	2,88	2,03	1,50	6,75	8,51	11,67	12,41	16,62	0,00	132,95	364,80	2127,12
11.09.2025 08:50:49	1,24	2,45	2,80	3,27	1,54	1,35	3,97	11,70	2,92	6,20	49,85	45,60	265,89	364,80	2127,12
11.09.2025 08:50:55	1,39	2,48	3,00	2,88	2,08	2,39	2,38	7,44	2,92	0,00	0,00	45,60	0,00	0,00	1063,56
11.09.2025 08:51:01	1,39	2,45	3,05	3,55	1,94	2,09	2,38	14,89	5,84	37,22	33,24	0,00	0,00	729,60	3190,68
11.09.2025 08:51:07	1,38	2,54	3,11	3,42	2,13	2,24	3,97	0,00	2,92	6,20	0,00	0,00	0,00	802,56	1914,41
11.09.2025 08:51:13	1,35	2,29	2,85	3,14	1,94	1,35	3,57	10,64	0,00	0,00	0,00	45,60	132,95	291,84	2339,83
11.09.2025 08:51:19	1,37	2,39	2,70	3,53	1,89	1,05	2,38	5,32	5,84	6,20	16,62	45,60	132,95	145,92	1701,70
11.09.2025 08:51:25	1,42	2,43	2,94	2,52	1,79	2,39	2,78	7,44	0,00	12,41	16,62	182,40	132,95	0,00	2127,12
11.09.2025 08:51:31	1,20	2,21	2,87	3,79	1,84	1,05	5,16	6,38	11,67	6,20	33,24	0,00	132,95	729,60	2127,12
11.09.2025 08:51:37	1,21	2,40	2,69	3,35	1,29	1,94	4,37	9,57	2,92	6,20	33,24	91,20	265,89	0,00	2127,12
11.09.2025 08:51:43	1,29	2,34	2,74	3,63	2,03	0,90	4,37	5,32	2,92	6,20	33,24	45,60	0,00	0,00	1063,56
11.09.2025 08:51:49	1,23	2,26	3,25	4,07	2,18	2,39	3,57	2,13	5,84	6,20	33,24	0,00	0,00	0,00	1063,56
11.09.2025 08:51:55	1,23	2,46	2,82	3,45	1,74	1,50	3,18	4,25	5,84	0,00	0,00	0,00	132,95	218,88	1488,98
11.09.2025 08:52:01	1,36	2,55	2,94	3,19	1,59	0,75	3,57	12,76	14,59	6,20	0,00	0,00	132,95	0,00	0,00
11.09.2025 08:52:07	1,36	2,31	2,50	3,79	2,08	1,05	5,16	5,32	5,84	12,41	33,24	45,60	132,95	510,72	1701,70
11.09.2025 08:52:13	1,31	2,36	2,51	3,61	1,98	1,94	3,57	1,06	0,00	12,41	16,62	45,60	265,89	510,72	638,14
11.09.2025 08:52:19	1,39	2,47	2,90	3,45	1,24	1,50	2,38	7,44	2,92	6,20	0,00	45,60	132,95	802,56	850,85
11.09.2025 08:52:25	1,28	2,29	2,52	3,27	1,69	2,39	2,38	5,32	2,92	0,00	33,24	45,60	265,89	0,00	1063,56
11.09.2025 08:52:31	1,34	2,33	2,65	3,53	1,79	1,20	4,37	5,32	2,92	6,20	0,00	45,60	132,95	0,00	0,00
11.09.2025 08:52:37	1,30	2,43	2,74	3,27	1,64	2,99	2,78	5,32	14,59	31,01	33,24	0,00	0,00	729,60	3190,68
11.09.2025 08:52:43	1,38	2,46	2,68	3,01	1,49	1,64	3,18	11,70	11,67	0,00	33,24	0,00	132,95	0,00	2127,12
11.09.2025 08:52:49	1,47	2,26	2,73	3,14	1,59	2,09	1,98	6,38	5,84	12,41	33,24	45,60	132,95	0,00	1063,56
11.09.2025 08:52:55	1,21	2,22	2,63	2,72	2,18	1,50	3,97	4,25	8,76	12,41	0,00	45,60	132,95	0,00	0,00
11.09.2025 08:53:01	1,29	2,31	2,37	3,19	1,79	1,64	3,97	6,38	2,92	12,41	16,62	45,60	0,00	0,00	2127,12
11.09.2025 08:53:07	1,32	2,39	2,67	3,14	1,84	1,50	5,95	5,32	8,76	6,20	16,62	0,00	265,89	145,92	1701,70
11.09.2025 08:53:13	1,29	2,18	3,04	3,03	1,79	2,39	3,18	4,25	5,84	6,20	0,00	45,60	132,95	510,72	3828,82
11.09.2025 08:53:19	1,26	2,50	2,96	3,29	1,59	1,35	1,98	3,19	5,84	6,20	16,62	136,80	265,89	437,76	850,85
11.09.2025 08:53:25	1,35	2,30	2,63	3,09	1,49	1,05	1,98	5,32	0,00	12,41	16,62	136,80	265,89	0,00	2127,12
11.09.2025 08:53:31	1,27	2,43	2,96	2,85	1,29	1,35	4,76	3,19	11,67	6,20	0,00	0,00	265,89	0,00	1063,56
11.09.2025 08:53:37	1,28	2,23	2,33	2,83	1,44	1,79	4,76	7,44	5,84	12,41	49,85	0,00	0,00	291,84	1276,27
11.09.2025 08:53:43	1,42	2,32	3,04	3,01	1,44	1,64	2,38	5,32	8,76	0,00	0,00	136,80	132,95	0,00	1063,56
11.09.2025 08:53:49	1,35	2,34	2,39	2,31	1,94	2,24	6,35	5,32	0,00	12,41	16,62	91,20	531,78	948,48	3616,10
11.09.2025 08:53:55	1,26	2,42	2,95	2,85	1,64	2,24	5,56	5,32	2,92	6,20	0,00	0,00	265,89	0,00	0,00
11.09.2025 08:54:01	1,31	2,25	2,78	2,83	1,39	1,64	3,97	5,32	5,84	6,20	16,62	0,00	132,95	72,96	1914,41
11.09.2025 08:54:07	1,24	2,55	3,00	2,88	1,79	1,64	3,57	12,76	0,00	6,20	33,24	45,60	0,00	875,52	2765,26
11.09.2025 08:54:13	1,36	2,33	2,67	3,01	1,34	1,35	6,35	2,13	2,92	6,20	16,62	45,60	0,00	437,76	2977,97
11.09.2025 08:54:19	1,33	2,18	2,64	3,22	1,69	1,50	3,57	3,19	5,84	12,41	0,00	0,00	0,00	583,68	1488,98
11.09.2025 08:54:25	1,29	2,49	2,54	3,11	2,03	1,35	1,59	7,44	5,84	0,00	16,62	0,00	0,00	0,00	1063,56
11.09.2025 08:54:31	1,40	2,36	2,52	2,31	1,69	2,39	2,38	5,32	0,00	6,20	0,00	0,00	265,89	510,72	2765,26
11.09.2025 08:54:37	1,29	2,44	2,25	2,88	1,84	1,79	1,98	7,44	8,76	6,20	0,00	0,00	0,00	0,00	0,00
11.09.2025 08:54:43	1,21	2,38	2,76	2,72	0,89	2,24	3,57	4,25	11,67	12,41	0,00	91,20	132,95	1167,36	2977,97
11.09.2025 08:54:49	1,26	2,26	2,36	2,59	1,94	1,94	3,97	4,25	5,84	12,41	49,85	45,60	132,95	0,00	1063,56
11.09.2025 08:54:55	1,35	2,32	2,48	2,93	1,94	2,09	1,98	6,38	2,92	12,41	16,62	0,00	398,84	291,84	2339,83
11.09.2025 08:55:01	1,27	2,28	3,04	2,80	2,18	1,94	5,16	6,38	5,84	6,20	16,62	45,60	0,00	0,00	1063,56
11.09.2025 08:55:07	1,48	2,29	2,59	2,88	1,39	1,79	3,18	3,19	5,84	0,00	33,24	0,00	0,00	291,84	1276,27
11.09.2025 08:55:13	1,32	2,18	2,63	3,03	1,49	1,94	5,16	3,19	2,92	0,00	0,00	0,00	132,95	1167,36	2977,97
11.09.2025 08:55:19	1,30	2,34	2,60	2,88	2,03	2,99	1,98	5,32	0,00	24,81	16,62	45,60	132,95	145,92	1701,70
11.09.2025 08:55:25	1,39	2,18	2,67	2,98	2,18	1,79	3,97	6,38	5,84	6,20	0,00	45,60	0,00	364,80	2127,12
11.09.2025 08:55:31	1,26	2,25	2,82	3,48	1,64	1,64	4,76	3,19	5,84	6,20	16,62	91,20	132,95	0,00	1063,56
11.09.2025 08:55:37	1,27	2,39	2,80	2,78	1,39	1,79	4,37	4,25	11,67	6,20	33,24	0,00	398,84	364,80	1063,56
11.09.2025 08:55:43	1,28	2,12	2,20	2,57	1,79	1,94	3,57	7,44	2,92	6,20	0,00	0,00	0,00	437,76	1914,41
11.09.2025 08:55:49	1,38	2,39	2,54	2,85	1,49	2,84	3,97	8,51	5,84	12,41	16,62	0,00	0,00	364,80	2127,12
11.09.2025 08:55:55	1,30	2,45	2,83	2,72	1,84	2,09	3,97	1,06	11,67	6,20	0,00	45,60	132,95	0,00	0,00
11.09.2025 08:56:01	1,26	2,20	2,91	2,88	1,44	1,50	6,75	4,25	5,84	12,41	16,62	91,20	132,95	364,80	1063,56
11.09.2025 08:56:07	1,34	2,31	2,91	3,19	2,13	1,94	3,18	2,13	5,84	6,20	33,24	0,00	132,95	145,92	638,14
11.09.2025 08:56:13	1,26	2,34	2,23	3,01	2,03	2,54	3,18	4,25	8,76	12,41	16,62	45,60	132,95	0,00	0,00
11.09.2025 08:56:19	1,23	2,50	2,87	3,29	1,49	1,20	3,57	6,38	11,67	6,20	16,62	0,00	265,89	72,96	1914,41
11.09.2025 08:56:25	1,38	2,54	2,96	3,24	1,74	1,64	4,37	4,25	5,84	18,61	33,24	0,00	0,00	437,76	1914,41
11.09.2025 08:56:31	1,21	2,44	2,47	2,93	1,98	2,54	4,76	2,13	11,67	12,41	0,00	0,00	132,95	218,88	425,42
11.09.2025 08:56:37	1,21	2,27	2,52	2,65	1,69	1,79	3,18	9,57	11,67	18,61	0,00	45,60	0,00	218,88	425,42
11.09.2025 08:56:43	1,31	2,69	3,00	3,42	1,64	2,99	5,16	6,38	0,00	0,00	16,62	0,00	0,00	437,76	2977,97
11.09.2025 08:56:49	1,36	2,46	2,68	3,11	1,74	1,20	5,16	11,70	5,84	6,20	16,62	0,00	531,78	0,00	1063,56
11.09.2025 08:56:55	1,37	2,31	2,58	3,37	1,98	0,90	3,97	4,25	2,92	6,20	16,62	45,60	398,84	1094,40	2127,12
11.09.2025 08:57:01	1,47	2,39	2,59	3,45	1,74	2,39	4,76	7,44	5,84	6,20	16,62	91,20	265,89	0,00	2127,12
11.09.2025 08:57:07	1,32	2,47	2,90	3,19	1,49	2,09	5,56	3,19	2,92	0,00	0,00	0,00	0,00	510,72	1701,70
11.09.2025 08:57:13	1,28	2,47	2,63	2,93	2,13	1,79	5,56	4,25	2,92	6,20	16,62	0,00	265,89	656,64	2339,83
11.09.2025 08:57:19	1,35	2,41	2,94	3,11	1,84	0,90	1,98	2,13	0,00	0,00	0,00	45,60	265,89	0,00	1063,56
11.09.2025 08:57:25	1,30	2,28	2,82	3,27	2,03	1,94	3,18	7,44	2,92	12,41	16,62	0,00	0,00	0,00	0,00
11.09.2025 08:57:31	1,28	2,39	2,81	3,37	1,98	1,79	3,18	3,19	2,92	12,41	33,24	0,00	0,00	72,96	1914,41
11.09.2025 08:57:37	1,29	2,46	2,72	3,29	1,69	1,79	1,98	4,25	5,84	6,20	0,00	45,60	132,95	0,00	0,00
11.09.2025 08:57:43	1,25	2,34	3,00	3,24	1,59	1,94	7,15	1,06	8,76	12,41	0,00	91,20	0,00	145,92	1701,70
11.09.2025 08:57:49	1,23	2,42	2,74	3,37	2,08	1,94	5,95	6,38	5,84	12,41	33,24	45,60	0,00	0,00	0,00
11.09.2025 08:57:55	1,48	2,46	2,59	2,96	1,49	1,94	2,38	7,44	14,59	0,00	16,62	45,60	132,95	72,96	850,85
11.09.2025 08:58:01	1,36	2,49	2,63	3,37	1,49	1,79	3,97	5,32	8,76	0,00	16,62	45,60	0,00	0,00	1063,56
11.09.2025 08:58:07	1,33	2,42	2,69	3,48	1,84	1,79	2,78	1,06	14,59	0,00	16,62	136,80	0,00	437,76	850,85
11.09.2025 08:58:13	1,36	2,52	3,02	3,32	1,69	1,64	3,97	5,32	5,84	12,41	16,62	45,60	0,00	0,00	0,00
11.09.2025 08:58:19	1,30	2,46	3,11	3,48	1,94	1,64	5,95	1,06	2,92	6,20	16,62	0,00	265,89	364,80	2127,12
11.09.2025 08:58:25	1,39	2,36	2,48	3,35	2,33	2,09	2,78	5,32	5,84	18,61	33,24	0,00	132,95	583,68	1488,98
11.09.2025 08:58:31	1,40	2,41	2,80	2,75	2,23	1,35	3,97	5,32	2,92	6,20	16,62	45,60	0,00	510,72	638,14
11.09.2025 08:58:37	1,42	2,02	2,48	3,14	1,59	1,35	5,56	2,13	0,00	6,20	33,24	0,00	265,89	0,00	1063,56
11.09.2025 08:58:43	1,32	2,51	2,77	3,06	1,84	0,75	5,95	6,38	0,00	0,00	0,00	45,60	0,00	0,00	2127,12
11.09.2025 08:58:49	1,27	2,44	2,77	3,35	2,03	1,50	3,57	6,38	2,92	0,00	0,00	0,00	0,00	145,92	638,14
11.09.2025 08:58:55	1,30	2,40	2,74	3,11	1,54	1,79	2,78	5,32	2,92	18,61	16,62	0,00	132,95	72,96	850,85
11.09.2025 08:59:01	1,30	2,46	2,63	3,03	1,69	1,79	5,16	7,44	2,92	12,41	66,47	91,20	0,00	145,92	638,14
11.09.2025 08:59:07	1,33	2,38	2,47	2,83	1,89	2,09	3,18	7,44	5,84	12,41	0,00	0,00	132,95	0,00	1063,56
11.09.2025 08:59:13	1,29	2,26	2,59	3,27	1,98	1,64	3,97	4,25	2,92	6,20	49,85	91,20	132,95	0,00	1063,56
11.09.2025 08:59:19	1,30	2,30	2,80	3,29	1,94	1,64	6,35	1,06	11,67	0,00	16,62	45,60	0,00	0,00	1063,56
11.09.2025 08:59:25	1,23	2,44	2,67	2,96	1,79	1,94	4,37	6,38	8,76	6,20	16,62	0,00	132,95	218,88	2552,54
11.09.2025 08:59:31	1,28	2,19	2,80	3,48	1,94	0,90	7,94	3,19	8,76	12,41	16,62	45,60	132,95	0,00	1063,56
11.09.2025 08:59:37	1,21	2,37	2,63	2,46	1,49	1,20	3,97	4,25	2,92	12,41	49,85	0,00	132,95	364,80	1063,56
11.09.2025 08:59:43	1,25	2,69	2,90	2,62	1,79	1,64	3,18	4,25	8,76	0,00	16,62	0,00	398,84	291,84	2339,83
11.09.2025 08:59:49	1,38	2,36	2,60	3,06	1,64	2,09	8,34	4,25	2,92	6,20	0,00	0,00	265,89	0,00	1063,56
11.09.2025 08:59:55	1,23	2,26	3,03	2,59	1,74	2,69	3,18	9,57	2,92	6,20	49,85	0,00	0,00	364,80	1063,56
11.09.2025 09:00:01	1,25	2,10	3,12	2,80	2,03	1,79	3,97	7,44	8,76	6,20	49,85	45,60	0,00	0,00	0,00
11.09.2025 09:00:07	1,28	2,47	2,02	3,66	1,44	1,64	3,57	7,44	8,76	12,41	16,62	0,00	0,00	1021,44	1276,27
11.09.2025 09:00:13	1,35	2,41	3,11	2,62	2,03	1,05	2,78	5,32	0,00	6,20	0,00	45,60	0,00	0,00	1063,56
11.09.2025 09:00:19	1,39	2,36	2,41	3,22	1,98	1,20	5,16	3,19	5,84	6,20	33,24	0,00	0,00	0,00	2127,12
11.09.2025 09:00:25	1,31	2,49	2,50	2,75	1,89	1,05	3,97	4,25	14,59	18,61	16,62	0,00	132,95	510,72	1701,70
11.09.2025 09:00:31	1,28	2,25	2,69	2,96	1,69	1,50	2,78	4,25	5,84	18,61	16,62	0,00	132,95	948,48	2552,54
11.09.2025 09:00:37	1,23	2,41	2,43	3,16	1,64	1,35	2,38	6,38	2,92	12,41	0,00	45,60	0,00	0,00	2127,12
11.09.2025 09:00:43	1,19	2,39	2,82	3,03	1,54	1,94	4,37	8,51	2,92	18,61	0,00	0,00	132,95	364,80	2127,12
11.09.2025 09:00:49	1,28	2,38	2,70	2,65	1,24	2,84	3,97	6,38	8,76	6,20	0,00	91,20	398,84	364,80	1063,56
11.09.2025 09:00:55	1,26	2,18	2,32	2,75	1,79	1,35	2,78	8,51	14,59	12,41	16,62	0,00	0,00	0,00	1063,56
11.09.2025 09:01:01	1,20	2,35	2,43	2,78	1,98	1,50	2,78	2,13	8,76	0,00	33,24	0,00	0,00	72,96	850,85
11.09.2025 09:01:07	1,20	2,24	2,69	3,01	1,74	1,94	5,95	13,83	0,00	18,61	0,00	0,00	0,00	583,68	2552,54
11.09.2025 09:01:13	1,25	2,33	2,90	3,27	1,64	1,50	3,18	2,13	8,76	6,20	33,24	0,00	132,95	364,80	1063,56
11.09.2025 09:01:19	1,34	2,16	2,70	2,98	2,28	1,35	4,76	3,19	14,59	0,00	0,00	0,00	0,00	437,76	850,85
11.09.2025 09:01:25	1,25	2,19	2,86	2,59	1,54	1,35	3,57	6,38	14,59	12,41	16,62	45,60	132,95	0,00	0,00
11.09.2025 09:01:31	1,21	2,22	2,51	3,27	2,38	1,50	2,78	5,32	2,92	6,20	0,00	0,00	132,95	0,00	0,00
11.09.2025 09:01:37	1,23	2,14	2,36	2,65	1,34	1,05	3,97	7,44	0,00	12,41	16,62	0,00	132,95	1313,28	3616,10
11.09.2025 09:01:43	1,28	2,34	2,74	2,80	1,39	1,20	5,16	7,44	0,00	18,61	0,00	0,00	0,00	510,72	1701,70
11.09.2025 09:01:49	1,24	2,33	2,20	2,98	2,48	2,09	3,18	12,76	0,00	18,61	0,00	136,80	0,00	218,88	425,42
11.09.2025 09:01:55	1,22	2,33	2,65	3,16	1,49	1,20	2,78	7,44	2,92	6,20	16,62	45,60	132,95	0,00	0,00
11.09.2025 09:02:01	1,31	2,25	2,43	3,09	1,39	1,50	2,78	6,38	2,92	12,41	16,62	0,00	265,89	1313,28	2552,54
11.09.2025 09:02:07	1,35	2,41	2,70	3,11	2,03	1,64	2,78	4,25	0,00	0,00	16,62	0,00	132,95	437,76	850,85
11.09.2025 09:02:13	1,31	2,17	2,74	2,80	1,79	1,64	3,18	5,32	2,92	18,61	0,00	0,00	132,95	218,88	1488,98
11.09.2025 09:02:19	1,28	2,09	2,45	2,80	1,69	1,64	1,98	7,44	2,92	0,00	16,62	0,00	265,89	0,00	1063,56
11.09.2025 09:02:25	1,39	2,45	2,72	3,01	2,38	1,05	3,97	4,25	2,92	12,41	16,62	0,00	132,95	291,84	1276,27
11.09.2025 09:02:31	1,33	2,37	2,38	2,96	2,08	1,05	3,97	3,19	5,84	18,61	16,62	0,00	265,89	510,72	1701,70
11.09.2025 09:02:37	1,24	2,29	2,54	3,19	1,79	2,24	2,78	7,44	2,92	6,20	33,24	45,60	132,95	364,80	2127,12
11.09.2025 09:02:43	1,23	2,31	2,74	3,01	1,94	1,50	5,16	7,44	2,92	12,41	16,62	45,60	0,00	948,48	2552,54
11.09.2025 09:02:49	1,19	2,21	2,41	2,78	2,03	2,09	3,18	1,06	5,84	6,20	99,71	0,00	132,95	0,00	1063,56
11.09.2025 09:02:55	1,24	2,25	2,63	3,19	1,94	1,50	3,57	5,32	8,76	18,61	0,00	0,00	0,00	875,52	1701,70
11.09.2025 09:03:01	1,27	2,48	2,46	2,85	2,03	1,35	5,16	1,06	2,92	6,20	16,62	0,00	0,00	291,84	1276,27
11.09.2025 09:03:07	1,31	2,38	2,60	3,09	1,44	2,09	5,95	7,44	5,84	18,61	0,00	0,00	265,89	291,84	1276,27
11.09.2025 09:03:13	1,28	2,29	2,55	2,88	1,54	2,24	6,35	4,25	5,84	0,00	16,62	0,00	265,89	364,80	2127,12
11.09.2025 09:03:19	1,23	2,25	2,60	3,14	1,59	1,79	2,38	3,19	14,59	12,41	49,85	0,00	398,84	1094,40	3190,68
11.09.2025 09:03:25	1,33	2,15	2,72	2,72	1,64	1,50	3,57	5,32	8,76	18,61	0,00	0,00	132,95	0,00	1063,56
11.09.2025 09:03:31	1,30	2,30	2,36	3,16	1,39	1,64	3,18	8,51	0,00	12,41	16,62	91,20	132,95	0,00	1063,56
11.09.2025 09:03:37	1,32	2,14	2,56	2,67	1,79	1,50	3,57	8,51	5,84	18,61	33,24	0,00	0,00	0,00	0,00
11.09.2025 09:03:43	1,29	2,33	2,83	2,98	1,39	1,64	3,97	5,32	8,76	6,20	16,62	0,00	0,00	729,60	3190,68
11.09.2025 09:03:49	1,13	2,18	2,24	2,41	1,54	1,20	3,57	3,19	8,76	6,20	33,24	0,00	398,84	72,96	1914,41
11.09.2025 09:03:55	1,30	2,22	2,65	2,57	1,54	1,05	1,98	6,38	2,92	6,20	33,24	0,00	0,00	218,88	1488,98
11.09.2025 09:04:01	1,32	2,29	2,59	2,72	1,54	1,79	5,95	6,38	5,84	6,20	33,24	0,00	132,95	0,00	0,00
11.09.2025 09:04:07	1,23	2,48	2,55	2,93	1,89	2,39	3,97	4,25	8,76	6,20	0,00	45,60	0,00	72,96	1914,41
11.09.2025 09:04:13	1,27	2,07	2,70	2,93	1,14	1,05	5,95	8,51	0,00	0,00	33,24	0,00	0,00	583,68	2552,54
11.09.2025 09:04:19	1,31	2,24	2,64	3,29	2,13	1,20	4,37	4,25	2,92	0,00	33,24	45,60	0,00	0,00	1063,56
11.09.2025 09:04:25	1,32	2,24	2,60	2,96	1,74	1,64	2,78	3,19	5,84	6,20	0,00	0,00	0,00	72,96	850,85
11.09.2025 09:04:31	1,26	2,30	2,41	2,78	1,69	2,54	4,76	3,19	8,76	18,61	33,24	0,00	0,00	1094,40	4254,24
11.09.2025 09:04:37	1,16	2,39	2,77	2,85	1,74	1,20	2,78	9,57	0,00	6,20	16,62	0,00	0,00	145,92	1701,70
11.09.2025 09:04:43	1,32	2,38	2,47	2,88	1,49	1,94	3,57	8,51	8,76	6,20	49,85	0,00	265,89	1094,40	2127,12
11.09.2025 09:04:49	1,25	2,43	2,64	2,93	2,03	1,35	3,97	5,32	2,92	12,41	16,62	45,60	0,00	510,72	3828,82
11.09.2025 09:04:55	1,28	2,39	2,58	3,03	1,69	1,64	2,78	3,19	2,92	12,41	16,62	0,00	265,89	802,56	850,85
11.09.2025 09:05:01	1,21	2,25	2,67	3,40	2,03	2,39	4,76	2,13	0,00	0,00	0,00	0,00	0,00	0,00	1063,56
11.09.2025 09:05:07	1,28	2,48	2,85	3,01	1,24	2,09	4,76	4,25	2,92	0,00	49,85	0,00	132,95	948,48	2552,54
11.09.2025 09:05:13	1,23	2,44	2,51	2,70	2,53	1,50	7,15	4,25	5,84	12,41	16,62	0,00	132,95	364,80	1063,56
11.09.2025 09:05:19	1,19	2,22	2,70	3,03	1,74	2,39	3,18	4,25	2,92	6,20	0,00	0,00	398,84	0,00	0,00
11.09.2025 09:05:25	1,44	2,20	2,41	3,58	1,69	1,94	5,56	10,64	5,84	24,81	0,00	0,00	0,00	218,88	1488,98
11.09.2025 09:05:31	1,24	2,26	2,85	3,11	1,69	2,09	3,57	3,19	8,76	0,00	0,00	45,60	132,95	875,52	2765,26
11.09.2025 09:05:37	1,34	2,36	2,16	2,57	2,38	1,35	4,37	3,19	2,92	0,00	16,62	0,00	0,00	291,84	3403,39
11.09.2025 09:05:43	1,25	2,10	2,94	3,06	1,39	1,79	4,37	9,57	2,92	18,61	0,00	45,60	0,00	437,76	2977,97
11.09.2025 09:05:49	1,23	2,38	2,54	2,67	1,74	2,09	2,38	6,38	2,92	6,20	33,24	0,00	398,84	583,68	1488,98
11.09.2025 09:05:55	1,25	2,27	2,58	3,06	1,49	1,05	5,16	9,57	8,76	0,00	33,24	0,00	0,00	0,00	2127,12
11.09.2025 09:06:01	1,24	2,27	2,76	2,70	1,29	1,35	4,76	3,19	11,67	0,00	33,24	45,60	398,84	0,00	1063,56
11.09.2025 09:06:07	1,37	2,30	2,60	2,75	1,19	1,50	3,18	7,44	0,00	12,41	0,00	0,00	265,89	0,00	1063,56
11.09.2025 09:06:13	1,17	2,28	2,42	2,93	1,39	2,24	2,78	2,13	0,00	6,20	33,24	91,20	132,95	0,00	1063,56
11.09.2025 09:06:19	1,23	2,31	2,51	2,57	1,64	1,94	2,78	2,13	8,76	6,20	0,00	0,00	132,95	0,00	1063,56
11.09.2025 09:06:25	1,27	2,15	2,73	3,16	1,39	1,20	3,57	5,32	0,00	6,20	16,62	0,00	0,00	729,60	3190,68
11.09.2025 09:06:31	1,15	2,24	2,56	2,88	1,04	1,50	4,76	6,38	5,84	6,20	0,00	0,00	0,00	145,92	1701,70
11.09.2025 09:06:37	1,16	2,25	2,45	2,98	1,84	1,94	3,97	9,57	5,84	6,20	33,24	45,60	0,00	437,76	1914,41
11.09.2025 09:06:43	1,24	2,10	2,25	3,01	1,34	2,39	1,59	6,38	0,00	0,00	33,24	45,60	265,89	583,68	1488,98
11.09.2025 09:06:49	1,28	2,33	2,90	2,91	1,59	1,50	4,37	5,32	8,76	12,41	0,00	0,00	132,95	656,64	2339,83
11.09.2025 09:06:55	1,26	2,31	2,74	3,03	1,49	1,64	5,56	6,38	8,76	6,20	16,62	45,60	0,00	729,60	3190,68
11.09.2025 09:07:01	1,23	2,15	2,74	2,91	1,84	1,64	1,59	6,38	5,84	6,20	16,62	136,80	265,89	729,60	2127,12
11.09.2025 09:07:07	1,22	2,31	2,51	3,48	1,59	1,35	6,35	4,25	5,84	18,61	16,62	0,00	398,84	0,00	0,00
11.09.2025 09:07:13	1,21	2,14	2,25	2,52	1,44	2,09	5,56	10,64	0,00	24,81	33,24	45,60	265,89	145,92	1701,70
11.09.2025 09:07:19	1,18	2,13	2,50	2,39	1,44	1,05	3,57	5,32	5,84	6,20	0,00	0,00	132,95	729,60	1063,56
11.09.2025 09:07:25	1,32	1,84	2,52	2,88	1,69	1,05	2,38	6,38	8,76	0,00	33,24	45,60	132,95	364,80	2127,12
11.09.2025 09:07:31	0,93	1,46	1,73	2,05	1,64	1,35	3,18	1,06	2,92	24,81	33,24	0,00	0,00	510,72	2765,26
11.09.2025 09:07:37	1,05	1,95	2,48	2,52	1,44	1,35	7,15	4,25	11,67	24,81	16,62	0,00	0,00	0,00	2127,12
11.09.2025 09:07:43	1,17	2,01	2,58	2,96	0,94	1,05	2,38	6,38	0,00	6,20	0,00	45,60	132,95	0,00	1063,56
11.09.2025 09:07:49	1,00	2,02	2,56	2,49	1,39	1,35	4,37	7,44	5,84	12,41	33,24	0,00	0,00	1386,24	4466,95
11.09.2025 09:07:55	1,01	1,79	2,25	2,33	1,34	1,79	4,37	4,25	8,76	6,20	0,00	0,00	0,00	0,00	3190,68
11.09.2025 09:08:01	1,02	1,92	2,34	2,62	1,09	0,90	3,57	4,25	2,92	18,61	16,62	45,60	0,00	1094,40	2127,12
11.09.2025 09:08:07	1,18	2,09	2,29	2,52	1,59	2,99	1,98	6,38	5,84	6,20	33,24	0,00	132,95	0,00	0,00
11.09.2025 09:08:13	1,05	1,90	2,32	2,62	1,94	1,79	2,78	9,57	5,84	6,20	49,85	0,00	0,00	510,72	2765,26
11.09.2025 09:08:19	1,07	1,90	2,56	2,54	2,08	2,09	1,98	4,25	5,84	0,00	33,24	0,00	132,95	802,56	2977,97
11.09.2025 09:08:25	1,02	2,29	2,50	3,14	1,64	1,64	3,97	5,32	2,92	18,61	0,00	0,00	0,00	218,88	2552,54
11.09.2025 09:08:31	1,27	2,19	2,67	2,98	1,84	1,79	3,97	3,19	8,76	12,41	16,62	0,00	0,00	729,60	4254,24
11.09.2025 09:08:37	1,24	2,25	2,04	2,05	1,84	1,20	3,57	7,44	0,00	6,20	0,00	45,60	0,00	0,00	1063,56
11.09.2025 09:08:43	1,10	2,21	2,56	2,23	1,44	1,35	4,37	3,19	2,92	12,41	16,62	0,00	265,89	291,84	3403,39
11.09.2025 09:08:49	1,20	1,97	2,74	2,59	1,29	0,60	3,57	7,44	2,92	6,20	0,00	0,00	0,00	364,80	3190,68
11.09.2025 09:08:55	1,19	2,37	2,76	2,88	1,74	2,24	5,56	4,25	5,84	18,61	33,24	45,60	0,00	145,92	2765,26
11.09.2025 09:09:01	1,22	2,21	2,74	3,27	1,74	1,94	4,37	5,32	11,67	18,61	33,24	0,00	0,00	510,72	1701,70
11.09.2025 09:09:07	1,23	2,20	2,78	3,16	2,08	2,54	3,97	8,51	0,00	0,00	16,62	0,00	265,89	1824,01	5317,80
11.09.2025 09:09:13	1,30	2,41	2,47	2,85	1,79	1,50	3,18	7,44	11,67	6,20	0,00	45,60	0,00	583,68	3616,10
11.09.2025 09:09:19	1,23	2,38	2,42	3,11	1,69	2,24	5,16	5,32	8,76	12,41	0,00	45,60	132,95	802,56	2977,97
11.09.2025 09:09:25	1,28	2,26	2,65	3,29	1,49	1,35	3,18	8,51	8,76	0,00	16,62	0,00	0,00	72,96	1914,41
11.09.2025 09:09:31	1,28	2,30	2,83	2,57	1,74	1,35	2,78	3,19	2,92	6,20	49,85	0,00	132,95	437,76	1914,41
11.09.2025 09:09:37	1,14	2,39	2,25	2,88	2,38	1,79	3,57	9,57	0,00	0,00	0,00	182,40	265,89	0,00	1063,56
11.09.2025 09:09:43	1,30	2,25	2,99	2,39	1,79	1,79	3,57	4,25	14,59	18,61	0,00	0,00	0,00	0,00	1063,56
11.09.2025 09:09:49	1,25	2,10	2,96	2,83	2,13	2,39	5,56	2,13	5,84	12,41	33,24	45,60	0,00	0,00	0,00
11.09.2025 09:09:55	1,12	2,49	2,58	3,11	1,44	2,09	2,38	6,38	20,43	0,00	16,62	0,00	0,00	0,00	1063,56
11.09.2025 09:10:01	1,26	2,25	2,55	2,59	1,84	1,64	6,35	4,25	11,67	6,20	16,62	45,60	531,78	583,68	3616,10
11.09.2025 09:10:07	1,11	2,39	2,45	2,67	1,74	2,09	3,97	5,32	5,84	0,00	16,62	0,00	265,89	72,96	850,85
11.09.2025 09:10:13	1,38	2,04	2,58	3,45	1,94	2,84	3,18	7,44	0,00	0,00	16,62	0,00	132,95	510,72	2765,26
11.09.2025 09:10:19	1,25	2,31	2,51	3,37	1,98	1,50	4,37	4,25	5,84	12,41	33,24	45,60	0,00	0,00	1063,56
11.09.2025 09:10:25	1,31	2,15	2,76	3,19	1,49	2,24	3,57	4,25	8,76	6,20	16,62	0,00	0,00	218,88	2552,54
11.09.2025 09:10:31	1,33	2,26	2,47	2,46	1,74	1,64	2,38	5,32	0,00	6,20	66,47	45,60	0,00	72,96	850,85
11.09.2025 09:10:37	1,23	2,29	2,72	3,27	2,13	1,50	6,75	5,32	8,76	12,41	16,62	0,00	0,00	802,56	1914,41
11.09.2025 09:10:43	1,27	2,16	2,85	3,11	1,44	3,29	3,97	7,44	0,00	12,41	16,62	0,00	398,84	145,92	638,14
11.09.2025 09:10:49	1,33	2,31	2,76	3,14	1,98	1,94	5,16	9,57	2,92	0,00	33,24	0,00	132,95	72,96	850,85
11.09.2025 09:10:55	1,37	2,22	2,98	2,85	1,94	1,20	4,76	7,44	14,59	12,41	0,00	0,00	0,00	437,76	1914,41
11.09.2025 09:11:01	1,42	2,26	3,12	3,35	2,33	1,94	6,75	5,32	11,67	6,20	0,00	0,00	265,89	0,00	1063,56
11.09.2025 09:11:07	1,39	2,62	3,30	3,11	1,94	2,24	5,16	7,44	0,00	12,41	33,24	0,00	0,00	218,88	1488,98
11.09.2025 09:11:13	1,53	2,64	3,07	3,24	1,69	1,05	3,97	4,25	5,84	6,20	16,62	45,60	0,00	0,00	1063,56
11.09.2025 09:11:19	1,25	2,72	3,24	3,42	1,98	2,54	4,76	6,38	0,00	6,20	16,62	45,60	0,00	0,00	2127,12
11.09.2025 09:11:25	1,35	2,43	2,85	3,58	1,04	1,79	4,76	3,19	14,59	0,00	0,00	0,00	0,00	583,68	2552,54
11.09.2025 09:11:31	1,41	2,38	3,22	3,61	1,84	2,09	5,16	3,19	0,00	0,00	16,62	45,60	0,00	510,72	1701,70
11.09.2025 09:11:37	1,39	2,30	3,17	3,71	1,79	2,69	3,97	3,19	5,84	0,00	16,62	45,60	0,00	0,00	2127,12
11.09.2025 09:11:43	1,42	2,68	3,24	3,32	1,79	2,09	2,78	3,19	5,84	6,20	16,62	0,00	265,89	510,72	1701,70
11.09.2025 09:11:49	1,46	2,67	3,16	3,63	1,49	1,79	3,97	8,51	0,00	12,41	0,00	0,00	265,89	0,00	1063,56
11.09.2025 09:11:55	1,37	2,55	3,48	4,07	1,84	1,35	3,97	5,32	2,92	6,20	0,00	45,60	132,95	583,68	1488,98
11.09.2025 09:12:01	1,26	2,43	2,69	3,16	1,84	2,09	1,59	5,32	8,76	18,61	16,62	0,00	132,95	802,56	850,85
11.09.2025 09:12:07	1,30	2,41	2,82	3,01	1,29	1,35	3,18	7,44	0,00	12,41	16,62	0,00	132,95	291,84	1276,27
11.09.2025 09:12:13	1,20	2,41	2,81	3,40	1,64	1,94	4,37	7,44	5,84	12,41	0,00	0,00	265,89	218,88	1488,98
11.09.2025 09:12:19	1,13	2,54	2,47	3,06	1,54	1,64	4,76	8,51	2,92	0,00	0,00	45,60	0,00	145,92	638,14
11.09.2025 09:12:25	1,19	2,44	2,59	3,03	1,14	1,94	4,76	7,44	0,00	12,41	33,24	45,60	132,95	291,84	1276,27
11.09.2025 09:12:31	1,32	2,60	3,18	3,45	1,49	1,50	3,97	9,57	5,84	12,41	0,00	0,00	265,89	145,92	1701,70
11.09.2025 09:12:37	1,38	2,95	3,17	3,97	1,79	1,79	4,37	11,70	2,92	0,00	0,00	0,00	132,95	145,92	1701,70
11.09.2025 09:12:43	1,34	2,46	3,48	3,53	1,74	3,14	5,56	7,44	5,84	6,20	16,62	0,00	0,00	0,00	1063,56
11.09.2025 09:12:49	1,32	2,52	2,99	2,85	2,28	1,79	4,37	7,44	2,92	0,00	0,00	45,60	0,00	437,76	2977,97
11.09.2025 09:12:55	1,52	2,85	2,96	3,24	2,38	2,24	3,97	4,25	2,92	12,41	16,62	91,20	0,00	218,88	2552,54
11.09.2025 09:13:01	1,49	2,34	2,96	4,41	2,38	1,64	1,59	2,13	8,76	6,20	0,00	0,00	0,00	364,80	2127,12
11.09.2025 09:13:07	1,28	2,47	3,13	2,93	2,13	1,50	5,16	2,13	8,76	18,61	16,62	0,00	265,89	218,88	425,42
11.09.2025 09:13:13	1,23	2,34	2,67	3,37	1,84	1,20	7,94	6,38	2,92	6,20	16,62	91,20	0,00	291,84	212,71
11.09.2025 09:13:19	1,36	2,32	2,90	3,58	2,13	1,64	2,38	8,51	5,84	18,61	16,62	0,00	398,84	72,96	1914,41
11.09.2025 09:13:25	1,33	2,24	2,67	3,03	1,79	1,50	7,15	5,32	2,92	6,20	33,24	0,00	0,00	0,00	1063,56
11.09.2025 09:13:31	1,30	2,31	2,86	3,11	1,98	1,64	3,97	7,44	0,00	12,41	0,00	91,20	0,00	0,00	0,00
11.09.2025 09:13:37	1,30	2,18	2,91	3,66	1,54	1,50	2,78	4,25	11,67	6,20	16,62	45,60	132,95	1678,08	3616,10
11.09.2025 09:13:43	1,29	2,37	2,91	3,09	2,03	1,35	5,56	4,25	0,00	6,20	0,00	91,20	132,95	0,00	1063,56
11.09.2025 09:13:49	1,19	2,34	2,63	3,16	1,74	1,50	5,95	5,32	2,92	12,41	16,62	91,20	0,00	1167,36	1914,41
11.09.2025 09:13:55	1,16	2,30	2,61	2,85	2,08	2,54	3,97	3,19	14,59	0,00	16,62	0,00	132,95	0,00	2127,12
11.09.2025 09:14:01	1,29	2,12	2,63	3,09	1,84	2,09	1,19	3,19	14,59	0,00	33,24	0,00	132,95	0,00	1063,56
11.09.2025 09:14:07	1,33	2,41	2,36	3,11	1,98	1,79	3,57	3,19	8,76	6,20	66,47	0,00	0,00	364,80	1063,56
11.09.2025 09:14:13	1,37	2,38	2,77	3,16	1,79	2,39	2,38	4,25	14,59	24,81	16,62	45,60	265,89	0,00	0,00
11.09.2025 09:14:19	1,23	2,31	2,36	2,65	1,64	1,05	4,37	9,57	0,00	12,41	16,62	45,60	0,00	145,92	1701,70
11.09.2025 09:14:25	1,30	2,36	2,86	2,91	1,89	1,50	3,97	3,19	2,92	12,41	33,24	91,20	0,00	583,68	2552,54
11.09.2025 09:14:31	1,34	2,10	2,52	2,96	1,84	1,79	3,18	3,19	5,84	6,20	0,00	0,00	0,00	656,64	1276,27
11.09.2025 09:14:37	1,24	2,31	2,65	2,83	2,13	1,35	3,57	2,13	5,84	12,41	16,62	45,60	0,00	291,84	2339,83
11.09.2025 09:14:43	1,18	2,33	3,02	3,45	1,14	2,24	3,97	4,25	5,84	12,41	33,24	45,60	0,00	291,84	1276,27
11.09.2025 09:14:49	1,28	2,15	2,46	2,78	1,49	1,64	4,76	2,13	5,84	0,00	0,00	0,00	265,89	875,52	1701,70
11.09.2025 09:14:55	1,31	2,21	2,61	2,80	2,38	2,24	5,95	7,44	8,76	0,00	16,62	0,00	0,00	656,64	2339,83
11.09.2025 09:15:01	1,32	2,40	2,59	2,65	1,84	1,79	2,78	6,38	0,00	24,81	0,00	45,60	132,95	1167,36	1914,41
11.09.2025 09:15:07	1,19	2,25	2,54	2,78	1,64	1,64	3,97	5,32	11,67	12,41	33,24	91,20	0,00	145,92	2765,26
11.09.2025 09:15:13	1,28	2,17	2,38	2,88	1,19	1,20	5,56	10,64	8,76	6,20	83,09	45,60	0,00	0,00	1063,56
11.09.2025 09:15:19	1,33	2,25	2,55	3,06	1,69	1,35	4,37	7,44	2,92	6,20	0,00	0,00	265,89	802,56	2977,97
11.09.2025 09:15:25	1,28	2,07	2,74	2,78	1,44	1,94	2,78	4,25	2,92	0,00	16,62	45,60	0,00	729,60	2127,12
11.09.2025 09:15:31	1,29	2,22	2,36	2,36	1,84	1,64	3,57	5,32	11,67	0,00	0,00	45,60	265,89	1240,32	2765,26
11.09.2025 09:15:37	1,16	2,17	2,46	2,70	1,74	2,54	1,59	2,13	11,67	0,00	49,85	0,00	0,00	291,84	2339,83
