<Header>
User name: 
Location: probe cabin
# of Location: 2
Model: 11-D
Serial No.: 11D20167
Firmware revision: 12.50E
Software revision: 1179-V2-10 (23-01-2023)
Unit: Mass, dM [ug/m3]
C-factor: 1,00
location factor: 1,00
Comment: test room aerosol conditions
online data
<Data>
[d&t31.12.2035 11:50:55]	0,253 um	0,298 um	0,352 um	0,414 um	0,488 um	0,576 um	0,679 um	0,800 um	0,943 um	1,112 um	1,310 um	1,545 um	1,821 um	2,146 um	2,530 um	2,982 um	3,515 um	4,144 um	4,884 um	5,757 um	6,787 um	8,000 um	9,430 um	11,12 um	13,10 um	15,45 um	18,21 um	21,46 um	25,30 um	29,82 um	35,15 um
11.09.2025 08:35:40	0,83	0,54	0,39	0,21	0,09	0,04	0,05	0,09	0,00	0,00	0,13	0,00	0,00	0,00	0,00	0,00	0,49	0,81	1,32	0,00	3,56	0,00	9,54	0,00	0,00	0,00	0,00	0,00	0,00	0,00	0,00
11.09.2025 08:35:46	0,82	0,54	0,45	0,26	0,11	0,04	0,04	0,03	0,05	0,08	0,00	0,00	0,69	0,56	0,00	0,00	0,00	0,00	0,00	0,00	0,00	0,00	0,00	0,00	0,00	0,00	0,00	0,00	0,00	0,00	0,00
11.09.2025 08:35:52	0,81	0,57	0,41	0,29	0,11	0,10	0,09	0,03	0,00	0,08	0,38	0,00	0,34	0,00	0,00	0,00	0,00	0,00	1,32	2,17	3,56	0,00	19,08	0,00	0,00	0,00	0,00	0,00	0,00	0,00	0,00
11.09.2025 08:35:58	0,81	0,57	0,41	0,21	0,09	0,09	0,07	0,00	0,05	0,16	0,00	0,42	0,69	0,00	0,00	0,00	0,99	0,81	0,00	2,17	0,00	0,00	0,00	15,62	0,00	0,00	0,00	0,00	0,00	0,00	0,00
11.09.2025 08:36:04	0,86	0,56	0,40	0,22	0,12	0,14	0,05	0,03	0,05	0,08	0,26	0,42	0,34	0,56	1,10	1,51	1,48	0,81	2,65	2,17	0,00	0,00	9,54	15,62	0,00	0,00	0,00	0,00	0,00	0,00	0,00
11.09.2025 08:36:10	0,87	0,55	0,39	0,25	0,15	0,08	0,04	0,06	0,00	0,08	0,00	0,00	0,00	0,56	0,18	1,81	0,49	1,62	0,00	2,17	7,11	0,00	9,54	0,00	25,59	0,00	0,00	0,00	0,00	0,00	0,00
11.09.2025 08:36:16	0,86	0,52	0,43	0,22	0,11	0,08	0,02	0,03	0,05	0,00	0,13	0,42	0,00	0,00	0,74	0,60	0,49	0,00	1,32	0,00	3,56	0,00	0,00	15,62	0,00	0,00	0,00	0,00	0,00	0,00	0,00
11.09.2025 08:36:22	0,87	0,50	0,43	0,27	0,15	0,05	0,12	0,00	0,00	0,16	0,51	0,42	0,00	0,56	0,55	1,81	0,49	0,00	0,00	0,00	0,00	0,00	0,00	0,00	0,00	0,00	0,00	0,00	0,00	0,00	0,00
11.09.2025 08:36:28	0,83	0,52	0,44	0,31	0,13	0,07	0,05	0,00	0,05	0,00	0,00	0,21	0,69	0,56	2,76	2,71	0,00	2,43	0,00	2,17	0,00	0,00	9,54	0,00	25,59	0,00	0,00	0,00	0,00	0,00	0,00
11.09.2025 08:36:34	0,85	0,55	0,35	0,24	0,13	0,11	0,09	0,00	0,00	0,00	0,26	0,21	0,69	1,12	0,00	0,00	0,00	0,81	0,00	4,34	0,00	0,00	19,08	0,00	0,00	0,00	0,00	0,00	0,00	0,00	0,00
11.09.2025 08:36:40	0,85	0,53	0,41	0,25	0,14	0,11	0,09	0,03	0,05	0,08	0,13	0,00	0,00	0,56	0,92	0,30	2,47	0,81	1,32	0,00	3,56	0,00	0,00	0,00	0,00	41,93	0,00	0,00	0,00	0,00	0,00
11.09.2025 08:36:46	0,82	0,52	0,39	0,28	0,10	0,03	0,07	0,03	0,05	0,08	0,00	0,21	0,00	1,69	0,00	0,00	0,00	0,81	2,65	0,00	0,00	5,82	9,54	0,00	0,00	0,00	0,00	0,00	0,00	0,00	0,00
11.09.2025 08:36:52	0,84	0,48	0,37	0,27	0,16	0,12	0,02	0,03	0,14	0,00	0,00	0,42	0,00	1,12	4,60	5,13	1,98	0,81	1,32	2,17	0,00	5,82	0,00	0,00	0,00	0,00	0,00	0,00	0,00	0,00	0,00
11.09.2025 08:36:58	0,84	0,55	0,37	0,24	0,07	0,01	0,04	0,06	0,00	0,23	0,13	0,42	0,34	0,00	0,92	1,81	0,49	0,81	1,32	0,00	0,00	0,00	9,54	0,00	0,00	0,00	0,00	0,00	0,00	0,00	0,00
11.09.2025 08:37:04	0,80	0,53	0,40	0,28	0,12	0,08	0,05	0,06	0,05	0,08	0,00	0,42	0,34	0,56	1,66	0,90	1,98	0,81	0,00	2,17	3,56	0,00	0,00	15,62	0,00	0,00	0,00	0,00	0,00	0,00	0,00
11.09.2025 08:37:10	0,80	0,45	0,40	0,24	0,17	0,05	0,02	0,06	0,05	0,00	0,13	0,00	0,00	0,00	0,00	0,00	1,48	0,81	2,65	0,00	0,00	11,65	9,54	0,00	0,00	0,00	68,64	0,00	0,00	0,00	0,00
11.09.2025 08:37:16	0,85	0,54	0,37	0,25	0,11	0,09	0,07	0,00	0,00	0,16	0,26	0,00	0,00	0,00	1,29	0,90	0,99	0,81	0,00	0,00	0,00	0,00	0,00	15,62	25,59	0,00	0,00	0,00	0,00	0,00	0,00
11.09.2025 08:37:22	0,82	0,53	0,40	0,29	0,10	0,04	0,00	0,03	0,05	0,08	0,38	0,21	0,00	1,69	0,92	0,30	0,00	1,62	0,00	0,00	0,00	0,00	0,00	31,24	0,00	0,00	0,00	0,00	0,00	0,00	0,00
11.09.2025 08:37:28	0,80	0,56	0,38	0,21	0,09	0,04	0,04	0,09	0,00	0,23	0,00	0,21	0,34	1,12	1,47	0,00	0,99	0,81	0,00	2,17	3,56	0,00	19,08	0,00	0,00	0,00	0,00	0,00	0,00	0,00	0,00
11.09.2025 08:37:34	0,79	0,51	0,36	0,25	0,06	0,09	0,05	0,00	0,00	0,08	0,26	0,42	0,34	0,00	1,66	0,90	0,49	0,00	1,32	2,17	0,00	0,00	0,00	0,00	0,00	0,00	0,00	0,00	0,00	0,00	0,00
11.09.2025 08:37:40	0,84	0,52	0,39	0,27	0,13	0,07	0,05	0,00	0,05	0,16	0,13	0,21	0,34	0,00	0,37	2,11	0,00	0,00	0,00	0,00	0,00	0,00	0,00	0,00	0,00	0,00	0,00	0,00	184,14	0,00	0,00
11.09.2025 08:37:46	0,78	0,48	0,37	0,24	0,10	0,11	0,02	0,03	0,10	0,08	0,38	0,21	0,34	1,12	0,92	0,90	0,49	0,81	0,00	0,00	0,00	0,00	0,00	0,00	0,00	0,00	0,00	0,00	0,00	0,00	0,00
11.09.2025 08:37:52	0,77	0,53	0,44	0,21	0,11	0,07	0,05	0,03	0,14	0,08	0,13	0,00	0,00	1,12	2,95	2,71	0,49	2,43	1,32	0,00	0,00	0,00	0,00	0,00	0,00	0,00	0,00	0,00	0,00	0,00	0,00
11.09.2025 08:37:58	0,82	0,49	0,37	0,24	0,09	0,10	0,00	0,00	0,00	0,08	0,13	0,00	0,34	0,56	1,10	2,71	1,48	0,00	1,32	0,00	0,00	0,00	9,54	0,00	0,00	0,00	0,00	0,00	0,00	0,00	0,00
11.09.2025 08:38:04	0,71	0,50	0,37	0,25	0,09	0,05	0,11	0,03	0,05	0,00	0,26	0,00	0,34	0,56	2,58	2,71	1,48	1,62	1,32	2,17	0,00	0,00	0,00	0,00	0,00	0,00	0,00	0,00	0,00	0,00	0,00
11.09.2025 08:38:10	0,81	0,48	0,36	0,27	0,13	0,07	0,07	0,03	0,10	0,08	0,13	0,21	0,34	1,12	0,92	1,51	1,48	0,81	1,32	0,00	0,00	0,00	0,00	0,00	0,00	0,00	0,00	0,00	0,00	0,00	0,00
11.09.2025 08:38:16	0,78	0,51	0,32	0,24	0,17	0,07	0,09	0,03	0,10	0,08	0,00	0,21	0,00	0,56	1,47	1,81	0,49	2,43	0,00	0,00	0,00	0,00	0,00	15,62	0,00	41,93	0,00	0,00	0,00	0,00	0,00
11.09.2025 08:38:22	0,75	0,47	0,39	0,23	0,17	0,07	0,04	0,03	0,00	0,08	0,13	0,00	0,00	0,56	0,00	0,00	0,00	0,00	0,00	0,00	0,00	0,00	0,00	0,00	0,00	0,00	0,00	0,00	0,00	0,00	0,00
11.09.2025 08:38:28	0,80	0,44	0,33	0,27	0,13	0,08	0,02	0,06	0,10	0,08	0,13	0,00	0,34	0,56	0,74	0,00	0,00	0,81	1,32	2,17	3,56	0,00	0,00	31,24	0,00	0,00	0,00	0,00	0,00	0,00	0,00
11.09.2025 08:38:34	0,82	0,50	0,38	0,20	0,09	0,09	0,00	0,03	0,00	0,08	0,00	0,42	0,00	0,56	1,10	0,00	0,00	0,00	1,32	2,17	3,56	0,00	0,00	0,00	25,59	0,00	0,00	0,00	0,00	0,00	0,00
11.09.2025 08:38:40	0,78	0,47	0,33	0,20	0,12	0,12	0,07	0,03	0,05	0,00	0,13	0,63	0,34	0,56	0,00	0,00	0,00	0,00	0,00	0,00	0,00	0,00	0,00	0,00	0,00	0,00	0,00	0,00	0,00	0,00	0,00
11.09.2025 08:38:46	0,43	0,27	0,19	0,13	0,07	0,05	0,05	0,00	0,10	0,08	0,13	0,00	0,00	0,00	0,00	0,00	0,00	0,00	0,00	0,00	0,00	0,00	0,00	0,00	0,00	0,00	0,00	0,00	0,00	0,00	0,00
11.09.2025 08:38:52	0,54	0,30	0,22	0,13	0,09	0,03	0,04	0,03	0,05	0,08	0,00	0,21	0,00	0,56	0,55	0,90	0,99	0,81	0,00	0,00	0,00	5,82	0,00	0,00	0,00	0,00	0,00	0,00	0,00	0,00	0,00
11.09.2025 08:38:58	0,39	0,25	0,20	0,12	0,06	0,02	0,05	0,00	0,05	0,16	0,13	0,21	0,00	0,56	0,00	0,00	0,00	0,00	0,00	0,00	0,00	0,00	0,00	0,00	0,00	0,00	0,00	0,00	0,00	0,00	0,00
11.09.2025 08:39:04	0,33	0,20	0,12	0,09	0,03	0,03	0,04	0,00	0,00	0,00	0,00	0,21	0,00	0,56	0,18	0,60	0,00	0,00	2,65	0,00	0,00	0,00	0,00	0,00	0,00	0,00	0,00	0,00	0,00	0,00	0,00
11.09.2025 08:39:10	0,31	0,17	0,14	0,08	0,05	0,04	0,07	0,06	0,05	0,00	0,13	0,21	0,00	0,00	1,29	0,90	0,00	0,00	0,00	0,00	0,00	0,00	0,00	0,00	0,00	0,00	0,00	0,00	0,00	0,00	0,00
11.09.2025 08:39:16	0,29	0,18	0,13	0,09	0,04	0,05	0,00	0,00	0,05	0,00	0,00	0,00	0,00	0,00	0,00	0,30	0,99	0,00	1,32	0,00	0,00	5,82	0,00	0,00	0,00	0,00	0,00	0,00	0,00	0,00	0,00
11.09.2025 08:39:22	0,29	0,17	0,12	0,07	0,05	0,02	0,02	0,00	0,00	0,00	0,13	0,21	0,00	0,00	0,00	0,60	0,00	0,81	0,00	0,00	3,56	0,00	9,54	0,00	0,00	0,00	0,00	0,00	0,00	0,00	0,00
11.09.2025 08:39:28	0,31	0,20	0,16	0,07	0,04	0,01	0,02	0,03	0,00	0,00	0,13	0,00	0,00	0,00	0,00	0,00	0,00	0,00	0,00	0,00	0,00	0,00	0,00	0,00	0,00	0,00	0,00	0,00	0,00	0,00	0,00
11.09.2025 08:39:34	0,40	0,23	0,15	0,11	0,05	0,05	0,02	0,00	0,00	0,00	0,00	0,00	0,00	0,00	2,03	0,30	0,00	0,81	0,00	0,00	3,56	0,00	0,00	15,62	0,00	0,00	0,00	0,00	0,00	0,00	0,00
11.09.2025 08:39:40	0,27	0,18	0,14	0,09	0,05	0,03	0,00	0,06	0,00	0,00	0,26	0,00	0,00	0,00	0,55	0,00	0,49	0,00	1,32	0,00	0,00	0,00	0,00	0,00	0,00	0,00	0,00	0,00	0,00	0,00	0,00
11.09.2025 08:39:46	0,21	0,16	0,13	0,06	0,03	0,02	0,00	0,00	0,00	0,08	0,00	0,00	0,00	0,00	0,00	0,00	0,00	0,00	0,00	0,00	0,00	0,00	0,00	0,00	0,00	0,00	0,00	0,00	0,00	0,00	0,00
11.09.2025 08:39:52	0,15	0,09	0,08	0,06	0,01	0,03	0,00	0,03	0,05	0,00	0,00	0,00	0,00	0,00	0,00	0,00	0,00	0,00	0,00	0,00	0,00	0,00	0,00	0,00	0,00	0,00	0,00	0,00	0,00	0,00	0,00
11.09.2025 08:39:58	0,41	0,18	0,16	0,10	0,09	0,05	0,02	0,00	0,14	0,16	0,00	0,21	0,34	0,56	0,37	0,30	0,49	0,00	0,00	2,17	0,00	0,00	0,00	0,00	0,00	0,00	0,00	0,00	0,00	0,00	0,00
11.09.2025 08:40:04	0,14	0,07	0,06	0,04	0,01	0,01	0,00	0,00	0,00	0,08	0,00	0,00	0,00	0,00	0,37	0,60	0,49	0,00	0,00	0,00	0,00	0,00	0,00	0,00	0,00	0,00	0,00	0,00	0,00	0,00	0,00
11.09.2025 08:40:10	0,13	0,09	0,04	0,05	0,01	0,00	0,00	0,00	0,00	0,00	0,13	0,00	0,00	0,00	0,00	0,00	0,00	0,00	0,00	0,00	0,00	0,00	0,00	0,00	0,00	0,00	0,00	0,00	0,00	0,00	0,00
11.09.2025 08:40:16	0,11	0,09	0,06	0,05	0,01	0,00	0,00	0,00	0,00	0,00	0,00	0,00	0,00	0,00	0,74	1,21	0,00	0,00	1,32	2,17	0,00	0,00	0,00	0,00	0,00	0,00	0,00	0,00	0,00	0,00	0,00
11.09.2025 08:40:22	0,23	0,17	0,08	0,08	0,05	0,02	0,04	0,00	0,00	0,00	0,00	0,21	0,00	0,00	1,10	1,21	0,00	0,00	0,00	0,00	0,00	0,00	0,00	0,00	0,00	0,00	0,00	0,00	0,00	0,00	0,00
11.09.2025 08:40:28	0,15	0,11	0,06	0,03	0,02	0,03	0,02	0,03	0,05	0,08	0,00	0,00	0,00	0,56	0,00	0,00	0,00	0,00	0,00	0,00	0,00	0,00	0,00	0,00	0,00	0,00	0,00	0,00	0,00	0,00	0,00
11.09.2025 08:40:34	0,09	0,06	0,04	0,01	0,01	0,00	0,00	0,00	0,00	0,00	0,00	0,00	0,00	0,00	0,00	0,00	0,00	0,00	0,00	0,00	0,00	0,00	0,00	0,00	0,00	0,00	0,00	0,00	0,00	0,00	0,00
11.09.2025 08:40:40	0,18	0,09	0,09	0,04	0,02	0,01	0,02	0,00	0,00	0,08	0,00	0,00	0,00	0,00	0,00	0,00	0,00	0,00	0,00	0,00	0,00	0,00	0,00	0,00	0,00	0,00	0,00	0,00	0,00	0,00	0,00
11.09.2025 08:40:46	0,19	0,10	0,11	0,06	0,05	0,01	0,02	0,03	0,00	0,00	0,00	0,21	0,00	0,00	0,00	0,00	0,00	0,00	0,00	0,00	0,00	0,00	0,00	0,00	0,00	0,00	0,00	0,00	0,00	0,00	0,00
11.09.2025 08:40:52	0,17	0,09	0,06	0,04	0,01	0,03	0,00	0,00	0,05	0,00	0,00	0,00	0,00	0,00	0,55	0,60	0,00	0,00	0,00	0,00	0,00	0,00	0,00	0,00	0,00	0,00	0,00	0,00	0,00	0,00	0,00
11.09.2025 08:40:58	0,16	0,10	0,07	0,06	0,04	0,01	0,02	0,06	0,00	0,00	0,00	0,00	0,00	0,56	0,00	0,00	0,00	0,00	0,00	0,00	0,00	0,00	0,00	0,00	0,00	0,00	0,00	0,00	0,00	0,00	0,00
11.09.2025 08:41:04	0,17	0,09	0,06	0,04	0,03	0,01	0,02	0,00	0,00	0,00	0,00	0,00	0,00	0,00	0,00	0,00	0,00	0,00	0,00	0,00	0,00	0,00	0,00	0,00	0,00	0,00	0,00	0,00	0,00	0,00	0,00
11.09.2025 08:41:10	0,13	0,08	0,07	0,04	0,02	0,00	0,02	0,00	0,00	0,00	0,00	0,00	0,00	0,00	0,00	0,00	0,00	0,00	0,00	0,00	0,00	0,00	0,00	0,00	0,00	0,00	0,00	0,00	0,00	0,00	0,00
11.09.2025 08:41:16	0,06	0,02	0,02	0,02	0,00	0,00	0,00	0,00	0,05	0,00	0,00	0,00	0,00	0,00	0,00	0,00	0,00	0,00	0,00	0,00	0,00	0,00	0,00	0,00	0,00	0,00	0,00	0,00	0,00	0,00	0,00
11.09.2025 08:41:22	0,06	0,04	0,03	0,01	0,00	0,01	0,00	0,00	0,00	0,00	0,00	0,00	0,00	0,00	0,00	0,00	0,00	0,00	0,00	0,00	0,00	0,00	0,00	0,00	0,00	0,00	0,00	0,00	0,00	0,00	0,00
11.09.2025 08:41:28	0,09	0,04	0,02	0,02	0,01	0,00	0,00	0,00	0,00	0,00	0,00	0,00	0,00	0,00	0,55	0,60	0,00	0,00	0,00	0,00	0,00	0,00	0,00	0,00	0,00	0,00	0,00	0,00	0,00	0,00	0,00
11.09.2025 08:41:34	0,09	0,06	0,04	0,03	0,03	0,00	0,02	0,00	0,00	0,00	0,00	0,00	0,34	0,00	0,55	0,60	0,00	0,00	0,00	0,00	0,00	0,00	0,00	0,00	0,00	0,00	0,00	0,00	0,00	0,00	0,00
11.09.2025 08:41:40	0,06	0,05	0,02	0,02	0,00	0,00	0,00	0,00	0,00	0,00	0,00	0,00	0,00	0,00	0,00	0,00	0,00	0,00	0,00	0,00	0,00	0,00	0,00	0,00	0,00	0,00	0,00	0,00	0,00	0,00	0,00
11.09.2025 08:41:46	0,04	0,02	0,01	0,01	0,01	0,00	0,00	0,00	0,00	0,00	0,00	0,00	0,00	0,00	0,00	0,00	0,00	0,00	0,00	0,00	0,00	0,00	0,00	0,00	0,00	0,00	0,00	0,00	0,00	0,00	0,00
11.09.2025 08:41:52	0,04	0,02	0,02	0,00	0,01	0,00	0,00	0,00	0,00	0,00	0,00	0,00	0,00	0,00	0,00	0,00	0,00	0,00	0,00	0,00	0,00	0,00	0,00	0,00	0,00	0,00	0,00	0,00	0,00	0,00	0,00
11.09.2025 08:41:58	0,04	0,03	0,02	0,02	0,03	0,00	0,00	0,03	0,00	0,00	0,00	0,00	0,00	0,00	1,29	0,60	0,49	0,00	0,00	0,00	0,00	0,00	0,00	0,00	0,00	0,00	0,00	0,00	0,00	0,00	0,00
11.09.2025 08:42:04	0,07	0,05	0,04	0,03	0,01	0,01	0,00	0,00	0,00	0,00	0,00	0,00	0,00	0,00	0,00	0,00	0,00	0,00	0,00	0,00	0,00	0,00	0,00	0,00	0,00	0,00	0,00	0,00	0,00	0,00	0,00
11.09.2025 08:42:10	0,05	0,03	0,03	0,02	0,00	0,00	0,02	0,00	0,00	0,00	0,00	0,00	0,00	0,00	0,00	0,00	0,00	0,00	0,00	0,00	0,00	0,00	0,00	0,00	0,00	0,00	0,00	0,00	0,00	0,00	0,00
11.09.2025 08:42:16	0,05	0,05	0,03	0,02	0,01	0,01	0,00	0,00	0,00	0,00	0,00	0,00	0,00	0,00	0,00	0,00	0,00	0,00	0,00	0,00	0,00	0,00	0,00	0,00	0,00	0,00	0,00	0,00	0,00	0,00	0,00
11.09.2025 08:42:22	0,05	0,04	0,02	0,02	0,02	0,00	0,00	0,00	0,00	0,08	0,00	0,00	0,00	0,00	0,00	0,00	0,00	0,00	0,00	0,00	0,00	0,00	0,00	0,00	0,00	0,00	0,00	0,00	0,00	0,00	0,00
11.09.2025 08:42:28	0,04	0,03	0,01	0,00	0,00	0,00	0,00	0,00	0,00	0,00	0,00	0,00	0,00	0,00	0,00	0,00	0,00	0,00	0,00	0,00	0,00	0,00	0,00	0,00	0,00	0,00	0,00	0,00	0,00	0,00	0,00
11.09.2025 08:42:34	0,02	0,01	0,01	0,00	0,00	0,00	0,00	0,00	0,00	0,00	0,00	0,00	0,00	0,00	0,00	0,00	0,00	0,00	0,00	0,00	0,00	0,00	0,00	0,00	0,00	0,00	0,00	0,00	0,00	0,00	0,00
11.09.2025 08:42:40	0,03	0,01	0,02	0,00	0,01	0,00	0,00	0,00	0,00	0,00	0,00	0,00	0,00	0,00	0,00	0,00	0,00	0,00	0,00	0,00	0,00	0,00	0,00	0,00	0,00	0,00	0,00	0,00	0,00	0,00	0,00
11.09.2025 08:42:46	0,03	0,02	0,01	0,01	0,00	0,00	0,02	0,00	0,00	0,00	0,00	0,00	0,00	0,00	0,00	0,00	0,00	0,00	0,00	0,00	0,00	0,00	0,00	0,00	0,00	0,00	0,00	0,00	0,00	0,00	0,00
11.09.2025 08:42:52	0,02	0,01	0,01	0,01	0,00	0,00	0,00	0,00	0,00	0,00	0,00	0,00	0,00	0,56	0,37	0,60	0,00	0,81	0,00	0,00	0,00	0,00	0,00	0,00	0,00	0,00	0,00	0,00	0,00	0,00	0,00
11.09.2025 08:42:58	0,02	0,02	0,01	0,00	0,00	0,00	0,00	0,00	0,00	0,00	0,00	0,00	0,00	0,00	0,00	0,00	0,00	0,00	0,00	0,00	0,00	0,00	0,00	0,00	0,00	0,00	0,00	0,00	0,00	0,00	0,00
11.09.2025 08:43:04	0,02	0,01	0,01	0,00	0,00	0,00	0,00	0,00	0,00	0,00	0,00	0,00	0,00	0,00	0,00	0,00	0,00	0,00	0,00	0,00	0,00	0,00	0,00	0,00	0,00	0,00	0,00	0,00	0,00	0,00	0,00
11.09.2025 08:43:10	0,02	0,02	0,01	0,01	0,00	0,00	0,00	0,00	0,00	0,00	0,00	0,00	0,00	0,00	0,92	0,00	0,00	0,00	0,00	0,00	0,00	0,00	0,00	0,00	0,00	0,00	0,00	0,00	0,00	0,00	0,00
11.09.2025 08:43:16	0,01	0,01	0,00	0,00	0,00	0,00	0,00	0,00	0,00	0,00	0,00	0,00	0,00	0,00	0,00	0,00	0,00	0,00	0,00	0,00	0,00	0,00	0,00	0,00	0,00	0,00	0,00	0,00	0,00	0,00	0,00
11.09.2025 08:43:22	0,02	0,01	0,00	0,00	0,00	0,00	0,00	0,00	0,00	0,00	0,00	0,00	0,00	0,00	0,00	0,00	0,00	0,00	0,00	0,00	0,00	0,00	0,00	0,00	0,00	0,00	0,00	0,00	0,00	0,00	0,00
11.09.2025 08:43:28	0,01	0,01	0,00	0,00	0,00	0,00	0,00	0,00	0,00	0,00	0,00	0,00	0,00	0,00	0,00	0,00	0,00	0,00	0,00	0,00	0,00	0,00	0,00	0,00	0,00	0,00	0,00	0,00	0,00	0,00	0,00
11.09.2025 08:43:34	0,02	0,02	0,01	0,00	0,00	0,00	0,00	0,00	0,00	0,00	0,00	0,00	0,00	0,00	1,47	0,60	0,00	0,00	0,00	0,00	0,00	0,00	0,00	0,00	0,00	0,00	0,00	0,00	0,00	0,00	0,00
11.09.2025 08:43:40	0,02	0,02	0,01	0,01	0,00	0,00	0,00	0,00	0,00	0,00	0,00	0,00	0,00	0,00	0,00	0,00	0,00	0,00	0,00	0,00	0,00	0,00	0,00	0,00	0,00	0,00	0,00	0,00	0,00	0,00	0,00
11.09.2025 08:43:46	0,02	0,02	0,00	0,00	0,00	0,00	0,00	0,00	0,00	0,00	0,00	0,00	0,00	0,00	0,00	0,00	0,00	0,00	0,00	0,00	0,00	0,00	0,00	0,00	0,00	0,00	0,00	0,00	0,00	0,00	0,00
11.09.2025 08:43:52	0,02	0,01	0,01	0,00	0,00	0,00	0,00	0,00	0,00	0,00	0,00	0,00	0,00	0,00	0,00	0,00	0,00	0,00	0,00	0,00	0,00	0,00	0,00	0,00	0,00	0,00	0,00	0,00	0,00	0,00	0,00
11.09.2025 08:43:58	0,01	0,01	0,00	0,00	0,00	0,00	0,00	0,00	0,00	0,00	0,00	0,00	0,00	0,00	0,00	0,00	0,00	0,00	0,00	0,00	0,00	0,00	0,00	0,00	0,00	0,00	0,00	0,00	0,00	0,00	0,00
11.09.2025 08:44:04	0,01	0,02	0,01	0,01	0,00	0,00	0,00	0,00	0,00	0,00	0,00	0,00	0,00	0,00	0,00	0,00	0,00	0,00	0,00	0,00	0,00	0,00	0,00	0,00	0,00	0,00	0,00	0,00	0,00	0,00	0,00
11.09.2025 08:44:10	0,00	0,01	0,00	0,00	0,00	0,00	0,02	0,00	0,00	0,00	0,00	0,00	0,00	0,00	0,00	0,00	0,00	0,00	0,00	0,00	0,00	0,00	0,00	0,00	0,00	0,00	0,00	0,00	0,00	0,00	0,00
11.09.2025 08:44:16	0,01	0,00	0,01	0,00	0,00	0,00	0,00	0,00	0,00	0,00	0,00	0,00	0,00	0,00	0,00	0,00	0,00	0,00	0,00	0,00	0,00	0,00	0,00	0,00	0,00	0,00	0,00	0,00	0,00	0,00	0,00
11.09.2025 08:44:22	0,01	0,01	0,01	0,00	0,00	0,00	0,00	0,00	0,00	0,00	0,00	0,00	0,00	0,00	0,00	0,00	0,00	0,00	0,00	0,00	0,00	0,00	0,00	0,00	0,00	0,00	0,00	0,00	0,00	0,00	0,00
11.09.2025 08:44:28	0,01	0,00	0,00	0,00	0,00	0,00	0,00	0,00	0,00	0,00	0,00	0,21	0,00	0,00	0,00	0,00	0,00	0,00	0,00	0,00	0,00	0,00	0,00	0,00	0,00	0,00	0,00	0,00	0,00	0,00	0,00
11.09.2025 08:44:34	0,01	0,01	0,01	0,01	0,00	0,00	0,00	0,00	0,00	0,00	0,00	0,00	0,00	0,00	0,00	0,00	0,00	0,00	0,00	0,00	0,00	0,00	0,00	0,00	0,00	0,00	0,00	0,00	0,00	0,00	0,00
11.09.2025 08:44:40	0,02	0,01	0,00	0,00	0,00	0,00	0,00	0,00	0,00	0,00	0,00	0,00	0,00	0,00	0,00	0,00	0,00	0,00	0,00	0,00	0,00	0,00	0,00	0,00	0,00	0,00	0,00	0,00	0,00	0,00	0,00
11.09.2025 08:44:46	0,01	0,01	0,01	0,00	0,00	0,01	0,00	0,00	0,00	0,00	0,00	0,00	0,00	0,00	0,00	0,00	0,00	0,00	0,00	0,00	0,00	0,00	0,00	0,00	0,00	0,00	0,00	0,00	0,00	0,00	0,00
11.09.2025 08:44:52	0,01	0,00	0,00	0,00	0,00	0,00	0,00	0,00	0,00	0,00	0,00	0,00	0,00	0,00	0,00	0,00	0,00	0,00	0,00	0,00	0,00	0,00	0,00	0,00	0,00	0,00	0,00	0,00	0,00	0,00	0,00
11.09.2025 08:44:58	0,00	0,00	0,01	0,00	0,00	0,00	0,00	0,00	0,00	0,00	0,00	0,00	0,00	0,00	0,00	0,00	0,00	0,00	0,00	0,00	0,00	0,00	0,00	0,00	0,00	0,00	0,00	0,00	0,00	0,00	0,00
11.09.2025 08:45:04	0,01	0,00	0,00	0,02	0,00	0,00	0,00	0,00	0,00	0,00	0,00	0,00	0,00	0,00	0,00	0,00	0,00	0,00	0,00	0,00	0,00	0,00	0,00	0,00	0,00	0,00	0,00	0,00	0,00	0,00	0,00
11.09.2025 08:45:10	0,01	0,00	0,00	0,00	0,00	0,00	0,00	0,00	0,00	0,00	0,00	0,00	0,00	0,00	0,00	0,00	0,00	0,00	0,00	0,00	0,00	0,00	0,00	0,00	0,00	0,00	0,00	0,00	0,00	0,00	0,00
11.09.2025 08:45:16	0,01	0,00	0,00	0,00	0,01	0,00	0,00	0,00	0,00	0,00	0,00	0,00	0,00	0,00	0,00	0,00	0,00	0,00	0,00	0,00	0,00	0,00	0,00	0,00	0,00	0,00	0,00	0,00	0,00	0,00	0,00
11.09.2025 08:45:22	0,01	0,00	0,00	0,00	0,00	0,00	0,00	0,00	0,00	0,00	0,00	0,00	0,00	0,00	0,00	0,00	0,00	0,00	0,00	0,00	0,00	0,00	0,00	0,00	0,00	0,00	0,00	0,00	0,00	0,00	0,00
11.09.2025 08:45:28	0,00	0,00	0,00	0,00	0,00	0,00	0,00	0,00	0,00	0,00	0,00	0,00	0,00	0,00	0,00	0,00	0,00	0,00	0,00	0,00	0,00	0,00	0,00	0,00	0,00	0,00	0,00	0,00	0,00	0,00	0,00
11.09.2025 08:45:34	0,01	0,00	0,00	0,00	0,00	0,00	0,00	0,00	0,00	0,00	0,00	0,00	0,00	0,00	0,00	0,00	0,00	0,00	0,00	0,00	0,00	0,00	0,00	0,00	0,00	0,00	0,00	0,00	0,00	0,00	0,00
11.09.2025 08:45:40	0,00	0,00	0,00	0,00	0,00	0,00	0,00	0,00	0,00	0,00	0,00	0,00	0,00	0,00	0,00	0,00	0,00	0,00	0,00	0,00	0,00	0,00	0,00	0,00	0,00	0,00	0,00	0,00	0,00	0,00	0,00
11.09.2025 08:45:46	0,00	0,00	0,00	0,00	0,00	0,00	0,00	0,00	0,00	0,00	0,00	0,00	0,00	0,00	0,00	0,00	0,00	0,00	0,00	0,00	0,00	0,00	0,00	0,00	0,00	0,00	0,00	0,00	0,00	0,00	0,00
11.09.2025 08:45:52	0,00	0,00	0,00	0,00	0,00	0,00	0,00	0,00	0,00	0,00	0,00	0,00	0,00	0,00	0,00	0,00	0,00	0,00	0,00	0,00	0,00	0,00	0,00	0,00	0,00	0,00	0,00	0,00	0,00	0,00	0,00
11.09.2025 08:45:58	0,01	0,00	0,00	0,00	0,00	0,00	0,00	0,00	0,00	0,00	0,00	0,00	0,00	0,00	0,00	0,00	0,00	0,00	0,00	0,00	0,00	0,00	0,00	0,00	0,00	0,00	0,00	0,00	0,00	0,00	0,00
11.09.2025 08:46:04	0,01	0,00	0,00	0,00	0,00	0,00	0,00	0,00	0,00	0,00	0,00	0,00	0,00	0,00	0,00	0,00	0,00	0,00	0,00	0,00	0,00	0,00	0,00	0,00	0,00	0,00	0,00	0,00	0,00	0,00	0,00
11.09.2025 08:46:10	0,01	0,00	0,00	0,01	0,00	0,00	0,00	0,00	0,00	0,00	0,00	0,00	0,00	0,00	0,00	0,00	0,00	0,00	0,00	0,00	0,00	0,00	0,00	0,00	0,00	0,00	0,00	0,00	0,00	0,00	0,00
11.09.2025 08:46:16	0,00	0,00	0,00	0,00	0,01	0,00	0,00	0,00	0,00	0,00	0,00	0,00	0,00	0,00	0,00	0,00	0,00	0,00	0,00	0,00	0,00	0,00	0,00	0,00	0,00	0,00	0,00	0,00	0,00	0,00	0,00
11.09.2025 08:46:22	0,00	0,00	0,00	0,00	0,00	0,00	0,00	0,00	0,00	0,00	0,00	0,00	0,00	0,00	0,00	0,00	0,00	0,00	0,00	0,00	0,00	0,00	0,00	0,00	0,00	0,00	0,00	0,00	0,00	0,00	0,00
11.09.2025 08:46:28	0,01	0,00	0,00	0,00	0,00	0,00	0,00	0,00	0,00	0,00	0,00	0,00	0,00	0,00	0,00	0,00	0,00	0,00	0,00	0,00	0,00	0,00	0,00	0,00	0,00	0,00	0,00	0,00	0,00	0,00	0,00
11.09.2025 08:46:34	0,00	0,00	0,00	0,00	0,00	0,00	0,00	0,00	0,00	0,00	0,00	0,00	0,00	0,00	0,00	0,00	0,00	0,00	0,00	0,00	0,00	0,00	0,00	0,00	0,00	0,00	0,00	0,00	0,00	0,00	0,00
11.09.2025 08:46:40	0,00	0,00	0,00	0,00	0,00	0,00	0,00	0,00	0,00	0,00	0,00	0,00	0,00	0,00	0,00	0,00	0,00	0,00	0,00	0,00	0,00	0,00	0,00	0,00	0,00	0,00	0,00	0,00	0,00	0,00	0,00
11.09.2025 08:46:46	0,00	0,00	0,00	0,00	0,00	0,00	0,00	0,00	0,00	0,00	0,00	0,00	0,00	0,00	0,00	0,00	0,00	0,00	0,00	0,00	0,00	0,00	0,00	0,00	0,00	0,00	0,00	0,00	0,00	0,00	0,00
11.09.2025 08:46:52	0,00	0,00	0,00	0,00	0,00	0,00	0,00	0,00	0,00	0,00	0,00	0,00	0,00	0,00	0,00	0,00	0,00	0,00	0,00	0,00	0,00	0,00	0,00	0,00	0,00	0,00	0,00	0,00	0,00	0,00	0,00
11.09.2025 08:46:58	0,00	0,00	0,00	0,00	0,00	0,00	0,00	0,00	0,00	0,00	0,00	0,00	0,00	0,00	0,00	0,00	0,00	0,00	0,00	0,00	0,00	0,00	0,00	0,00	0,00	0,00	0,00	0,00	0,00	0,00	0,00
11.09.2025 08:47:04	0,00	0,00	0,00	0,00	0,00	0,00	0,00	0,00	0,00	0,00	0,00	0,00	0,00	0,00	0,00	0,00	0,00	0,00	0,00	0,00	0,00	0,00	0,00	0,00	0,00	0,00	0,00	0,00	0,00	0,00	0,00
11.09.2025 08:47:10	0,01	0,00	0,00	0,00	0,00	0,00	0,00	0,03	0,00	0,00	0,00	0,00	0,00	0,00	0,00	0,00	0,00	0,00	0,00	0,00	0,00	0,00	0,00	0,00	0,00	0,00	0,00	0,00	0,00	0,00	0,00
11.09.2025 08:47:16	0,00	0,00	0,00	0,00	0,00	0,00	0,00	0,00	0,00	0,00	0,00	0,00	0,00	0,00	0,00	0,00	0,00	0,00	0,00	0,00	0,00	0,00	0,00	0,00	0,00	0,00	0,00	0,00	0,00	0,00	0,00
11.09.2025 08:47:22	0,00	0,00	0,00	0,00	0,01	0,00	0,00	0,00	0,00	0,00	0,00	0,00	0,00	0,00	0,00	0,00	0,00	0,00	0,00	0,00	0,00	0,00	0,00	0,00	0,00	0,00	0,00	0,00	0,00	0,00	0,00
11.09.2025 08:47:28	0,00	0,00	0,00	0,00	0,00	0,00	0,00	0,00	0,00	0,00	0,00	0,00	0,00	0,00	0,00	0,00	0,00	0,00	0,00	0,00	0,00	0,00	0,00	0,00	0,00	0,00	0,00	0,00	0,00	0,00	0,00
11.09.2025 08:47:34	0,01	0,00	0,00	0,00	0,00	0,00	0,00	0,00	0,00	0,00	0,00	0,00	0,00	0,00	0,00	0,00	0,00	0,00	0,00	0,00	0,00	0,00	0,00	0,00	0,00	0,00	0,00	0,00	0,00	0,00	0,00
11.09.2025 08:47:40	0,00	0,00	0,00	0,00	0,00	0,00	0,00	0,00	0,00	0,00	0,00	0,00	0,00	0,00	0,00	0,00	0,00	0,00	0,00	0,00	0,00	0,00	0,00	0,00	0,00	0,00	0,00	0,00	0,00	0,00	0,00
11.09.2025 08:47:46	0,00	0,01	0,00	0,00	0,01	0,00	0,00	0,00	0,00	0,00	0,00	0,00	0,00	0,00	0,00	0,00	0,00	0,00	0,00	0,00	0,00	0,00	0,00	0,00	0,00	0,00	0,00	0,00	0,00	0,00	0,00
11.09.2025 08:47:52	0,00	0,00	0,00	0,01	0,00	0,00	0,00	0,00	0,00	0,00	0,00	0,00	0,00	0,00	0,00	0,00	0,00	0,00	0,00	0,00	0,00	0,00	0,00	0,00	0,00	0,00	0,00	0,00	0,00	0,00	0,00
11.09.2025 08:47:58	0,01	0,00	0,00	0,00	0,00	0,01	0,00	0,00	0,00	0,00	0,00	0,00	0,00	0,00	0,74	1,21	0,00	0,00	0,00	0,00	0,00	0,00	9,54	0,00	0,00	0,00	68,64	0,00	0,00	0,00	0,00
11.09.2025 08:48:04	0,01	0,00	0,01	0,00	0,00	0,00	0,00	0,00	0,00	0,00	0,00	0,00	0,00	0,00	0,92	1,21	0,00	0,00	0,00	0,00	3,56	0,00	0,00	0,00	0,00	0,00	0,00	0,00	0,00	0,00	0,00
11.09.2025 08:48:10	0,01	0,00	0,00	0,00	0,01	0,00	0,00	0,03	0,00	0,00	0,00	0,00	0,00	0,00	0,00	0,00	0,00	0,00	0,00	0,00	0,00	0,00	0,00	0,00	0,00	0,00	0,00	0,00	0,00	0,00	0,00
11.09.2025 08:48:16	0,00	0,01	0,00	0,00	0,01	0,01	0,00	0,00	0,00	0,00	0,00	0,00	0,34	0,00	0,00	0,00	0,00	0,00	1,32	0,00	0,00	0,00	0,00	31,24	25,59	41,93	0,00	0,00	0,00	0,00	0,00
11.09.2025 08:48:22	0,00	0,00	0,00	0,00	0,00	0,02	0,00	0,03	0,00	0,00	0,00	0,00	0,00	0,56	0,00	0,00	0,00	0,00	1,32	4,34	0,00	5,82	0,00	0,00	25,59	0,00	0,00	0,00	0,00	0,00	0,00
11.09.2025 08:48:28	0,00	0,00	0,00	0,00	0,00	0,00	0,00	0,00	0,00	0,00	0,00	0,00	0,00	0,00	0,00	0,00	0,00	0,00	0,00	0,00	0,00	0,00	0,00	0,00	0,00	0,00	0,00	0,00	0,00	0,00	0,00
11.09.2025 08:48:34	0,00	0,01	0,00	0,00	0,01	0,01	0,02	0,00	0,00	0,08	0,00	0,00	0,00	1,12	0,00	0,00	0,00	0,00	0,00	0,00	0,00	0,00	0,00	0,00	0,00	0,00	0,00	0,00	0,00	0,00	0,00
11.09.2025 08:48:40	0,01	0,00	0,00	0,01	0,01	0,00	0,00	0,00	0,00	0,00	0,00	0,00	0,00	0,00	0,18	0,60	0,49	0,00	0,00	0,00	0,00	0,00	9,54	0,00	0,00	0,00	0,00	0,00	0,00	0,00	0,00
11.09.2025 08:48:46	0,00	0,00	0,00	0,00	0,00	0,02	0,00	0,00	0,00	0,00	0,00	0,00	0,34	0,56	0,00	0,00	0,49	0,00	2,65	0,00	0,00	5,82	9,54	0,00	0,00	0,00	0,00	0,00	0,00	0,00	0,00
11.09.2025 08:48:52	0,00	0,00	0,01	0,01	0,02	0,01	0,00	0,03	0,00	0,00	0,00	0,21	0,00	0,00	2,03	3,32	0,00	0,00	0,00	0,00	0,00	0,00	19,08	0,00	0,00	0,00	68,64	0,00	0,00	0,00	0,00
11.09.2025 08:48:58	0,00	0,00	0,00	0,01	0,01	0,00	0,00	0,00	0,00	0,00	0,00	0,00	0,00	0,00	0,00	0,00	0,00	0,00	0,00	0,00	0,00	0,00	0,00	0,00	0,00	0,00	0,00	0,00	0,00	0,00	0,00
11.09.2025 08:49:04	0,00	0,00	0,00	0,00	0,00	0,00	0,00	0,06	0,00	0,00	0,00	0,00	0,34	0,56	0,74	0,00	0,00	0,00	0,00	2,17	0,00	0,00	0,00	0,00	0,00	0,00	0,00	0,00	0,00	0,00	0,00
11.09.2025 08:49:10	0,00	0,00	0,00	0,00	0,01	0,01	0,02	0,00	0,00	0,00	0,26	0,00	0,00	0,00	0,00	0,30	0,49	0,81	0,00	0,00	0,00	0,00	9,54	0,00	25,59	0,00	0,00	0,00	0,00	0,00	0,00
11.09.2025 08:49:16	0,01	0,00	0,00	0,01	0,00	0,01	0,00	0,00	0,00	0,08	0,00	0,00	0,34	0,00	0,00	0,00	0,00	0,00	0,00	0,00	0,00	0,00	0,00	0,00	0,00	0,00	0,00	0,00	0,00	0,00	0,00
11.09.2025 08:49:22	0,00	0,00	0,00	0,01	0,00	0,00	0,00	0,00	0,00	0,08	0,13	0,00	0,00	0,00	0,18	0,30	0,00	0,00	0,00	0,00	3,56	5,82	0,00	0,00	0,00	0,00	0,00	112,42	0,00	0,00	0,00
11.09.2025 08:49:28	0,00	0,00	0,00	0,01	0,01	0,01	0,00	0,00	0,00	0,00	0,00	0,00	0,00	0,00	0,00	0,00	0,00	0,00	0,00	0,00	0,00	0,00	0,00	0,00	0,00	0,00	0,00	0,00	0,00	0,00	0,00
11.09.2025 08:49:34	0,00	0,00	0,00	0,00	0,01	0,01	0,00	0,06	0,00	0,00	0,00	0,00	0,00	0,00	1,66	1,21	0,49	0,00	1,32	0,00	0,00	0,00	0,00	0,00	0,00	0,00	0,00	0,00	0,00	0,00	0,00
11.09.2025 08:49:40	0,00	0,01	0,00	0,00	0,01	0,01	0,02	0,00	0,00	0,00	0,00	0,00	0,34	0,00	0,37	0,30	0,00	0,81	0,00	0,00	3,56	0,00	0,00	0,00	0,00	0,00	0,00	0,00	0,00	0,00	0,00
11.09.2025 08:49:46	0,00	0,00	0,01	0,00	0,01	0,01	0,00	0,00	0,00	0,08	0,13	0,00	0,00	0,00	0,92	0,00	0,00	0,81	0,00	4,34	0,00	0,00	9,54	15,62	0,00	0,00	0,00	0,00	0,00	0,00	0,00
11.09.2025 08:49:52	0,01	0,01	0,00	0,00	0,00	0,00	0,00	0,00	0,05	0,00	0,00	0,00	0,34	0,00	0,37	0,60	0,00	0,81	0,00	0,00	3,56	0,00	0,00	15,62	25,59	0,00	68,64	0,00	0,00	301,55	0,00
11.09.2025 08:49:58	0,00	0,01	0,00	0,00	0,00	0,02	0,04	0,00	0,00	0,00	0,00	0,21	0,00	0,00	1,47	0,00	0,00	0,00	1,32	2,17	0,00	11,65	9,54	15,62	25,59	0,00	0,00	0,00	0,00	0,00	0,00
11.09.2025 08:50:04	0,01	0,00	0,00	0,01	0,01	0,03	0,00	0,00	0,00	0,00	0,00	0,00	0,00	0,00	0,00	0,00	0,00	0,00	0,00	0,00	0,00	0,00	0,00	0,00	0,00	0,00	0,00	0,00	0,00	0,00	0,00
11.09.2025 08:50:10	0,01	0,01	0,00	0,00	0,00	0,03	0,04	0,03	0,00	0,00	0,00	0,42	0,00	0,00	0,00	0,00	0,00	0,00	0,00	0,00	0,00	0,00	0,00	0,00	0,00	0,00	0,00	0,00	0,00	0,00	0,00
11.09.2025 08:50:16	0,01	0,01	0,00	0,00	0,01	0,00	0,00	0,00	0,00	0,00	0,13	0,00	0,00	0,00	0,00	0,00	0,00	0,00	2,65	0,00	0,00	0,00	19,08	0,00	25,59	0,00	0,00	0,00	0,00	0,00	0,00
11.09.2025 08:50:22	0,01	0,00	0,00	0,01	0,01	0,01	0,00	0,00	0,00	0,00	0,00	0,00	0,00	0,00	0,00	0,00	0,00	0,00	0,00	0,00	0,00	0,00	0,00	0,00	0,00	0,00	0,00	0,00	0,00	0,00	0,00
11.09.2025 08:50:28	0,00	0,00	0,00	0,00	0,02	0,01	0,02	0,03	0,00	0,08	0,00	0,00	0,00	1,12	0,00	0,00	0,00	0,00	0,00	0,00	0,00	0,00	0,00	0,00	0,00	0,00	0,00	0,00	0,00	0,00	0,00
11.09.2025 08:50:34	0,01	0,00	0,00	0,00	0,01	0,01	0,02	0,00	0,05	0,00	0,13	0,00	0,00	0,00	0,00	0,90	0,99	0,81	0,00	2,17	3,56	0,00	19,08	0,00	0,00	0,00	0,00	0,00	0,00	0,00	0,00
11.09.2025 08:50:40	0,01	0,01	0,01	0,00	0,01	0,01	0,02	0,06	0,00	0,08	0,13	0,00	0,34	0,00	1,29	1,51	0,00	1,62	0,00	2,17	3,56	5,82	0,00	31,24	25,59	0,00	0,00	0,00	0,00	0,00	0,00
11.09.2025 08:50:46	0,00	0,00	0,00	0,01	0,01	0,03	0,00	0,03	0,05	0,00	0,00	0,00	0,00	0,00	0,00	0,00	0,99	0,00	1,32	0,00	3,56	5,82	9,54	15,62	76,76	0,00	0,00	0,00	0,00	0,00	0,00
11.09.2025 08:50:52	0,01	0,01	0,01	0,01	0,02	0,02	0,00	0,00	0,05	0,08	0,26	0,00	0,34	0,00	0,18	0,00	0,49	0,81	3,97	0,00	10,67	0,00	28,63	0,00	0,00	41,93	137,29	0,00	0,00	0,00	0,00
11.09.2025 08:50:58	0,01	0,00	0,00	0,00	0,01	0,00	0,04	0,06	0,05	0,08	0,13	0,42	0,00	0,00	0,55	0,30	0,49	0,00	1,32	2,17	3,56	11,65	9,54	15,62	51,18	0,00	0,00	0,00	184,14	0,00	0,00
11.09.2025 08:51:04	0,01	0,01	0,01	0,01	0,02	0,02	0,02	0,03	0,00	0,00	0,13	0,42	0,34	1,69	2,58	4,22	0,99	1,62	2,65	2,17	3,56	0,00	9,54	31,24	0,00	41,93	0,00	0,00	0,00	0,00	0,00
11.09.2025 08:51:10	0,01	0,00	0,01	0,00	0,00	0,00	0,04	0,03	0,00	0,00	0,00	0,00	0,00	0,56	0,00	0,00	0,00	0,00	0,00	0,00	0,00	0,00	28,63	46,87	76,76	41,93	0,00	0,00	0,00	0,00	0,00
11.09.2025 08:51:16	0,01	0,01	0,01	0,02	0,02	0,00	0,02	0,03	0,00	0,08	0,26	0,00	0,34	0,56	0,74	0,00	0,49	0,81	1,32	2,17	3,56	5,82	47,71	31,24	25,59	41,93	68,64	0,00	0,00	0,00	0,00
11.09.2025 08:51:22	0,01	0,01	0,01	0,02	0,01	0,03	0,00	0,06	0,05	0,00	0,26	0,00	0,34	1,12	1,10	0,90	0,00	0,00	0,00	4,34	3,56	0,00	0,00	15,62	0,00	83,87	0,00	0,00	0,00	0,00	0,00
11.09.2025 08:51:28	0,01	0,00	0,01	0,01	0,01	0,04	0,04	0,06	0,00	0,00	0,00	0,21	0,00	0,00	1,47	0,30	0,00	1,62	1,32	0,00	3,56	11,65	28,63	0,00	25,59	0,00	0,00	112,42	0,00	0,00	0,00
11.09.2025 08:51:34	0,01	0,01	0,01	0,03	0,02	0,04	0,00	0,03	0,00	0,08	0,13	0,21	0,00	1,12	0,00	0,00	1,48	2,43	1,32	2,17	3,56	0,00	0,00	15,62	0,00	0,00	0,00	0,00	0,00	0,00	0,00
11.09.2025 08:51:40	0,02	0,01	0,01	0,01	0,01	0,02	0,02	0,06	0,05	0,00	0,26	0,00	0,00	0,56	1,47	1,21	0,49	2,43	2,65	0,00	3,56	5,82	9,54	46,87	25,59	0,00	0,00	0,00	0,00	0,00	0,00
11.09.2025 08:51:46	0,01	0,01	0,02	0,00	0,02	0,00	0,02	0,03	0,00	0,00	0,13	0,42	0,34	0,00	1,66	1,21	0,00	1,62	3,97	2,17	3,56	0,00	0,00	62,49	25,59	0,00	0,00	0,00	0,00	0,00	0,00
11.09.2025 08:51:52	0,01	0,02	0,01	0,02	0,01	0,00	0,00	0,03	0,05	0,00	0,00	0,00	1,37	0,56	1,47	2,41	0,99	2,43	1,32	0,00	0,00	5,82	28,63	31,24	0,00	41,93	0,00	112,42	0,00	0,00	0,00
11.09.2025 08:51:58	0,01	0,01	0,00	0,01	0,01	0,04	0,04	0,03	0,05	0,00	0,26	0,00	0,69	0,00	2,21	1,81	0,00	0,81	0,00	2,17	3,56	5,82	9,54	46,87	25,59	0,00	205,93	0,00	0,00	0,00	0,00
11.09.2025 08:52:04	0,01	0,01	0,02	0,01	0,01	0,01	0,00	0,03	0,00	0,00	0,13	0,21	0,34	0,00	2,03	1,21	1,48	0,81	2,65	2,17	3,56	0,00	0,00	15,62	0,00	41,93	0,00	0,00	0,00	0,00	0,00
11.09.2025 08:52:10	0,01	0,01	0,00	0,01	0,01	0,08	0,04	0,03	0,00	0,00	0,00	0,00	0,00	0,56	2,58	2,41	0,99	0,81	1,32	0,00	3,56	5,82	0,00	15,62	25,59	0,00	0,00	0,00	0,00	0,00	0,00
11.09.2025 08:52:16	0,01	0,00	0,00	0,00	0,01	0,01	0,00	0,03	0,05	0,16	0,00	0,42	0,34	0,00	0,74	1,81	1,48	0,00	1,32	6,51	0,00	11,65	0,00	0,00	0,00	41,93	0,00	0,00	0,00	0,00	0,00
11.09.2025 08:52:22	0,01	0,01	0,01	0,01	0,01	0,01	0,02	0,00	0,14	0,00	0,26	0,00	0,34	0,56	0,74	1,21	0,49	0,00	0,00	4,34	0,00	5,82	0,00	15,62	25,59	41,93	0,00	0,00	0,00	0,00	0,00
11.09.2025 08:52:28	0,01	0,01	0,02	0,00	0,02	0,02	0,04	0,12	0,05	0,00	0,00	0,21	0,69	0,00	0,00	0,30	1,48	1,62	2,65	0,00	0,00	5,82	0,00	0,00	0,00	41,93	0,00	0,00	0,00	0,00	0,00
11.09.2025 08:52:34	0,01	0,01	0,01	0,01	0,01	0,01	0,04	0,06	0,00	0,23	0,13	0,00	0,34	0,56	0,00	1,21	0,49	2,43	3,97	0,00	0,00	0,00	19,08	15,62	25,59	0,00	0,00	0,00	0,00	0,00	0,00
11.09.2025 08:52:40	0,01	0,00	0,02	0,02	0,04	0,01	0,04	0,03	0,05	0,00	0,13	0,42	0,00	1,12	1,66	0,60	1,48	0,00	1,32	4,34	14,22	0,00	28,63	78,11	25,59	0,00	0,00	0,00	0,00	0,00	0,00
11.09.2025 08:52:46	0,02	0,01	0,01	0,02	0,03	0,03	0,00	0,06	0,00	0,23	0,26	0,00	0,34	0,56	1,29	2,71	0,49	0,81	1,32	2,17	7,11	0,00	9,54	15,62	0,00	0,00	0,00	112,42	0,00	0,00	0,00
11.09.2025 08:52:52	0,01	0,02	0,02	0,02	0,02	0,01	0,00	0,06	0,05	0,00	0,13	0,21	0,00	0,00	1,66	3,92	1,98	0,81	1,32	2,17	0,00	11,65	9,54	31,24	25,59	0,00	0,00	0,00	0,00	0,00	0,00
11.09.2025 08:52:58	0,01	0,01	0,01	0,01	0,01	0,02	0,05	0,00	0,00	0,08	0,00	0,42	0,69	1,12	0,00	0,00	0,00	0,00	2,65	0,00	17,78	5,82	19,08	31,24	25,59	41,93	68,64	0,00	0,00	0,00	0,00
11.09.2025 08:53:04	0,01	0,02	0,02	0,02	0,01	0,05	0,11	0,00	0,10	0,00	0,26	0,21	0,00	0,56	0,74	0,90	0,49	1,62	2,65	2,17	7,11	5,82	9,54	15,62	25,59	41,93	0,00	0,00	0,00	0,00	0,00
11.09.2025 08:53:10	0,02	0,01	0,01	0,02	0,03	0,01	0,02	0,03	0,14	0,08	0,00	0,21	0,00	0,56	0,74	0,00	0,00	2,43	2,65	2,17	3,56	0,00	38,17	46,87	0,00	0,00	0,00	0,00	0,00	301,55	494,05
11.09.2025 08:53:16	0,03	0,02	0,02	0,02	0,05	0,04	0,04	0,06	0,05	0,08	0,13	0,21	0,00	0,00	3,50	3,62	0,49	0,00	3,97	0,00	7,11	5,82	28,63	15,62	51,18	41,93	0,00	0,00	0,00	0,00	0,00
11.09.2025 08:53:22	0,01	0,00	0,01	0,01	0,02	0,01	0,02	0,03	0,05	0,00	0,00	0,00	0,00	1,12	1,29	2,11	0,99	0,00	0,00	2,17	0,00	11,65	19,08	15,62	51,18	41,93	0,00	0,00	0,00	0,00	0,00
11.09.2025 08:53:28	0,01	0,01	0,00	0,02	0,03	0,02	0,11	0,00	0,10	0,08	0,26	0,21	0,34	0,56	0,00	0,00	0,00	0,00	0,00	0,00	0,00	0,00	0,00	124,98	25,59	41,93	0,00	0,00	0,00	0,00	0,00
11.09.2025 08:53:34	0,01	0,01	0,04	0,02	0,06	0,03	0,04	0,00	0,10	0,16	0,00	0,21	1,03	2,81	0,00	0,30	0,99	1,62	2,65	4,34	3,56	5,82	28,63	31,24	25,59	83,87	0,00	0,00	0,00	0,00	494,05
11.09.2025 08:53:40	0,01	0,02	0,02	0,02	0,03	0,03	0,02	0,06	0,05	0,00	0,26	0,21	0,00	1,12	1,10	1,51	2,47	0,81	0,00	4,34	7,11	5,82	19,08	46,87	0,00	83,87	68,64	0,00	0,00	0,00	0,00
11.09.2025 08:53:46	0,01	0,01	0,02	0,02	0,05	0,04	0,02	0,03	0,00	0,08	0,00	0,00	0,00	0,56	0,18	0,00	0,49	0,00	1,32	2,17	3,56	0,00	19,08	15,62	25,59	41,93	0,00	0,00	0,00	0,00	0,00
11.09.2025 08:53:52	0,02	0,02	0,01	0,01	0,03	0,00	0,04	0,00	0,05	0,00	0,26	0,00	0,00	0,00	1,66	3,02	0,49	0,81	2,65	0,00	3,56	5,82	9,54	31,24	76,76	125,80	0,00	0,00	184,14	0,00	0,00
11.09.2025 08:53:58	0,01	0,01	0,01	0,03	0,02	0,03	0,02	0,00	0,05	0,00	0,00	0,63	0,34	1,12	0,00	0,00	0,00	0,00	1,32	6,51	3,56	0,00	28,63	0,00	25,59	41,93	0,00	0,00	0,00	0,00	0,00
11.09.2025 08:54:04	0,01	0,00	0,00	0,02	0,02	0,05	0,11	0,00	0,00	0,16	0,13	0,00	0,00	0,56	0,00	0,00	0,00	0,00	0,00	0,00	0,00	0,00	0,00	0,00	0,00	0,00	0,00	0,00	0,00	0,00	0,00
11.09.2025 08:54:10	0,01	0,02	0,01	0,03	0,01	0,03	0,07	0,03	0,10	0,16	0,13	0,42	0,00	0,00	0,00	0,00	0,00	0,00	0,00	0,00	0,00	0,00	19,08	15,62	102,35	0,00	0,00	0,00	0,00	0,00	1482,14
11.09.2025 08:54:16	0,02	0,01	0,02	0,02	0,05	0,02	0,02	0,06	0,14	0,23	0,00	0,21	0,34	0,00	0,00	0,90	0,00	0,00	2,65	0,00	3,56	11,65	38,17	0,00	51,18	0,00	0,00	112,42	0,00	0,00	0,00
11.09.2025 08:54:22	0,02	0,01	0,01	0,03	0,01	0,04	0,00	0,03	0,05	0,00	0,13	0,00	0,69	0,56	0,00	0,00	0,00	1,62	1,32	4,34	3,56	5,82	19,08	31,24	51,18	83,87	0,00	0,00	0,00	0,00	0,00
11.09.2025 08:54:28	0,01	0,01	0,02	0,02	0,03	0,01	0,07	0,06	0,14	0,23	0,00	0,21	0,34	1,12	1,66	3,62	1,98	1,62	3,97	0,00	3,56	5,82	28,63	15,62	51,18	41,93	0,00	112,42	0,00	0,00	0,00
11.09.2025 08:54:34	0,01	0,02	0,02	0,02	0,03	0,02	0,07	0,03	0,10	0,08	0,00	0,00	0,69	0,00	0,00	0,00	0,00	0,00	2,65	2,17	0,00	17,47	28,63	15,62	102,35	41,93	0,00	0,00	0,00	0,00	0,00
11.09.2025 08:54:40	0,01	0,02	0,02	0,04	0,07	0,02	0,04	0,00	0,00	0,16	0,26	0,21	0,00	2,25	0,00	0,00	0,00	0,00	0,00	0,00	0,00	0,00	47,71	46,87	25,59	0,00	0,00	112,42	0,00	0,00	0,00
11.09.2025 08:54:46	0,01	0,02	0,01	0,04	0,03	0,02	0,11	0,06	0,05	0,23	0,13	0,00	0,69	1,12	4,05	2,11	0,00	0,00	1,32	4,34	10,67	0,00	0,00	15,62	76,76	41,93	0,00	0,00	0,00	0,00	0,00
11.09.2025 08:54:52	0,01	0,01	0,02	0,02	0,04	0,05	0,02	0,00	0,14	0,23	0,00	0,21	0,69	0,56	0,00	0,00	0,00	1,62	1,32	2,17	0,00	5,82	0,00	78,11	0,00	0,00	0,00	0,00	0,00	0,00	0,00
11.09.2025 08:54:58	0,01	0,02	0,03	0,03	0,07	0,09	0,02	0,03	0,00	0,00	0,00	0,21	0,00	1,12	2,58	4,22	0,00	0,81	3,97	4,34	17,78	17,47	28,63	31,24	25,59	83,87	0,00	0,00	0,00	0,00	0,00
11.09.2025 08:55:04	0,02	0,02	0,01	0,04	0,07	0,04	0,09	0,03	0,00	0,23	0,26	0,00	0,34	0,00	0,92	2,11	0,49	0,81	0,00	4,34	3,56	5,82	28,63	46,87	25,59	0,00	0,00	0,00	0,00	0,00	0,00
11.09.2025 08:55:10	0,02	0,01	0,02	0,04	0,05	0,03	0,11	0,03	0,00	0,08	0,26	0,21	0,00	0,00	0,00	0,00	0,00	0,00	0,00	0,00	3,56	17,47	38,17	62,49	51,18	0,00	68,64	0,00	0,00	0,00	0,00
11.09.2025 08:55:16	0,02	0,02	0,01	0,03	0,07	0,04	0,00	0,17	0,00	0,08	0,26	0,63	1,37	0,00	0,55	0,00	2,47	3,24	0,00	4,34	10,67	17,47	19,08	46,87	102,35	0,00	68,64	0,00	0,00	0,00	0,00
11.09.2025 08:55:22	0,02	0,02	0,01	0,02	0,03	0,05	0,02	0,06	0,24	0,08	0,00	0,00	0,69	2,25	1,84	2,11	0,00	1,62	1,32	4,34	3,56	11,65	38,17	31,24	51,18	83,87	0,00	0,00	0,00	0,00	0,00
11.09.2025 08:55:28	0,01	0,03	0,04	0,04	0,04	0,04	0,07	0,06	0,05	0,00	0,26	0,42	0,00	0,56	0,00	0,30	0,00	4,85	2,65	4,34	10,67	5,82	47,71	46,87	51,18	0,00	0,00	0,00	0,00	0,00	0,00
11.09.2025 08:55:34	0,01	0,01	0,01	0,04	0,05	0,02	0,05	0,06	0,00	0,23	0,00	1,05	0,34	0,00	0,00	0,00	0,00	1,62	2,65	2,17	7,11	11,65	38,17	15,62	0,00	0,00	68,64	0,00	0,00	0,00	0,00
11.09.2025 08:55:40	0,02	0,02	0,03	0,04	0,06	0,04	0,09	0,06	0,05	0,16	0,13	0,21	0,69	0,56	1,66	1,81	3,95	1,62	3,97	0,00	0,00	11,65	47,71	0,00	0,00	0,00	0,00	0,00	0,00	0,00	0,00
11.09.2025 08:55:46	0,02	0,03	0,02	0,04	0,03	0,17	0,07	0,00	0,10	0,00	0,00	0,21	0,69	0,56	4,42	3,92	1,98	0,81	2,65	0,00	3,56	5,82	9,54	0,00	51,18	0,00	0,00	112,42	0,00	0,00	0,00
11.09.2025 08:55:52	0,02	0,03	0,03	0,02	0,03	0,07	0,11	0,03	0,05	0,00	0,38	0,21	0,00	1,69	0,00	0,00	0,49	0,81	2,65	0,00	3,56	5,82	38,17	31,24	51,18	41,93	0,00	0,00	0,00	0,00	0,00
11.09.2025 08:55:58	0,02	0,02	0,02	0,04	0,04	0,08	0,02	0,09	0,14	0,00	0,00	0,21	0,34	2,25	0,00	1,81	1,48	1,62	1,32	0,00	0,00	5,82	38,17	31,24	0,00	0,00	0,00	112,42	0,00	0,00	0,00
11.09.2025 08:56:04	0,02	0,02	0,02	0,06	0,07	0,10	0,05	0,06	0,19	0,00	0,13	0,42	1,72	1,69	0,00	0,00	0,00	0,00	0,00	0,00	7,11	17,47	28,63	15,62	25,59	0,00	0,00	0,00	0,00	0,00	0,00
11.09.2025 08:56:10	0,02	0,03	0,04	0,09	0,11	0,07	0,11	0,06	0,24	0,08	0,26	0,42	0,00	0,56	3,13	1,21	1,48	2,43	1,32	2,17	3,56	5,82	38,17	15,62	76,76	0,00	0,00	0,00	184,14	0,00	0,00
11.09.2025 08:56:16	0,04	0,03	0,04	0,05	0,08	0,07	0,12	0,06	0,14	0,23	0,38	1,05	1,37	0,56	0,92	3,62	2,96	0,00	9,27	2,17	0,00	17,47	28,63	15,62	51,18	0,00	0,00	0,00	0,00	0,00	0,00
11.09.2025 08:56:22	0,02	0,03	0,03	0,06	0,05	0,08	0,05	0,06	0,00	0,08	0,00	0,21	0,34	0,00	1,66	1,81	1,98	2,43	2,65	2,17	10,67	11,65	38,17	0,00	76,76	125,80	0,00	0,00	0,00	0,00	0,00
11.09.2025 08:56:28	0,02	0,03	0,04	0,05	0,09	0,05	0,05	0,09	0,05	0,16	0,38	1,68	0,69	0,56	2,39	3,62	0,49	0,81	1,32	2,17	10,67	0,00	28,63	46,87	25,59	0,00	68,64	0,00	0,00	0,00	0,00
11.09.2025 08:56:34	0,03	0,02	0,03	0,06	0,09	0,05	0,04	0,23	0,05	0,16	0,13	0,42	0,34	0,00	2,39	2,11	0,49	1,62	0,00	8,68	10,67	5,82	28,63	31,24	102,35	0,00	0,00	0,00	0,00	0,00	0,00
11.09.2025 08:56:40	0,03	0,03	0,05	0,04	0,03	0,08	0,04	0,00	0,10	0,08	0,38	0,21	0,34	0,56	1,66	2,41	1,98	0,81	1,32	0,00	0,00	17,47	28,63	31,24	51,18	83,87	0,00	0,00	0,00	0,00	0,00
11.09.2025 08:56:46	0,03	0,02	0,06	0,05	0,11	0,07	0,07	0,12	0,05	0,00	0,26	0,21	0,69	0,56	0,18	0,90	1,98	2,43	1,32	0,00	10,67	11,65	9,54	31,24	51,18	41,93	0,00	112,42	0,00	301,55	0,00
11.09.2025 08:56:52	0,02	0,03	0,02	0,04	0,04	0,08	0,07	0,15	0,05	0,16	0,00	0,21	0,00	1,12	0,92	0,00	0,00	0,81	5,30	6,51	3,56	5,82	19,08	46,87	51,18	83,87	68,64	0,00	0,00	0,00	0,00
11.09.2025 08:56:58	0,02	0,03	0,03	0,03	0,10	0,08	0,11	0,09	0,29	0,08	0,00	0,00	0,69	1,12	2,76	0,00	1,48	0,81	1,32	2,17	10,67	11,65	19,08	0,00	25,59	0,00	68,64	0,00	0,00	0,00	0,00
11.09.2025 08:57:04	0,04	0,02	0,05	0,07	0,07	0,09	0,11	0,06	0,05	0,23	0,38	0,21	0,00	0,00	0,00	0,30	0,49	4,05	1,32	10,85	3,56	5,82	47,71	0,00	25,59	83,87	137,29	0,00	0,00	0,00	0,00
11.09.2025 08:57:10	0,02	0,02	0,04	0,05	0,07	0,03	0,09	0,06	0,10	0,00	0,13	0,42	0,00	0,00	0,37	0,30	1,98	0,81	1,32	2,17	7,11	0,00	28,63	31,24	25,59	41,93	68,64	0,00	0,00	0,00	0,00
11.09.2025 08:57:16	0,03	0,03	0,06	0,06	0,09	0,04	0,09	0,06	0,24	0,08	0,26	1,05	1,03	1,69	0,74	1,51	0,99	0,81	0,00	0,00	14,22	0,00	28,63	46,87	25,59	41,93	0,00	0,00	0,00	0,00	494,05
11.09.2025 08:57:22	0,02	0,03	0,05	0,06	0,08	0,05	0,07	0,17	0,14	0,39	0,13	0,42	1,03	0,00	1,29	3,02	2,96	2,43	2,65	4,34	3,56	11,65	9,54	46,87	51,18	0,00	68,64	0,00	0,00	0,00	0,00
11.09.2025 08:57:28	0,03	0,03	0,03	0,08	0,05	0,08	0,14	0,06	0,19	0,23	0,26	0,63	0,34	1,12	0,18	1,51	2,47	0,81	2,65	4,34	0,00	5,82	38,17	0,00	25,59	0,00	0,00	0,00	0,00	0,00	1482,14
11.09.2025 08:57:34	0,04	0,02	0,07	0,06	0,11	0,12	0,05	0,15	0,14	0,31	0,77	0,84	0,69	1,12	0,00	0,00	0,00	0,00	0,00	0,00	0,00	0,00	0,00	62,49	25,59	0,00	0,00	0,00	0,00	0,00	0,00
11.09.2025 08:57:40	0,04	0,04	0,06	0,08	0,11	0,08	0,09	0,06	0,19	0,08	0,13	0,21	1,37	2,25	1,29	1,21	1,48	2,43	2,65	2,17	0,00	5,82	19,08	0,00	51,18	0,00	0,00	0,00	0,00	0,00	0,00
11.09.2025 08:57:46	0,03	0,03	0,03	0,06	0,11	0,11	0,09	0,09	0,00	0,00	0,38	0,21	0,69	1,69	0,00	0,00	0,00	0,00	0,00	4,34	14,22	5,82	19,08	31,24	25,59	0,00	68,64	0,00	0,00	0,00	988,09
11.09.2025 08:57:52	0,04	0,04	0,06	0,09	0,09	0,09	0,20	0,09	0,05	0,39	0,00	0,42	1,03	1,12	1,10	1,51	0,99	0,81	2,65	0,00	3,56	5,82	19,08	46,87	51,18	0,00	0,00	0,00	0,00	0,00	0,00
11.09.2025 08:57:58	0,02	0,02	0,04	0,04	0,07	0,05	0,11	0,09	0,14	0,00	0,13	0,00	0,34	0,00	0,00	0,00	0,00	0,00	0,00	0,00	0,00	0,00	0,00	0,00	102,35	41,93	0,00	0,00	0,00	0,00	0,00
11.09.2025 08:58:04	0,04	0,03	0,05	0,08	0,13	0,09	0,05	0,12	0,10	0,08	0,51	0,21	0,69	1,12	1,47	2,11	1,48	0,81	3,97	0,00	7,11	5,82	66,80	46,87	0,00	0,00	0,00	0,00	0,00	0,00	0,00
11.09.2025 08:58:10	0,03	0,04	0,05	0,06	0,09	0,11	0,02	0,20	0,14	0,31	0,13	0,84	0,69	0,56	0,74	1,81	1,98	3,24	1,32	4,34	10,67	11,65	28,63	0,00	25,59	0,00	0,00	0,00	0,00	0,00	0,00
11.09.2025 08:58:16	0,03	0,06	0,07	0,06	0,10	0,21	0,07	0,17	0,19	0,16	0,13	1,05	1,03	0,56	5,89	2,11	0,49	1,62	1,32	6,51	3,56	0,00	0,00	46,87	25,59	125,80	0,00	0,00	184,14	0,00	0,00
11.09.2025 08:58:22	0,04	0,03	0,05	0,06	0,08	0,16	0,07	0,06	0,29	0,23	0,26	1,05	0,00	2,25	0,00	0,00	0,00	0,00	0,00	0,00	3,56	23,29	9,54	46,87	25,59	0,00	0,00	0,00	0,00	0,00	0,00
11.09.2025 08:58:28	0,03	0,03	0,04	0,08	0,13	0,10	0,07	0,06	0,10	0,23	0,13	1,05	1,03	2,25	2,95	0,00	4,45	3,24	3,97	0,00	0,00	0,00	38,17	31,24	25,59	0,00	0,00	112,42	0,00	0,00	0,00
11.09.2025 08:58:34	0,04	0,04	0,05	0,08	0,09	0,13	0,07	0,06	0,24	0,39	0,38	0,00	0,69	0,56	0,00	0,00	1,48	4,05	2,65	0,00	3,56	11,65	19,08	46,87	0,00	83,87	0,00	0,00	0,00	0,00	0,00
11.09.2025 08:58:40	0,05	0,05	0,08	0,10	0,15	0,13	0,20	0,12	0,10	0,39	0,51	1,05	0,34	0,56	0,00	0,00	1,98	2,43	2,65	6,51	7,11	5,82	19,08	15,62	0,00	41,93	68,64	0,00	0,00	0,00	0,00
11.09.2025 08:58:46	0,03	0,04	0,09	0,10	0,11	0,10	0,14	0,15	0,24	0,23	0,13	0,21	0,69	1,69	2,21	3,02	0,99	1,62	0,00	6,51	0,00	5,82	19,08	31,24	25,59	0,00	0,00	0,00	0,00	0,00	0,00
11.09.2025 08:58:52	0,03	0,04	0,05	0,08	0,09	0,09	0,14	0,17	0,10	0,23	0,26	0,63	1,37	1,12	2,03	3,62	1,98	0,81	5,30	0,00	7,11	11,65	0,00	31,24	0,00	41,93	0,00	0,00	184,14	0,00	0,00
11.09.2025 08:58:58	0,02	0,04	0,06	0,10	0,17	0,13	0,07	0,17	0,05	0,23	0,13	0,21	1,72	0,00	0,92	0,00	0,00	0,00	1,32	13,02	7,11	0,00	28,63	0,00	51,18	41,93	0,00	0,00	0,00	0,00	0,00
11.09.2025 08:59:04	0,04	0,04	0,05	0,11	0,16	0,14	0,09	0,12	0,10	0,08	0,13	0,42	0,34	3,37	0,18	1,21	0,99	0,00	1,32	2,17	17,78	11,65	28,63	46,87	76,76	0,00	0,00	0,00	0,00	0,00	0,00
11.09.2025 08:59:10	0,04	0,05	0,08	0,07	0,09	0,09	0,11	0,03	0,00	0,16	0,51	0,63	1,37	0,56	1,10	2,41	0,00	2,43	2,65	0,00	0,00	17,47	19,08	62,49	51,18	0,00	0,00	0,00	0,00	0,00	0,00
11.09.2025 08:59:16	0,04	0,04	0,06	0,04	0,17	0,10	0,07	0,09	0,10	0,39	0,13	0,63	0,00	1,69	0,37	0,30	0,00	2,43	1,32	2,17	7,11	29,11	28,63	15,62	0,00	41,93	0,00	0,00	0,00	0,00	0,00
11.09.2025 08:59:22	0,04	0,03	0,08	0,05	0,12	0,11	0,20	0,06	0,14	0,00	0,38	0,42	1,37	0,00	0,74	0,60	1,48	0,81	0,00	2,17	0,00	11,65	47,71	0,00	25,59	41,93	0,00	0,00	0,00	0,00	0,00
11.09.2025 08:59:28	0,04	0,05	0,04	0,07	0,11	0,14	0,11	0,23	0,10	0,08	0,13	0,84	0,69	1,69	0,00	0,00	0,00	0,00	1,32	4,34	7,11	11,65	28,63	15,62	51,18	0,00	0,00	224,84	0,00	0,00	0,00
11.09.2025 08:59:34	0,04	0,05	0,05	0,08	0,14	0,22	0,09	0,00	0,00	0,16	0,38	1,05	1,72	0,56	0,37	1,21	0,49	2,43	0,00	2,17	3,56	11,65	57,25	31,24	0,00	83,87	68,64	0,00	0,00	0,00	0,00
11.09.2025 08:59:40	0,04	0,04	0,05	0,09	0,13	0,13	0,11	0,12	0,19	0,00	0,26	0,63	0,34	0,56	0,37	0,00	0,00	1,62	0,00	2,17	3,56	17,47	38,17	15,62	25,59	0,00	0,00	0,00	0,00	0,00	0,00
11.09.2025 08:59:46	0,05	0,04	0,04	0,10	0,12	0,12	0,11	0,03	0,10	0,23	0,13	0,42	1,37	1,12	1,47	0,00	0,00	0,00	0,00	0,00	7,11	11,65	0,00	15,62	0,00	41,93	68,64	0,00	0,00	0,00	0,00
11.09.2025 08:59:52	0,06	0,03	0,05	0,08	0,09	0,13	0,12	0,09	0,05	0,31	0,64	0,63	0,34	1,12	1,47	3,62	1,98	1,62	0,00	2,17	7,11	0,00	47,71	62,49	51,18	0,00	0,00	0,00	0,00	0,00	0,00
11.09.2025 08:59:58	0,04	0,03	0,06	0,09	0,13	0,10	0,14	0,06	0,05	0,08	0,26	0,21	0,00	1,69	2,21	3,32	0,49	0,81	1,32	0,00	0,00	29,11	19,08	15,62	0,00	41,93	0,00	0,00	0,00	0,00	0,00
11.09.2025 09:00:04	0,03	0,03	0,07	0,07	0,09	0,08	0,11	0,17	0,29	0,55	0,00	0,42	0,69	2,25	1,47	0,00	0,00	0,00	2,65	2,17	14,22	0,00	47,71	0,00	76,76	83,87	0,00	0,00	0,00	0,00	0,00
11.09.2025 09:00:10	0,05	0,07	0,08	0,09	0,11	0,07	0,12	0,06	0,14	0,00	0,38	0,84	0,00	1,69	1,29	3,92	0,99	0,00	1,32	2,17	3,56	5,82	28,63	15,62	0,00	0,00	0,00	0,00	0,00	0,00	0,00
11.09.2025 09:00:16	0,04	0,03	0,07	0,06	0,15	0,07	0,05	0,09	0,24	0,16	0,51	0,63	0,34	1,12	1,47	0,60	2,47	0,81	1,32	0,00	3,56	5,82	38,17	15,62	25,59	0,00	0,00	0,00	0,00	0,00	0,00
11.09.2025 09:00:22	0,03	0,04	0,06	0,11	0,11	0,10	0,09	0,12	0,24	0,31	0,38	0,63	1,72	0,56	0,00	0,60	2,47	0,81	0,00	4,34	7,11	11,65	19,08	31,24	25,59	41,93	0,00	0,00	0,00	0,00	0,00
11.09.2025 09:00:28	0,05	0,03	0,06	0,05	0,11	0,13	0,23	0,09	0,14	0,16	0,38	0,42	1,03	2,81	0,00	0,00	0,00	0,00	0,00	0,00	0,00	0,00	66,80	46,87	0,00	0,00	0,00	0,00	0,00	0,00	0,00
11.09.2025 09:00:34	0,04	0,06	0,08	0,10	0,13	0,17	0,11	0,17	0,29	0,31	0,38	0,42	0,34	1,69	1,10	1,81	1,98	1,62	2,65	6,51	10,67	5,82	0,00	31,24	0,00	0,00	0,00	112,42	0,00	0,00	0,00
11.09.2025 09:00:40	0,04	0,05	0,07	0,10	0,14	0,15	0,07	0,09	0,05	0,23	0,26	0,42	1,72	1,69	0,00	0,00	0,00	0,00	0,00	0,00	0,00	5,82	19,08	31,24	51,18	41,93	137,29	0,00	0,00	0,00	0,00
11.09.2025 09:00:46	0,04	0,05	0,08	0,10	0,18	0,16	0,14	0,06	0,29	0,31	0,26	0,42	0,00	1,12	0,92	0,90	1,98	0,81	1,32	6,51	3,56	5,82	19,08	31,24	51,18	0,00	0,00	0,00	0,00	0,00	0,00
11.09.2025 09:00:52	0,04	0,03	0,08	0,11	0,10	0,12	0,18	0,17	0,00	0,47	0,00	0,63	0,34	1,69	1,84	0,60	1,48	0,81	0,00	0,00	3,56	11,65	28,63	15,62	25,59	41,93	0,00	0,00	0,00	0,00	0,00
11.09.2025 09:00:58	0,05	0,05	0,10	0,14	0,11	0,12	0,14	0,17	0,10	0,16	0,38	0,21	3,09	1,69	0,00	0,00	0,00	1,62	1,32	0,00	3,56	5,82	19,08	31,24	0,00	0,00	0,00	0,00	0,00	301,55	0,00
11.09.2025 09:01:04	0,04	0,05	0,10	0,08	0,05	0,14	0,18	0,09	0,19	0,23	0,13	0,84	0,69	0,56	0,00	0,30	1,98	2,43	2,65	2,17	10,67	5,82	19,08	0,00	25,59	41,93	68,64	0,00	0,00	0,00	0,00
11.09.2025 09:01:10	0,05	0,04	0,05	0,09	0,11	0,11	0,11	0,12	0,05	0,08	0,00	0,21	0,69	1,69	1,10	0,00	1,48	1,62	1,32	4,34	0,00	11,65	19,08	0,00	0,00	41,93	68,64	0,00	0,00	0,00	0,00
11.09.2025 09:01:16	0,06	0,06	0,08	0,10	0,13	0,16	0,16	0,17	0,19	0,31	0,51	0,84	0,69	1,12	2,95	0,60	1,98	0,81	3,97	4,34	3,56	11,65	0,00	31,24	51,18	0,00	0,00	0,00	0,00	0,00	0,00
11.09.2025 09:01:22	0,05	0,05	0,07	0,10	0,12	0,22	0,04	0,17	0,10	0,23	0,00	0,21	1,37	0,00	0,37	0,00	0,00	0,00	2,65	6,51	10,67	11,65	28,63	46,87	25,59	0,00	68,64	0,00	0,00	0,00	0,00
11.09.2025 09:01:28	0,06	0,07	0,06	0,08	0,13	0,13	0,12	0,17	0,05	0,23	0,13	0,63	1,72	0,56	0,37	1,21	1,48	0,00	0,00	6,51	7,11	5,82	28,63	31,24	0,00	0,00	0,00	0,00	0,00	0,00	0,00
11.09.2025 09:01:34	0,05	0,05	0,09	0,13	0,14	0,21	0,28	0,17	0,14	0,31	0,38	1,05	1,37	2,25	3,68	4,82	0,99	1,62	1,32	4,34	3,56	0,00	28,63	15,62	51,18	0,00	0,00	0,00	0,00	0,00	0,00
11.09.2025 09:01:40	0,04	0,04	0,09	0,08	0,18	0,16	0,21	0,26	0,19	0,08	0,26	0,00	1,37	1,12	2,76	2,11	3,46	1,62	3,97	4,34	3,56	0,00	0,00	15,62	51,18	0,00	0,00	0,00	0,00	0,00	0,00
11.09.2025 09:01:46	0,05	0,08	0,10	0,10	0,17	0,20	0,05	0,15	0,24	0,08	0,51	0,21	0,69	0,56	0,00	0,00	0,00	0,00	0,00	0,00	0,00	5,82	19,08	0,00	51,18	0,00	0,00	0,00	0,00	0,00	0,00
11.09.2025 09:01:52	0,04	0,05	0,05	0,10	0,11	0,15	0,11	0,12	0,10	0,08	0,26	0,42	0,69	0,00	0,00	0,90	0,49	0,81	3,97	6,51	0,00	5,82	0,00	31,24	0,00	41,93	0,00	0,00	0,00	0,00	0,00
11.09.2025 09:01:58	0,05	0,06	0,09	0,10	0,19	0,17	0,14	0,17	0,19	0,23	0,13	0,84	0,34	1,69	0,00	0,00	0,49	0,81	0,00	2,17	3,56	17,47	38,17	31,24	0,00	83,87	0,00	0,00	0,00	0,00	0,00
11.09.2025 09:02:04	0,04	0,05	0,07	0,16	0,16	0,13	0,18	0,26	0,24	0,39	0,13	0,84	1,37	0,56	0,37	0,60	1,98	0,00	2,65	6,51	0,00	5,82	38,17	15,62	0,00	0,00	68,64	0,00	0,00	0,00	0,00
11.09.2025 09:02:10	0,05	0,05	0,07	0,06	0,09	0,10	0,18	0,20	0,14	0,23	0,51	0,42	1,03	1,12	2,76	1,51	0,99	1,62	1,32	4,34	3,56	5,82	28,63	15,62	51,18	0,00	0,00	0,00	0,00	0,00	0,00
11.09.2025 09:02:16	0,05	0,05	0,09	0,10	0,17	0,14	0,07	0,09	0,14	0,23	0,38	0,42	0,69	0,56	0,00	0,30	1,48	0,81	0,00	2,17	7,11	5,82	9,54	31,24	25,59	41,93	68,64	0,00	0,00	0,00	0,00
11.09.2025 09:02:22	0,05	0,05	0,08	0,12	0,13	0,12	0,16	0,15	0,24	0,16	0,13	1,26	0,69	1,69	0,00	0,00	0,00	0,00	0,00	0,00	0,00	0,00	9,54	31,24	25,59	41,93	0,00	0,00	0,00	0,00	0,00
11.09.2025 09:02:28	0,06	0,05	0,08	0,13	0,17	0,12	0,11	0,12	0,10	0,16	0,64	0,42	0,69	0,56	0,00	0,60	2,96	0,81	1,32	10,85	10,67	11,65	19,08	0,00	51,18	0,00	0,00	0,00	0,00	301,55	0,00
11.09.2025 09:02:34	0,05	0,06	0,10	0,14	0,19	0,13	0,16	0,23	0,10	0,39	0,00	0,63	0,69	1,12	3,68	0,30	2,96	0,81	3,97	0,00	3,56	11,65	0,00	15,62	51,18	41,93	137,29	0,00	0,00	0,00	0,00
11.09.2025 09:02:40	0,05	0,05	0,07	0,09	0,16	0,13	0,11	0,15	0,29	0,23	0,38	0,63	0,69	2,25	1,84	1,21	1,48	2,43	0,00	4,34	3,56	5,82	57,25	0,00	0,00	0,00	0,00	0,00	0,00	0,00	0,00
11.09.2025 09:02:46	0,05	0,06	0,07	0,07	0,15	0,13	0,16	0,20	0,10	0,31	0,64	1,05	0,69	2,81	1,84	2,41	1,98	0,81	0,00	13,02	10,67	0,00	47,71	46,87	0,00	0,00	0,00	0,00	0,00	0,00	0,00
11.09.2025 09:02:52	0,05	0,06	0,09	0,13	0,16	0,14	0,18	0,26	0,14	0,16	0,26	0,42	0,00	1,69	0,00	0,00	0,49	2,43	1,32	4,34	3,56	5,82	28,63	31,24	0,00	41,93	0,00	0,00	0,00	0,00	0,00
11.09.2025 09:02:58	0,05	0,05	0,07	0,09	0,19	0,10	0,21	0,17	0,19	0,16	0,26	0,42	0,34	0,56	0,37	0,60	2,47	2,43	0,00	2,17	3,56	0,00	28,63	0,00	76,76	0,00	0,00	0,00	0,00	0,00	0,00
11.09.2025 09:03:04	0,05	0,05	0,09	0,14	0,19	0,13	0,09	0,06	0,10	0,31	0,38	0,63	1,37	2,25	1,10	0,30	1,98	2,43	0,00	6,51	3,56	5,82	19,08	46,87	0,00	41,93	0,00	0,00	0,00	0,00	0,00
11.09.2025 09:03:10	0,04	0,05	0,08	0,08	0,13	0,15	0,18	0,06	0,05	0,08	0,51	0,84	1,37	0,00	1,47	2,71	1,48	2,43	0,00	0,00	3,56	11,65	19,08	15,62	0,00	0,00	68,64	0,00	0,00	0,00	0,00
11.09.2025 09:03:16	0,05	0,06	0,07	0,09	0,13	0,09	0,11	0,12	0,19	0,08	0,51	0,42	0,34	0,56	0,92	4,22	0,99	2,43	2,65	2,17	3,56	11,65	28,63	0,00	0,00	83,87	0,00	0,00	0,00	0,00	0,00
11.09.2025 09:03:22	0,06	0,05	0,09	0,06	0,13	0,10	0,20	0,09	0,00	0,31	0,90	0,21	1,03	1,12	2,03	1,21	1,48	2,43	6,62	0,00	3,56	0,00	38,17	0,00	51,18	41,93	68,64	0,00	0,00	0,00	0,00
11.09.2025 09:03:28	0,04	0,05	0,09	0,11	0,13	0,16	0,16	0,20	0,10	0,08	0,00	0,42	2,06	0,56	2,21	3,32	1,48	0,00	1,32	0,00	0,00	17,47	28,63	0,00	25,59	41,93	0,00	0,00	0,00	0,00	0,00
11.09.2025 09:03:34	0,06	0,08	0,06	0,11	0,11	0,11	0,20	0,06	0,24	0,16	0,00	0,21	1,03	1,12	2,03	1,51	0,49	2,43	1,32	0,00	3,56	0,00	9,54	15,62	0,00	41,93	0,00	0,00	0,00	0,00	0,00
11.09.2025 09:03:40	0,07	0,07	0,08	0,15	0,12	0,16	0,20	0,12	0,14	0,08	0,13	0,84	0,00	0,56	1,84	1,81	2,96	2,43	2,65	2,17	3,56	5,82	9,54	0,00	51,18	41,93	68,64	0,00	0,00	0,00	0,00
11.09.2025 09:03:46	0,05	0,08	0,06	0,11	0,09	0,15	0,14	0,15	0,10	0,47	0,13	1,05	1,37	1,12	3,50	1,81	1,98	0,81	0,00	0,00	3,56	5,82	9,54	0,00	25,59	41,93	0,00	0,00	0,00	0,00	0,00
11.09.2025 09:03:52	0,05	0,07	0,06	0,16	0,17	0,16	0,11	0,15	0,00	0,47	0,13	0,21	0,69	0,56	2,76	5,43	1,48	2,43	0,00	0,00	3,56	0,00	19,08	0,00	76,76	0,00	0,00	0,00	0,00	0,00	0,00
11.09.2025 09:03:58	0,06	0,06	0,08	0,09	0,15	0,12	0,21	0,17	0,29	0,47	0,26	0,42	0,00	0,56	2,21	2,41	0,99	1,62	0,00	2,17	0,00	5,82	9,54	31,24	0,00	0,00	0,00	0,00	184,14	0,00	0,00
11.09.2025 09:04:04	0,05	0,06	0,08	0,10	0,23	0,16	0,12	0,03	0,10	0,31	0,77	0,21	1,03	0,56	0,55	0,00	1,98	0,00	0,00	0,00	0,00	11,65	28,63	0,00	25,59	41,93	0,00	112,42	0,00	0,00	0,00
11.09.2025 09:04:10	0,05	0,06	0,08	0,11	0,13	0,09	0,09	0,17	0,00	0,23	0,38	1,05	0,69	1,12	0,00	0,00	0,00	0,00	0,00	2,17	0,00	17,47	38,17	0,00	25,59	0,00	68,64	0,00	0,00	0,00	0,00
11.09.2025 09:04:16	0,05	0,06	0,08	0,09	0,16	0,17	0,18	0,15	0,05	0,47	0,26	0,21	1,72	1,69	4,24	2,71	1,98	1,62	0,00	2,17	7,11	5,82	0,00	31,24	0,00	41,93	0,00	0,00	0,00	0,00	0,00
11.09.2025 09:04:22	0,05	0,06	0,10	0,09	0,19	0,14	0,09	0,26	0,10	0,08	0,13	0,63	1,72	1,69	0,00	0,00	0,99	3,24	0,00	2,17	3,56	17,47	19,08	15,62	51,18	125,80	68,64	0,00	0,00	0,00	0,00
11.09.2025 09:04:28	0,05	0,05	0,06	0,12	0,09	0,15	0,18	0,12	0,19	0,31	0,26	1,05	0,34	2,25	0,00	0,90	1,98	1,62	0,00	6,51	0,00	5,82	0,00	31,24	0,00	0,00	0,00	0,00	0,00	0,00	0,00
11.09.2025 09:04:34	0,05	0,04	0,11	0,11	0,11	0,17	0,14	0,12	0,14	0,16	0,26	0,42	0,00	0,00	1,29	0,30	1,48	3,24	1,32	0,00	3,56	0,00	19,08	15,62	51,18	41,93	68,64	0,00	184,14	0,00	0,00
11.09.2025 09:04:40	0,06	0,06	0,06	0,10	0,13	0,10	0,14	0,12	0,00	0,16	0,64	0,84	1,03	0,56	2,76	4,22	0,99	0,81	0,00	0,00	3,56	17,47	19,08	0,00	25,59	0,00	68,64	0,00	0,00	0,00	0,00
11.09.2025 09:04:46	0,06	0,04	0,09	0,12	0,13	0,18	0,14	0,17	0,05	0,39	0,26	1,05	0,34	2,25	2,76	2,71	0,00	3,24	0,00	4,34	3,56	0,00	19,08	15,62	0,00	41,93	0,00	0,00	0,00	0,00	0,00
11.09.2025 09:04:52	0,09	0,06	0,09	0,08	0,09	0,08	0,09	0,09	0,14	0,00	0,26	0,21	0,69	0,56	0,92	0,00	0,49	1,62	1,32	0,00	7,11	0,00	19,08	15,62	0,00	41,93	0,00	0,00	0,00	0,00	0,00
11.09.2025 09:04:58	0,45	0,37	0,25	0,18	0,13	0,04	0,12	0,03	0,19	0,00	0,26	0,00	0,34	0,00	0,00	0,00	0,00	0,00	0,00	0,00	0,00	0,00	0,00	0,00	0,00	0,00	0,00	0,00	0,00	0,00	0,00
11.09.2025 09:05:04	0,45	0,31	0,27	0,19	0,11	0,08	0,00	0,12	0,10	0,16	0,64	0,00	0,34	1,12	0,18	1,21	0,00	0,81	2,65	0,00	3,56	5,82	0,00	0,00	0,00	0,00	0,00	0,00	0,00	0,00	0,00
11.09.2025 09:05:10	0,56	0,45	0,32	0,21	0,15	0,05	0,02	0,06	0,05	0,08	0,13	0,42	0,00	1,12	1,29	1,51	1,48	0,81	1,32	2,17	0,00	5,82	0,00	15,62	0,00	0,00	0,00	0,00	0,00	0,00	0,00
11.09.2025 09:05:16	0,60	0,46	0,36	0,20	0,17	0,03	0,05	0,09	0,10	0,16	0,00	0,00	0,69	0,56	1,47	3,32	0,00	2,43	1,32	4,34	3,56	0,00	28,63	0,00	0,00	0,00	0,00	112,42	0,00	0,00	0,00
11.09.2025 09:05:22	0,65	0,45	0,25	0,19	0,09	0,10	0,07	0,09	0,05	0,08	0,13	0,21	0,34	0,56	0,00	0,00	0,00	0,00	0,00	0,00	0,00	0,00	0,00	0,00	0,00	0,00	0,00	0,00	0,00	0,00	0,00
11.09.2025 09:05:28	0,68	0,43	0,30	0,20	0,07	0,04	0,05	0,03	0,14	0,00	0,26	0,42	0,69	0,56	0,00	0,00	0,49	1,62	1,32	0,00	0,00	0,00	0,00	0,00	0,00	0,00	68,64	0,00	0,00	0,00	0,00
11.09.2025 09:05:34	0,68	0,42	0,35	0,18	0,08	0,05	0,02	0,15	0,05	0,08	0,00	0,00	0,34	0,56	0,92	0,90	1,48	3,24	2,65	0,00	3,56	5,82	0,00	15,62	0,00	0,00	0,00	0,00	0,00	0,00	0,00
11.09.2025 09:05:40	0,69	0,46	0,40	0,22	0,07	0,09	0,04	0,03	0,05	0,16	0,38	0,21	0,00	0,56	0,18	1,21	0,99	0,00	0,00	2,17	0,00	0,00	9,54	0,00	25,59	0,00	0,00	0,00	0,00	0,00	0,00
11.09.2025 09:05:46	0,69	0,47	0,32	0,21	0,06	0,07	0,07	0,06	0,05	0,08	0,00	0,00	0,34	0,56	1,10	2,11	0,49	0,81	1,32	2,17	0,00	5,82	0,00	15,62	25,59	0,00	0,00	0,00	0,00	0,00	0,00
11.09.2025 09:05:52	0,70	0,49	0,32	0,23	0,08	0,08	0,07	0,00	0,00	0,16	0,13	0,21	0,34	1,12	1,66	1,51	0,99	0,00	2,65	4,34	0,00	0,00	0,00	0,00	0,00	0,00	0,00	0,00	0,00	0,00	0,00
11.09.2025 09:05:58	0,67	0,45	0,40	0,23	0,08	0,11	0,05	0,06	0,05	0,08	0,00	0,00	0,34	0,00	0,00	0,90	0,99	0,81	0,00	4,34	3,56	0,00	0,00	15,62	0,00	0,00	0,00	0,00	0,00	0,00	0,00
11.09.2025 09:06:04	0,70	0,47	0,30	0,23	0,14	0,08	0,04	0,03	0,10	0,08	0,13	0,00	0,34	0,00	0,74	2,41	0,49	0,81	0,00	0,00	0,00	5,82	0,00	0,00	0,00	0,00	0,00	0,00	0,00	0,00	0,00
11.09.2025 09:06:10	0,66	0,43	0,33	0,23	0,09	0,10	0,04	0,03	0,05	0,08	0,00	0,00	0,00	0,56	1,10	1,81	0,00	0,81	1,32	0,00	0,00	0,00	9,54	0,00	0,00	0,00	0,00	0,00	0,00	0,00	0,00
11.09.2025 09:06:16	0,69	0,43	0,32	0,21	0,07	0,07	0,04	0,12	0,14	0,00	0,00	0,00	0,34	1,69	0,00	1,51	0,99	0,81	0,00	2,17	3,56	0,00	0,00	0,00	0,00	0,00	0,00	0,00	0,00	0,00	0,00
11.09.2025 09:06:22	0,71	0,44	0,30	0,19	0,11	0,05	0,00	0,00	0,10	0,00	0,00	0,00	0,34	0,00	0,00	0,00	0,00	1,62	0,00	0,00	0,00	5,82	0,00	15,62	25,59	0,00	0,00	0,00	0,00	0,00	0,00
11.09.2025 09:06:28	0,70	0,48	0,36	0,20	0,10	0,08	0,07	0,03	0,00	0,00	0,00	0,42	0,34	0,00	0,00	0,00	0,00	0,00	0,00	0,00	0,00	0,00	0,00	0,00	0,00	0,00	0,00	0,00	0,00	0,00	0,00
11.09.2025 09:06:34	0,68	0,44	0,33	0,23	0,15	0,05	0,07	0,00	0,14	0,00	0,51	0,00	0,00	1,69	0,74	0,00	0,00	0,00	1,32	0,00	0,00	5,82	9,54	15,62	51,18	0,00	0,00	0,00	0,00	0,00	0,00
11.09.2025 09:06:40	0,74	0,45	0,39	0,24	0,13	0,08	0,04	0,03	0,00	0,16	0,26	0,42	0,69	0,00	2,21	2,71	0,99	1,62	1,32	2,17	0,00	5,82	0,00	15,62	25,59	0,00	0,00	0,00	0,00	0,00	0,00
11.09.2025 09:06:46	0,74	0,44	0,32	0,21	0,07	0,01	0,04	0,00	0,05	0,23	0,38	0,00	0,00	0,00	0,00	0,00	0,00	0,81	2,65	0,00	0,00	0,00	9,54	0,00	25,59	0,00	0,00	0,00	0,00	0,00	0,00
11.09.2025 09:06:52	0,72	0,45	0,36	0,23	0,13	0,11	0,04	0,00	0,00	0,00	0,13	0,21	0,69	0,00	1,66	3,92	0,99	0,00	0,00	2,17	0,00	0,00	0,00	0,00	0,00	0,00	0,00	0,00	0,00	0,00	0,00
11.09.2025 09:06:58	0,69	0,48	0,36	0,29	0,13	0,03	0,04	0,03	0,05	0,16	0,13	0,00	0,69	0,56	2,39	1,21	1,48	0,81	0,00	0,00	0,00	5,82	9,54	15,62	0,00	41,93	0,00	0,00	0,00	0,00	0,00
11.09.2025 09:07:04	0,71	0,44	0,42	0,25	0,07	0,07	0,04	0,06	0,10	0,00	0,38	0,63	1,03	0,56	1,47	1,51	0,49	0,00	1,32	0,00	0,00	0,00	0,00	0,00	0,00	0,00	0,00	0,00	0,00	0,00	0,00
11.09.2025 09:07:10	0,78	0,47	0,39	0,27	0,13	0,07	0,05	0,03	0,10	0,00	0,00	0,42	0,34	0,00	0,92	0,60	1,48	0,81	2,65	2,17	0,00	0,00	0,00	0,00	0,00	0,00	0,00	0,00	0,00	301,55	0,00
11.09.2025 09:07:16	0,74	0,51	0,36	0,24	0,07	0,12	0,04	0,03	0,19	0,08	0,13	0,42	0,69	0,00	1,29	0,90	0,99	1,62	0,00	0,00	0,00	0,00	0,00	0,00	25,59	0,00	0,00	0,00	0,00	0,00	0,00
11.09.2025 09:07:22	0,74	0,47	0,41	0,17	0,09	0,04	0,02	0,09	0,00	0,16	0,00	0,00	0,00	0,00	1,29	0,30	1,98	0,00	0,00	2,17	0,00	5,82	0,00	15,62	0,00	0,00	0,00	0,00	0,00	0,00	0,00
11.09.2025 09:07:28	0,68	0,50	0,35	0,23	0,09	0,07	0,02	0,06	0,10	0,00	0,13	0,21	0,34	0,00	0,00	0,00	0,00	0,00	0,00	0,00	0,00	0,00	0,00	0,00	0,00	0,00	0,00	0,00	0,00	0,00	0,00
11.09.2025 09:07:34	0,74	0,44	0,38	0,18	0,13	0,09	0,02	0,00	0,05	0,08	0,13	0,21	0,34	0,00	0,00	0,00	0,00	0,81	2,65	2,17	0,00	0,00	0,00	0,00	25,59	0,00	0,00	0,00	0,00	0,00	0,00
11.09.2025 09:07:40	0,70	0,46	0,34	0,26	0,06	0,11	0,02	0,00	0,05	0,00	0,26	0,00	0,34	0,00	0,00	0,00	0,99	0,81	0,00	0,00	3,56	0,00	9,54	0,00	0,00	0,00	0,00	0,00	0,00	0,00	0,00
11.09.2025 09:07:46	0,70	0,44	0,28	0,25	0,15	0,11	0,12	0,06	0,10	0,23	0,00	0,00	0,34	0,00	2,95	1,81	1,48	0,00	0,00	0,00	0,00	0,00	0,00	0,00	0,00	0,00	0,00	0,00	0,00	0,00	0,00
11.09.2025 09:07:52	0,83	0,56	0,36	0,30	0,17	0,09	0,05	0,03	0,05	0,08	0,00	0,00	0,34	0,00	0,55	1,21	0,00	0,00	1,32	2,17	3,56	0,00	0,00	0,00	0,00	0,00	0,00	0,00	0,00	0,00	0,00
11.09.2025 09:07:58	0,76	0,50	0,39	0,29	0,19	0,04	0,00	0,06	0,00	0,00	0,00	0,42	0,00	0,00	0,37	0,00	0,99	0,81	0,00	4,34	0,00	5,82	0,00	0,00	25,59	0,00	0,00	0,00	184,14	0,00	0,00
11.09.2025 09:08:04	0,76	0,55	0,39	0,29	0,15	0,04	0,07	0,06	0,00	0,00	0,51	0,00	0,00	1,12	0,00	0,60	1,48	0,00	0,00	0,00	0,00	0,00	0,00	0,00	0,00	0,00	0,00	0,00	0,00	0,00	0,00
11.09.2025 09:08:10	0,78	0,56	0,40	0,29	0,15	0,08	0,02	0,06	0,05	0,08	0,13	0,00	0,00	1,12	0,00	0,00	0,49	1,62	1,32	0,00	0,00	0,00	9,54	0,00	0,00	0,00	0,00	0,00	0,00	0,00	0,00
11.09.2025 09:08:16	0,79	0,56	0,45	0,20	0,06	0,08	0,07	0,03	0,00	0,08	0,00	0,00	0,00	0,56	0,00	0,60	0,49	0,81	0,00	0,00	0,00	5,82	0,00	0,00	0,00	0,00	0,00	0,00	0,00	0,00	0,00
11.09.2025 09:08:22	0,77	0,53	0,42	0,27	0,13	0,07	0,02	0,09	0,00	0,16	0,00	0,21	0,69	0,56	2,95	0,90	1,98	1,62	0,00	0,00	0,00	0,00	0,00	0,00	0,00	0,00	0,00	0,00	0,00	0,00	0,00
11.09.2025 09:08:28	0,81	0,55	0,42	0,29	0,11	0,15	0,04	0,06	0,14	0,16	0,00	0,00	0,00	0,00	0,74	0,30	0,49	2,43	0,00	2,17	0,00	0,00	0,00	0,00	0,00	0,00	0,00	0,00	0,00	0,00	0,00
11.09.2025 09:08:34	0,76	0,48	0,42	0,27	0,15	0,04	0,02	0,06	0,05	0,08	0,00	0,21	0,00	0,00	0,00	0,00	0,00	2,43	1,32	2,17	0,00	0,00	0,00	0,00	0,00	0,00	0,00	0,00	0,00	0,00	0,00
11.09.2025 09:08:40	0,72	0,52	0,44	0,29	0,15	0,07	0,12	0,06	0,10	0,08	0,13	0,63	0,00	0,00	1,66	0,30	0,49	2,43	1,32	0,00	0,00	0,00	0,00	0,00	0,00	0,00	0,00	0,00	0,00	0,00	0,00
11.09.2025 09:08:46	0,77	0,57	0,39	0,32	0,14	0,05	0,04	0,03	0,05	0,00	0,38	0,21	0,00	0,56	0,00	0,00	0,99	0,81	0,00	0,00	3,56	0,00	9,54	0,00	0,00	0,00	0,00	0,00	0,00	0,00	0,00
11.09.2025 09:08:52	0,75	0,55	0,44	0,29	0,15	0,09	0,05	0,03	0,00	0,00	0,13	0,00	0,34	0,00	0,00	0,90	0,49	0,00	1,32	0,00	0,00	0,00	0,00	0,00	0,00	0,00	0,00	0,00	0,00	0,00	0,00
11.09.2025 09:08:58	0,78	0,57	0,45	0,23	0,17	0,09	0,02	0,00	0,00	0,00	0,13	0,00	0,00	0,56	0,00	0,00	0,49	1,62	1,32	0,00	0,00	5,82	0,00	0,00	0,00	0,00	0,00	0,00	0,00	0,00	0,00
11.09.2025 09:09:04	0,74	0,52	0,39	0,24	0,12	0,09	0,07	0,03	0,00	0,00	0,13	0,21	0,34	0,00	0,00	0,00	0,00	0,00	0,00	0,00	0,00	0,00	0,00	0,00	0,00	0,00	0,00	0,00	0,00	0,00	0,00
11.09.2025 09:09:10	0,73	0,51	0,33	0,24	0,15	0,07	0,09	0,06	0,00	0,00	0,26	0,21	0,00	0,56	1,29	0,60	0,00	0,00	1,32	0,00	0,00	0,00	0,00	0,00	0,00	0,00	0,00	0,00	0,00	0,00	0,00
11.09.2025 09:09:16	0,76	0,51	0,37	0,25	0,11	0,11	0,07	0,00	0,00	0,00	0,13	0,21	0,69	0,00	1,10	1,21	2,47	0,00	0,00	0,00	0,00	0,00	0,00	0,00	0,00	0,00	0,00	0,00	0,00	0,00	0,00
11.09.2025 09:09:22	0,70	0,47	0,43	0,24	0,13	0,10	0,04	0,00	0,05	0,00	0,26	0,21	0,00	0,00	2,39	3,02	0,49	0,81	0,00	0,00	0,00	0,00	0,00	0,00	0,00	0,00	0,00	0,00	0,00	0,00	0,00
11.09.2025 09:09:28	0,73	0,50	0,40	0,29	0,12	0,05	0,04	0,06	0,14	0,08	0,00	0,00	0,00	1,69	0,00	0,00	0,00	0,00	0,00	0,00	0,00	0,00	0,00	0,00	0,00	0,00	0,00	0,00	0,00	0,00	0,00
11.09.2025 09:09:34	0,70	0,45	0,40	0,21	0,16	0,09	0,02	0,03	0,10	0,00	0,13	0,21	0,34	0,00	0,00	0,00	0,00	0,00	0,00	0,00	0,00	0,00	0,00	0,00	0,00	0,00	0,00	0,00	0,00	0,00	0,00
11.09.2025 09:09:40	0,76	0,45	0,30	0,25	0,11	0,09	0,00	0,03	0,05	0,00	0,00	0,00	0,00	0,56	1,29	0,30	0,49	0,00	0,00	0,00	0,00	0,00	0,00	0,00	25,59	0,00	0,00	0,00	0,00	0,00	0,00
11.09.2025 09:09:46	0,72	0,47	0,34	0,17	0,14	0,11	0,05	0,12	0,05	0,23	0,00	0,00	0,34	1,12	1,84	3,02	0,99	0,00	1,32	2,17	0,00	0,00	9,54	0,00	0,00	0,00	0,00	0,00	0,00	0,00	0,00
11.09.2025 09:09:52	0,86	0,57	0,39	0,28	0,15	0,02	0,07	0,00	0,00	0,16	0,00	0,42	0,34	0,00	0,74	1,51	0,49	0,81	2,65	2,17	3,56	0,00	0,00	0,00	0,00	0,00	0,00	0,00	0,00	0,00	0,00
11.09.2025 09:09:58	0,80	0,50	0,45	0,26	0,11	0,09	0,04	0,00	0,00	0,08	0,00	0,42	0,00	0,00	0,37	0,00	0,00	0,81	1,32	0,00	0,00	0,00	0,00	0,00	0,00	41,93	0,00	0,00	0,00	0,00	0,00
11.09.2025 09:10:04	0,74	0,47	0,38	0,28	0,14	0,07	0,02	0,00	0,00	0,16	0,00	0,21	0,00	0,00	0,00	0,00	0,49	1,62	1,32	2,17	0,00	0,00	0,00	0,00	0,00	0,00	0,00	0,00	0,00	0,00	0,00
11.09.2025 09:10:10	0,71	0,47	0,40	0,19	0,09	0,02	0,02	0,00	0,10	0,08	0,13	0,00	0,00	0,00	0,00	0,00	0,00	0,00	0,00	0,00	0,00	0,00	0,00	0,00	0,00	0,00	0,00	0,00	0,00	0,00	0,00
11.09.2025 09:10:16	0,77	0,47	0,38	0,25	0,07	0,08	0,05	0,06	0,10	0,00	0,00	0,00	1,03	0,00	0,00	0,00	0,00	0,00	0,00	2,17	3,56	5,82	0,00	15,62	25,59	0,00	0,00	0,00	0,00	0,00	0,00
11.09.2025 09:10:22	0,75	0,50	0,44	0,25	0,11	0,05	0,07	0,00	0,05	0,08	0,00	0,63	0,00	0,56	0,00	0,00	0,00	0,00	0,00	0,00	0,00	0,00	0,00	0,00	0,00	0,00	0,00	0,00	0,00	0,00	0,00
11.09.2025 09:10:28	0,77	0,51	0,44	0,26	0,17	0,09	0,02	0,03	0,00	0,08	0,13	0,21	0,34	0,00	0,55	1,51	0,99	0,00	0,00	0,00	0,00	0,00	0,00	0,00	0,00	0,00	0,00	0,00	0,00	0,00	0,00
11.09.2025 09:10:34	0,72	0,47	0,37	0,28	0,16	0,05	0,04	0,03	0,05	0,00	0,00	0,00	0,00	0,00	0,92	0,30	0,99	0,00	1,32	2,17	0,00	0,00	0,00	0,00	0,00	0,00	0,00	0,00	0,00	0,00	0,00
11.09.2025 09:10:40	0,72	0,50	0,33	0,19	0,09	0,07	0,04	0,03	0,00	0,00	0,00	0,00	0,34	0,00	2,21	3,02	0,49	0,00	0,00	0,00	3,56	5,82	0,00	0,00	0,00	0,00	0,00	0,00	0,00	0,00	0,00
11.09.2025 09:10:46	0,70	0,53	0,37	0,23	0,13	0,08	0,05	0,06	0,05	0,00	0,00	0,00	0,00	0,00	0,00	1,51	0,99	1,62	1,32	0,00	0,00	0,00	0,00	0,00	0,00	0,00	0,00	0,00	0,00	0,00	0,00
11.09.2025 09:10:52	0,70	0,47	0,38	0,26	0,13	0,01	0,02	0,09	0,00	0,00	0,00	0,42	0,69	0,00	1,10	0,00	0,99	0,00	0,00	0,00	0,00	5,82	0,00	0,00	0,00	0,00	68,64	0,00	0,00	0,00	0,00
11.09.2025 09:10:58	0,72	0,52	0,42	0,29	0,13	0,12	0,09	0,00	0,10	0,08	0,00	0,42	0,34	0,00	0,55	0,30	1,98	0,00	0,00	0,00	0,00	5,82	0,00	0,00	25,59	0,00	0,00	0,00	0,00	0,00	0,00
11.09.2025 09:11:04	0,70	0,49	0,33	0,23	0,12	0,10	0,04	0,00	0,00	0,08	0,13	0,42	0,34	1,12	1,29	1,51	3,46	0,00	1,32	0,00	0,00	0,00	0,00	0,00	0,00	0,00	0,00	0,00	0,00	0,00	0,00
11.09.2025 09:11:10	0,76	0,50	0,36	0,21	0,10	0,05	0,05	0,09	0,14	0,08	0,26	0,21	0,00	0,00	0,55	1,51	0,49	0,00	0,00	0,00	0,00	0,00	0,00	0,00	0,00	41,93	0,00	0,00	0,00	0,00	0,00
11.09.2025 09:11:16	0,69	0,54	0,39	0,22	0,11	0,08	0,14	0,03	0,00	0,08	0,13	0,63	0,69	1,69	0,37	0,90	1,48	0,81	0,00	2,17	0,00	0,00	0,00	0,00	0,00	0,00	0,00	0,00	0,00	0,00	0,00
11.09.2025 09:11:22	0,76	0,47	0,37	0,31	0,15	0,04	0,05	0,09	0,05	0,00	0,00	0,00	0,34	0,00	0,55	2,11	0,49	0,00	0,00	0,00	3,56	5,82	19,08	0,00	0,00	0,00	0,00	0,00	0,00	0,00	0,00
11.09.2025 09:11:28	0,70	0,45	0,38	0,27	0,15	0,10	0,07	0,03	0,05	0,16	0,00	0,42	0,00	0,00	0,74	2,11	0,49	0,00	2,65	0,00	0,00	0,00	9,54	0,00	0,00	0,00	0,00	0,00	0,00	0,00	0,00
11.09.2025 09:11:34	0,76	0,46	0,33	0,26	0,17	0,11	0,05	0,03	0,10	0,08	0,26	0,00	0,34	0,56	1,47	0,90	0,49	0,81	1,32	0,00	0,00	0,00	0,00	15,62	0,00	0,00	0,00	0,00	0,00	0,00	0,00
11.09.2025 09:11:40	0,70	0,48	0,41	0,21	0,13	0,05	0,02	0,00	0,00	0,00	0,00	0,42	0,00	1,12	0,00	0,60	0,49	1,62	0,00	0,00	0,00	0,00	0,00	0,00	0,00	0,00	0,00	0,00	0,00	0,00	0,00
11.09.2025 09:11:46	0,75	0,52	0,42	0,27	0,12	0,02	0,04	0,09	0,05	0,16	0,00	0,00	0,00	0,56	1,10	0,30	0,49	1,62	0,00	0,00	0,00	0,00	0,00	0,00	0,00	0,00	0,00	0,00	0,00	0,00	0,00
11.09.2025 09:11:52	0,71	0,50	0,29	0,22	0,13	0,13	0,09	0,00	0,10	0,00	0,26	0,00	0,69	0,00	0,00	0,00	0,00	0,00	0,00	0,00	0,00	0,00	0,00	0,00	0,00	0,00	0,00	0,00	0,00	0,00	0,00
11.09.2025 09:11:58	0,69	0,46	0,36	0,18	0,07	0,13	0,02	0,09	0,05	0,08	0,00	0,00	0,34	0,00	0,74	1,21	0,49	0,81	0,00	0,00	0,00	0,00	0,00	0,00	0,00	0,00	0,00	0,00	0,00	0,00	0,00
11.09.2025 09:12:04	0,76	0,53	0,41	0,23	0,10	0,08	0,05	0,03	0,00	0,00	0,00	0,00	0,34	0,00	1,47	0,00	0,00	0,00	0,00	0,00	0,00	0,00	9,54	15,62	0,00	0,00	0,00	0,00	0,00	0,00	0,00
11.09.2025 09:12:10	0,77	0,55	0,39	0,29	0,13	0,10	0,05	0,00	0,05	0,00	0,00	0,21	0,69	1,12	0,74	0,00	0,49	1,62	1,32	2,17	0,00	5,82	0,00	0,00	0,00	0,00	0,00	0,00	0,00	0,00	0,00
11.09.2025 09:12:16	0,71	0,47	0,44	0,23	0,15	0,09	0,07	0,06	0,05	0,16	0,00	0,00	0,00	0,00	0,00	0,30	0,99	1,62	0,00	0,00	0,00	0,00	0,00	0,00	0,00	0,00	0,00	0,00	0,00	0,00	0,00
11.09.2025 09:12:22	0,71	0,46	0,36	0,21	0,10	0,11	0,07	0,00	0,00	0,08	0,00	0,42	0,69	0,56	0,55	0,30	0,99	2,43	0,00	0,00	0,00	0,00	9,54	0,00	0,00	0,00	0,00	0,00	0,00	0,00	0,00
11.09.2025 09:12:28	0,74	0,47	0,31	0,23	0,14	0,04	0,05	0,06	0,00	0,00	0,13	0,21	0,00	0,56	0,74	2,11	1,48	0,00	1,32	0,00	0,00	0,00	0,00	0,00	0,00	0,00	0,00	0,00	0,00	0,00	0,00
11.09.2025 09:12:34	0,74	0,49	0,35	0,28	0,17	0,04	0,00	0,06	0,00	0,08	0,00	0,21	0,34	0,56	0,00	0,00	0,99	1,62	1,32	0,00	0,00	0,00	0,00	0,00	0,00	0,00	0,00	0,00	0,00	0,00	0,00
11.09.2025 09:12:40	0,70	0,52	0,39	0,23	0,16	0,08	0,05	0,06	0,10	0,00	0,00	0,21	0,34	1,12	2,39	1,21	0,49	1,62	0,00	4,34	3,56	0,00	0,00	0,00	0,00	0,00	0,00	0,00	184,14	301,55	0,00
11.09.2025 09:12:46	0,71	0,48	0,35	0,30	0,13	0,04	0,04	0,03	0,00	0,08	0,00	0,21	0,34	0,56	0,74	0,00	0,00	0,81	1,32	0,00	3,56	5,82	19,08	0,00	0,00	0,00	0,00	0,00	0,00	0,00	0,00
11.09.2025 09:12:52	0,77	0,46	0,33	0,26	0,10	0,08	0,04	0,06	0,10	0,00	0,00	0,42	0,34	0,56	0,55	0,00	1,48	0,81	1,32	0,00	0,00	5,82	0,00	0,00	0,00	41,93	0,00	0,00	0,00	0,00	0,00
11.09.2025 09:12:58	0,69	0,46	0,36	0,27	0,13	0,05	0,02	0,09	0,00	0,08	0,13	0,42	0,34	0,00	0,55	0,00	0,49	2,43	1,32	2,17	0,00	0,00	9,54	0,00	0,00	0,00	0,00	0,00	0,00	0,00	0,00
11.09.2025 09:13:04	0,68	0,45	0,35	0,27	0,08	0,05	0,04	0,06	0,10	0,00	0,26	0,21	0,69	0,00	0,55	0,60	1,48	0,81	1,32	0,00	0,00	0,00	0,00	0,00	0,00	0,00	0,00	0,00	0,00	0,00	0,00
11.09.2025 09:13:10	0,69	0,41	0,36	0,27	0,09	0,05	0,02	0,03	0,10	0,16	0,00	0,21	0,34	1,12	0,00	0,00	1,98	0,00	0,00	0,00	3,56	0,00	0,00	0,00	0,00	0,00	0,00	0,00	0,00	0,00	0,00
11.09.2025 09:13:16	0,69	0,47	0,35	0,19	0,09	0,09	0,04	0,03	0,14	0,23	0,13	0,21	0,00	1,12	0,18	0,60	0,00	0,00	1,32	0,00	3,56	0,00	0,00	0,00	0,00	0,00	0,00	0,00	0,00	0,00	0,00
