"Gerät";;"30";"30";"30";"30";"30";"30";"30";"30";"30";"30";"30";"30";"30";"30";"30";"30";"30";"30";"30";"30";"30";"30";"30";"30";"30";"30";"30";"30"
"Messstelle";;"0";"1";"2";"3";"10";"11";"12";"13";"20";"21";"22";"23";"30";"31";"40";"41";"50";"51";"60";"61";"62";"63";"70";"71";"72";"73";"80";"90"
"Kommentar";;"T,t";"RH,Uw";"DT,td";"AP,p mbar";"T,t";"RH,Uw";"DT,td";"AP,p mbar";"T,t";"RH,Uw";"DT,td";"AP,p mbar";"v 1,0 m/s";"p    mbar";"v 1,0 m/s";"p    mbar";"v 1,0 m/s";"p    mbar";"CO2ppm avg";"CO2ppm";"AP,p mbar";"Tp,t °C";"CO2ppm avg";"CO2ppm";"AP,p mbar";"Tp,t °C";"";""
"Sensor";;"DIGI";"DIGI";"DIGI";"DIGI";"DIGI";"DIGI";"DIGI";"DIGI";"DIGI";"DIGI";"DIGI";"DIGI";"DIGI";"DIGI";"DIGI";"DIGI";"DIGI";"DIGI";"DIGI";"DIGI";"DIGI";"DIGI";"DIGI";"DIGI";"DIGI";"DIGI";"P204";"P204"
"Einheit";;"°C";"%H";"°C";"mb";"°C";"%H";"°C";"mb";"°C";"%H";"°C";"mb";"ms";"mb";"ms";"mb";"ms";"mb";"pp";"pp";"mb";"°C";"pp";"pp";"mb";"°C";"°C";"°C"
"Grenzwerte";;;;;;;;;;;;;;;;;;;;;;;;;;;;;
;;;;;;;;;;;;;;;;;;;;;;;;;;;;;

"11.09.2025";"08:33:48";22,98;59,5;14,7;1001,5;22,68;58,4;14,2;1000,2;22,46;59,3;14,2;1002,5;0;1000,3;0;1000,4;0,087;1000,7;678;619;999,8;27,6;477;477;1001,8;27,3;23,01;22,42
"11.09.2025";"08:33:57";22,99;60,5;15;1001,5;22,68;58,2;14,1;1000,2;22,45;59,1;14,1;1002,5;0;1000,3;0;1000,4;0,075;1000,7;675;631;999,8;27,6;477;461;1001,8;27,3;23,03;22,44
"11.09.2025";"08:34:09";22,98;61,8;15,3;1001,5;22,68;58,3;14,1;1000,2;22,45;59,2;14,1;1002,5;0,001;1000,4;0;1000,4;0,069;1000,7;678;643;999,8;27,6;477;469;1001,8;27,3;23,04;22,44
"11.09.2025";"08:34:17";22,98;62,3;15,4;1001,5;22,68;58,2;14,1;1000,2;22,44;59,1;14,1;1002,5;0;1000,3;0;1000,4;0,096;1000,8;678;643;999,8;27,6;477;469;1001,8;27,3;23,04;22,45
"11.09.2025";"08:34:26";22,97;62,5;15,5;1001,5;22,68;59,3;14,4;1000,2;22,44;59,1;14,1;1002,5;0;1000,4;0;1000,5;0,07;1000,8;675;637;999,9;27,7;461;451;1001,7;27,3;23,05;22,45
"11.09.2025";"08:34:37";22,97;62,2;15,4;1001,4;22,69;60,8;14,8;1000,3;22,43;59,1;14,1;1002,5;0;1000,3;0;1000,4;0,064;1000,7;675;677;999,8;27,7;467;465;1001,8;27,4;23,05;22,46
"11.09.2025";"08:34:46";22,97;61,7;15,3;1001,5;22,69;61,1;14,9;1000,2;22,43;59,2;14,1;1002,5;0,027;1000,3;0;1000,4;0,075;1000,8;675;677;999,8;27,7;467;465;1001,8;27,4;23,06;22,46
"11.09.2025";"08:34:58";22,95;62,3;15,4;1001,5;22,69;59,8;14,5;1000,1;22,42;59,2;14,1;1002,5;0;1000,3;0;1000,4;0,072;1000,7;675;683;999,8;27,7;469;469;1001,8;27,4;23,06;22,46
"11.09.2025";"08:35:07";22,95;62;15,3;1001,4;22,69;60,7;14,8;1000,2;22,42;59,1;14,1;1002,4;0;1000,4;0,044;1000,4;0,055;1000,7;720;741;999,8;27,7;469;465;1001,8;27,4;23,07;22,46
"11.09.2025";"08:35:18";22,95;62;15,3;1001,4;22,68;60,1;14,6;1000,1;22,42;59,3;14,1;1002,4;0;1000,3;0;1000,4;0,031;1000,8;720;741;999,8;27,7;469;465;1001,8;27,4;23,07;22,47
"11.09.2025";"08:35:27";22,94;62;15,3;1001,4;22,69;61;14,8;1000,2;22,42;59,1;14,1;1002,5;0;1000,3;0;1000,4;0,053;1000,7;677;679;999,9;27,7;469;473;1001,7;27,4;23,07;22,47
"11.09.2025";"08:35:38";22,95;61,8;15,3;1001,4;22,68;58,5;14,2;1000,1;22,41;59,1;14,1;1002,5;0;1000,3;0;1000,4;0,052;1000,8;677;689;999,8;27,7;465;451;1001,8;27,4;23,07;22,48
"11.09.2025";"08:35:47";22,94;61,9;15,3;1001,4;22,69;57,9;14;1000,1;22,41;59,1;14,1;1002,5;0;1000,3;0,051;1000,4;0,085;1000,7;677;689;999,7;27,7;465;451;1001,8;27,4;23,07;22,48
"11.09.2025";"08:35:56";22,94;61,8;15,3;1001,5;22,69;59,4;14,4;1000,2;22,4;59,2;14,1;1002,4;0;1000,3;0;1000,4;0,058;1000,7;662;641;999,8;27,7;469;487;1001,8;27,4;23,08;22,48
"11.09.2025";"08:36:07";22,93;60,6;15;1001,4;22,69;59,4;14,4;1000,2;22,41;59,3;14,1;1002,4;0;1000,3;0;1000,3;0;1000,7;683;707;999,8;27,8;473;479;1001,8;27,4;23,08;22,48
"11.09.2025";"08:36:16";22,94;60,3;14,9;1001,4;22,69;59,1;14,3;1000,1;22,41;59,3;14,1;1002,5;0;1000,2;0;1000,3;0;1000,7;683;707;999,7;27,8;473;479;1001,8;27,4;23,08;22,48
"11.09.2025";"08:36:28";22,93;60,6;15;1001,4;22,69;59,9;14,6;1000,1;22,4;59,3;14,1;1002,4;0;1000,3;0;1000,4;0;1000,8;689;725;999,7;27,8;469;473;1001,8;27,5;23,08;22,49
"11.09.2025";"08:36:36";22,93;60,3;14,9;1001,4;22,7;60,7;14,8;1000,2;22,41;59,4;14,2;1002,4;0;1000,3;0,041;1000,4;0;1000,7;683;724;999,8;27,8;473;488;1001,8;27,5;23,09;22,49
"11.09.2025";"08:36:48";22,94;60,4;14,9;1001,4;22,7;60,7;14,8;1000,1;22,41;59,4;14,2;1002,4;0;1000,3;0;1000,3;0;1000,7;683;724;999,7;27,8;473;488;1001,7;27,5;23,09;22,49
"11.09.2025";"08:36:57";22,94;60,2;14,9;1001,5;22,7;60,3;14,7;1000,1;22,41;59,7;14,2;1002,5;0;1000,3;0;1000,3;0;1000,8;683;656;999,8;27,8;473;483;1001,8;27,5;23,09;22,49
"11.09.2025";"08:37:08";22,94;60;14,8;1001,4;22,7;60,3;14,7;1000,1;22,41;59,9;14,3;1002,4;0;1000,3;0;1000,3;0;1000,6;683;673;999,8;27,8;473;483;1001,7;27,5;23,09;22,49
"11.09.2025";"08:37:17";22,94;60,5;14,9;1001,4;22,71;60,6;14,8;1000,1;22,42;60;14,3;1002,4;0;1000,3;0;1000,3;0;1000,7;683;673;999,8;27,8;473;483;1001,8;27,5;23,1;22,49
"11.09.2025";"08:37:29";22,94;60,8;15;1001,4;22,71;60,6;14,8;1000,1;22,42;60;14,3;1002,4;0;1000,3;0;1000,4;0;1000,7;683;662;999,7;27,8;473;467;1001,8;27,5;23,1;22,49
"11.09.2025";"08:37:37";22,94;60,8;15;1001,4;22,71;60,8;14,8;1000,1;22,43;60,1;14,4;1002,4;0;1000,3;0;1000,4;0;1000,7;662;636;999,8;27,8;479;479;1001,8;27,5;23,1;22,5
"11.09.2025";"08:37:46";22,94;59,9;14,8;1001,4;22,71;61,1;14,9;1000,2;22,42;60,4;14,4;1002,5;0;1000,3;0;1000,3;0;1000,7;662;636;999,8;27,8;479;479;1001,8;27,5;23,1;22,49
"11.09.2025";"08:37:58";22,95;60,1;14,9;1001,4;22,71;61,3;14,9;1000,1;22,44;61,1;14,6;1002,4;0;1000,3;0;1000,3;0;1000,7;656;631;999,8;27,8;479;470;1001,7;27,5;23,1;22,5
"11.09.2025";"08:38:06";22,95;60,9;15,1;1001,4;22,71;61,4;15;1000,1;22,44;61,1;14,6;1002,4;0;1000,3;0,02;1000,3;0;1000,7;662;658;999,8;27,9;483;514;1001,8;27,5;23,1;22,5
"11.09.2025";"08:38:18";22,95;60,6;15;1001,4;22,72;61,3;14,9;1000,1;22,44;61,3;14,7;1002,5;0,035;1000,3;0;1000,3;0;1000,7;662;658;999,8;27,9;483;514;1001,8;27,5;23,1;22,5
"11.09.2025";"08:38:27";22,95;61;15,1;1001,4;22,72;61,4;15;1000,1;22,45;61,4;14,7;1002,4;0,033;1000,3;0;1000,3;0;1000,6;662;665;999,7;27,9;487;537;1001,7;27,5;23,1;22,5
"11.09.2025";"08:38:38";22,97;60,9;15,1;1001,4;22,72;61,5;15;1000,1;22,45;62,2;14,9;1002,5;0;1000,2;0;1000,3;0;1000,7;662;638;999,8;27,9;488;576;1001,8;27,5;23,11;22,5
"11.09.2025";"08:38:47";22,97;61;15,1;1001,4;22,73;61,5;15;1000,1;22,46;62,2;14,9;1002,5;0,04;1000,3;0,078;1000,3;0,188;1000,6;662;638;999,8;27,9;488;576;1001,7;27,5;23,11;22,5
"11.09.2025";"08:38:58";22,97;61;15,1;1001,4;22,74;61,4;15;1000;22,53;62;14,9;1002,4;0,137;1000,3;0,213;1000,4;0,316;1000,6;662;662;999,8;27,9;514;586;1001,7;27,5;23,11;22,51
"11.09.2025";"08:39:07";22,99;61;15,1;1001,4;22,76;61,4;15;1000,1;22,58;62,2;15;1002,4;0,194;1000,3;0,292;1000,3;0,357;1000,7;665;691;999,8;27,9;537;611;1001,7;27,6;23,11;22,51
"11.09.2025";"08:39:16";22,99;60,9;15,1;1001,4;22,77;61,2;15;1000,2;22,63;62,2;15,1;1002,5;0,198;1000,3;0,26;1000,3;0,356;1000,6;665;691;999,8;27,9;537;611;1001,7;27,6;23,11;22,51
"11.09.2025";"08:39:27";23,01;60,5;15;1001,4;22,79;61,1;15;1000,1;22,71;62,2;15,2;1002,5;0,198;1000,3;0,271;1000,4;0,372;1000,7;665;693;999,8;27,9;576;670;1001,8;27,6;23,12;22,51
"11.09.2025";"08:39:36";23,01;60,3;15;1001,4;22,82;60,9;14,9;1000,1;22,75;62;15,2;1002,4;0,181;1000,3;0,277;1000,3;0,349;1000,6;673;748;999,8;27,9;586;710;1001,8;27,6;23,12;22,52
"11.09.2025";"08:39:48";23,03;60,2;15;1001,4;22,83;60,8;14,9;1000,1;22,78;61,9;15,2;1002,4;0,18;1000,3;0,259;1000,4;0,365;1000,8;673;748;999,8;27,9;586;710;1001,7;27,6;23,12;22,52
"11.09.2025";"08:39:56";23,03;60,2;15;1001,4;22,85;60,7;14,9;1000,1;22,82;61,8;15,2;1002,4;0,209;1000,3;0,267;1000,4;0,376;1000,8;691;741;999,7;27,9;611;685;1001,8;27,6;23,12;22,52
"11.09.2025";"08:40:08";23,03;60,2;15;1001,4;22,86;60,7;14,9;1000,1;22,82;61,8;15,2;1002,4;0,207;1000,3;0,296;1000,3;0,385;1000,8;665;716;999,8;27,9;670;692;1001,7;27,6;23,12;22,54
"11.09.2025";"08:40:17";23,04;60,1;14,9;1001,4;22,87;60,7;14,9;1000,1;22,82;61,8;15,2;1002,5;0,204;1000,3;0,294;1000,3;0,382;1000,7;665;716;999,8;27,9;670;692;1001,7;27,6;23,13;22,55
"11.09.2025";"08:40:28";23,05;60,1;15;1001,4;22,89;60,6;14,9;1000,1;22,82;61,7;15,1;1002,5;0,178;1000,3;0,262;1000,4;0,401;1000,7;691;736;999,8;27,9;685;702;1001,8;27,6;23,13;22,55
"11.09.2025";"08:40:37";23,06;60,1;15;1001,4;22,9;60,6;14,9;1000,1;22,84;61,7;15,2;1002,5;0,21;1000,3;0,282;1000,4;0,346;1000,8;693;739;999,8;27,9;692;704;1001,7;27,5;23,13;22,56
"11.09.2025";"08:40:49";23,07;60,1;15;1001,4;22,91;60,5;14,9;1000,2;22,85;61,7;15,2;1002,5;0,186;1000,3;0,294;1000,4;0,376;1000,8;693;739;999,8;27,9;692;704;1001,8;27,5;23,13;22,56
"11.09.2025";"08:40:57";23,07;60;14,9;1001,5;22,93;60,5;14,9;1000,1;22,86;61,6;15,2;1002,5;0,176;1000,4;0,29;1000,4;0,343;1000,9;701;701;999,8;27,9;702;735;1001,7;27,5;23,13;22,56
"11.09.2025";"08:41:06";23,07;60;14,9;1001,5;22,93;60,5;14,9;1000,2;22,87;61,6;15,2;1002,5;0,232;1000,3;0,282;1000,4;0,352;1000,8;716;740;999,8;27,9;704;717;1001,8;27,5;23,14;22,57
"11.09.2025";"08:41:18";23,08;60;15;1001,4;22,93;60,5;14,9;1000,2;22,88;61,6;15,2;1002,4;0,255;1000,4;0,262;1000,4;0,396;1000,8;716;740;999,8;27,9;704;717;1001,8;27,5;23,13;22,57
"11.09.2025";"08:41:26";23,09;60;15;1001,5;22,94;60,4;14,9;1000,2;22,89;61,6;15,2;1002,4;0,223;1000,3;0,284;1000,4;0,357;1000,7;729;729;999,8;27,9;696;696;1001,8;27,5;23,14;22,58
"11.09.2025";"08:41:38";23,1;60;15;1001,4;22,95;60,4;14,9;1000,2;22,9;61,5;15,2;1002,5;0,209;1000,4;0,31;1000,4;0,342;1000,8;729;709;999,8;27,9;710;722;1001,8;27,5;23,14;22,59
"11.09.2025";"08:41:47";23,1;60;15;1001,4;22,98;60,4;15;1000,2;22,9;61,5;15,2;1002,5;0,173;1000,3;0,259;1000,4;0,397;1000,8;729;709;999,8;27,9;710;722;1001,8;27,5;23,14;22,6
"11.09.2025";"08:41:58";23,13;60;15;1001,4;22,99;60,4;15;1000,2;22,91;61,5;15,2;1002,5;0,233;1000,3;0,271;1000,3;0,369;1000,8;729;721;999,8;27,9;704;714;1001,8;27,5;23,14;22,61
"11.09.2025";"08:42:07";23,14;60;15;1001,4;23;60,3;15;1000,1;22,91;61,5;15,2;1002,5;0,235;1000,3;0,283;1000,4;0,367;1000,8;740;751;999,8;27,9;708;708;1001,8;27,5;23,14;22,61
"11.09.2025";"08:42:19";23,15;59,9;15;1001,5;23,01;60,3;15;1000,2;22,93;61,5;15,2;1002,5;0,15;1000,3;0,27;1000,4;0,325;1000,8;740;751;999,8;27,9;708;708;1001,8;27,5;23,15;22,62
"11.09.2025";"08:42:27";23,15;59,9;15;1001,5;23,02;60,3;15;1000,1;22,93;61,5;15,2;1002,5;0,174;1000,4;0,27;1000,4;0,367;1000,8;716;695;999,8;27,9;708;716;1001,8;27,5;23,15;22,63
"11.09.2025";"08:42:36";23,16;59,9;15;1001,4;23,03;60,3;15;1000,1;22,94;61,5;15,2;1002,5;0,2;1000,3;0,263;1000,3;0,369;1000,8;721;718;999,8;27,9;708;707;1001,8;27,5;23,16;22,64
"11.09.2025";"08:42:48";23,17;59,9;15;1001,4;23,04;60,2;15;1000,1;22,97;61,4;15,2;1002,5;0,207;1000,3;0,266;1000,4;0,336;1000,9;721;718;999,8;27,9;708;707;1001,8;27,5;23,16;22,65
"11.09.2025";"08:42:56";23,17;59,9;15;1001,4;23,05;60,2;15;1000,2;22,97;61,4;15,2;1002,5;0,216;1000,4;0,284;1000,4;0,35;1000,8;739;753;999,8;27,9;708;707;1001,8;27,5;23,16;22,66
"11.09.2025";"08:43:08";23,18;59,9;15;1001,5;23,06;60,2;15;1000,2;22,98;61,4;15,2;1002,5;0,217;1000,2;0,279;1000,3;0,357;1000,9;721;719;999,8;27,9;717;729;1001,8;27,5;23,17;22,67
"11.09.2025";"08:43:17";23,19;59,9;15;1001,5;23,06;60,2;15;1000,2;22,99;61,4;15,2;1002,5;0,201;1000,3;0,289;1000,4;0,349;1000,8;721;719;999,8;27,9;717;729;1001,8;27,5;23,17;22,68
"11.09.2025";"08:43:28";23,2;59,9;15;1001,5;23,08;60,2;15;1000,1;23;61,4;15,2;1002,5;0,232;1000,3;0,303;1000,4;0,383;1000,8;719;712;999,8;27,9;716;720;1001,8;27,5;23,17;22,69
"11.09.2025";"08:43:37";23,2;59,9;15;1001,4;23,09;60,1;15;1000,2;23;61,4;15,2;1002,5;0,213;1000,4;0,269;1000,4;0,358;1000,8;721;729;999,8;27,9;716;721;1001,8;27,5;23,17;22,7
"11.09.2025";"08:43:48";23,2;59,9;15;1001,4;23,1;60,1;15;1000,1;23,02;61,4;15,3;1002,5;0,206;1000,4;0,287;1000,4;0,374;1000,8;721;729;999,8;27,9;716;721;1001,8;27,5;23,18;22,71
"11.09.2025";"08:43:57";23,21;59,9;15;1001,4;23,1;60,1;15;1000,2;23,03;61,4;15,3;1002,5;0,21;1000,4;0,289;1000,4;0,356;1000,8;721;742;999,8;27,9;714;712;1001,8;27,5;23,18;22,72
"11.09.2025";"08:44:06";23,22;59,8;15;1001,4;23,1;60,2;15;1000,2;23,03;61,4;15,3;1002,4;0,176;1000,4;0,288;1000,4;0,345;1000,9;719;716;999,8;27,9;716;722;1001,8;27,5;23,19;22,73
"11.09.2025";"08:44:17";23,22;59,8;15;1001,5;23,14;60,1;15;1000,2;23,03;61,4;15,3;1002,5;0,201;1000,4;0,284;1000,4;0,308;1000,8;719;716;999,8;28;716;722;1001,8;27,5;23,19;22,73
"11.09.2025";"08:44:26";23,23;59,8;15;1001,4;23,15;60,1;15;1000,1;23,04;61,4;15,3;1002,5;0,2;1000,4;0,269;1000,4;0,312;1000,8;742;754;999,9;28;708;703;1001,8;27,5;23,21;22,75
"11.09.2025";"08:44:38";23,23;59,8;15;1001,5;23,16;60,1;15,1;1000,1;23,04;61,4;15,3;1002,5;0,154;1000,4;0,254;1000,4;0,319;1000,8;721;721;999,8;27,9;715;715;1001,8;27,5;23,21;22,75
"11.09.2025";"08:44:46";23,25;59,8;15,1;1001,5;23,16;60,1;15,1;1000,2;23,05;61,4;15,3;1002,5;0,178;1000,3;0,267;1000,4;0,358;1000,8;721;721;999,8;28;715;715;1001,7;27,5;23,21;22,77
"11.09.2025";"08:44:58";23,25;59,8;15,1;1001,5;23,17;60,1;15,1;1000,2;23,06;61,4;15,3;1002,5;0,167;1000,4;0,242;1000,4;0,388;1000,8;721;753;999,8;28;707;689;1001,8;27,5;23,22;22,78
"11.09.2025";"08:45:07";23,25;59,8;15,1;1001,5;23,18;60,1;15,1;1000,3;23,06;61,4;15,3;1002,5;0,237;1000,4;0,297;1000,4;0,33;1000,8;729;743;999,8;28;715;719;1001,8;27,5;23,22;22,78
"11.09.2025";"08:45:18";23,28;59,8;15,1;1001,5;23,19;60;15,1;1000,2;23,06;61,4;15,3;1002,6;0,222;1000,4;0,269;1000,4;0,309;1000,8;729;743;999,8;28;715;719;1001,8;27,5;23,23;22,79
"11.09.2025";"08:45:27";23,28;59,8;15,1;1001,4;23,2;60;15,1;1000,2;23,07;61,3;15,3;1002,5;0,187;1000,3;0,286;1000,4;0,328;1000,8;729;724;999,8;28;721;740;1001,8;27,6;23,23;22,8
"11.09.2025";"08:45:39";23,29;59,8;15,1;1001,5;23,21;60;15,1;1000,2;23,08;61,3;15,3;1002,5;0,128;1000,4;0,223;1000,4;0,311;1000,8;729;743;999,8;28;719;709;1001,9;27,6;23,23;22,81
"11.09.2025";"08:45:47";23,29;59,8;15,1;1001,5;23,22;60;15,1;1000,2;23,08;61,3;15,3;1002,6;0,151;1000,4;0,231;1000,4;0,292;1000,8;729;743;999,8;28;719;709;1001,8;27,6;23,23;22,82
"11.09.2025";"08:45:56";23,3;59,8;15,1;1001,5;23,22;60;15,1;1000,1;23,08;61,3;15,3;1002,5;0,237;1000,4;0,265;1000,4;0,308;1000,8;729;729;999,8;28;721;729;1001,8;27,5;23,23;22,83
"11.09.2025";"08:46:08";23,3;59,8;15,1;1001,5;23,23;60;15,1;1000,2;23,09;61,3;15,3;1002,5;0,16;1000,4;0,276;1000,4;0,314;1000,8;733;733;999,9;28;715;714;1001,8;27,6;23,24;22,83
"11.09.2025";"08:46:16";23,3;59,8;15,1;1001,5;23,23;59,9;15,1;1000,2;23,09;61,4;15,3;1002,5;0,194;1000,4;0,258;1000,4;0,364;1000,8;733;733;999,8;28;715;714;1001,8;27,6;23,24;22,84
"11.09.2025";"08:46:28";23,31;59,8;15,1;1001,4;23,24;59,9;15,1;1000,2;23,1;61,3;15,3;1002,4;0,128;1000,4;0,207;1000,4;0,309;1000,8;741;741;999,8;28;715;720;1001,8;27,6;23,24;22,85
"11.09.2025";"08:46:37";23,32;59,8;15,1;1001,5;23,24;59,9;15,1;1000,2;23,1;61,3;15,3;1002,5;0,18;1000,4;0,288;1000,4;0,311;1000,8;733;733;999,9;28;719;722;1001,8;27,6;23,24;22,85
"11.09.2025";"08:46:48";23,32;59,8;15,1;1001,5;23,25;59,9;15,1;1000,3;23,1;61,3;15,3;1002,5;0,186;1000,4;0,259;1000,4;0,302;1000,8;733;733;999,8;28;719;722;1001,9;27,6;23,26;22,87
"11.09.2025";"08:46:57";23,33;59,7;15,1;1001,5;23,25;59,9;15,1;1000,2;23,1;61,4;15,3;1002,6;0,171;1000,4;0,269;1000,4;0,286;1000,8;741;747;999,8;28;719;723;1001,9;27,6;23,27;22,88
"11.09.2025";"08:47:09";23,34;59,7;15,1;1001,5;23,27;59,9;15,1;1000,3;23,1;61,4;15,3;1002,5;0,163;1000,4;0,283;1000,4;0,327;1000,8;737;737;999,8;28;720;724;1001,9;27,6;23,27;22,88
"11.09.2025";"08:47:17";23,35;59,7;15,1;1001,5;23,27;59,9;15,1;1000,2;23,13;61,4;15,4;1002,5;0,189;1000,4;0,263;1000,4;0,329;1000,8;737;737;999,8;28;720;724;1001,8;27,6;23,27;22,89
"11.09.2025";"08:47:26";23,35;59,7;15,1;1001,5;23,3;60,1;15,2;1000,3;23,13;61,4;15,4;1002,6;0,167;1000,4;0,253;1000,5;0,357;1000,7;743;760;999,9;28;720;717;1001,8;27,6;23,28;22,9
"11.09.2025";"08:47:38";23,37;59,8;15,2;1001,5;23,29;60;15,1;1000,3;23,15;61,5;15,4;1002,5;0,171;1000,4;0,252;1000,4;0,377;1000,7;741;742;999,8;28;722;723;1001,8;27,6;23,3;22,92
"11.09.2025";"08:47:46";23,38;59,8;15,2;1001,5;23,3;60;15,2;1000,2;23,18;61,5;15,4;1002,5;0,204;1000,4;0,253;1000,4;0,348;1000,8;741;742;999,9;28,1;722;723;1001,8;27,6;23,3;22,92
"11.09.2025";"08:47:58";23,42;60,1;15,3;1001,5;23,33;60,4;15,3;1000,2;23,27;61,9;15,6;1002,5;0,134;1000,4;0,253;1000,4;0,311;1000,8;738;738;999,9;28,1;724;747;1001,8;27,6;23,31;22,93
"11.09.2025";"08:48:07";23,5;61,1;15,6;1001,5;23,38;61,3;15,6;1000,3;23,34;62;15,7;1002,4;0,106;1000,4;0,21;1000,4;0,263;1000,9;743;812;999,9;28,1;724;785;1001,8;27,6;23,32;22,94
"11.09.2025";"08:48:18";23,57;60,9;15,6;1001,4;23,48;61,5;15,7;1000,2;23,42;62,2;15,8;1002,6;0,126;1000,4;0,217;1000,4;0,339;1000,8;743;812;999,9;28,1;724;785;1001,8;27,6;23,33;22,96
"11.09.2025";"08:48:27";23,61;61,1;15,7;1001,5;23,52;61,6;15,8;1000,2;23,45;62,5;15,9;1002,5;0,173;1000,4;0,248;1000,4;0,351;1000,8;747;874;999,9;28,1;729;779;1001,9;27,6;23,34;22,96
"11.09.2025";"08:48:38";23,65;61,6;15,9;1001,5;23,57;61,8;15,9;1000,2;23,48;63;16,1;1002,5;0,186;1000,4;0,275;1000,4;0,333;1000,9;760;868;999,9;28,1;746;856;1002;27,7;23,35;22,98
"11.09.2025";"08:48:47";23,71;61,3;15,9;1001,6;23,62;61,7;15,9;1000,2;23,51;63;16,1;1002,5;0,217;1000,4;0,258;1000,4;0,334;1000,8;760;868;999,9;28,1;747;858;1001,9;27,7;23,37;22,99
"11.09.2025";"08:48:56";23,75;61,8;16;1001,5;23,67;61,9;16;1000,3;23,53;63,3;16,2;1002,5;0,251;1000,4;0,241;1000,4;0,334;1000,8;812;917;999,9;28,1;779;875;1001,9;27,7;23,38;23,01
"11.09.2025";"08:49:07";23,8;61,8;16,1;1001,5;23,69;61,9;16;1000,3;23,59;63,3;16,3;1002,5;0,176;1000,4;0,264;1000,4;0,386;1000,8;868;951;999,9;28,1;785;932;1001,9;27,7;23,39;23,02
"11.09.2025";"08:49:16";23,84;61,4;16;1001,5;23,72;61,8;16;1000,3;23,66;63,3;16,3;1002,5;0,179;1000,4;0,252;1000,5;0,367;1000,8;868;951;999,9;28,1;785;932;1001,9;27,7;23,4;23,03
"11.09.2025";"08:49:28";23,89;61,7;16,2;1001,5;23,75;62,1;16,1;1000,3;23,71;63,6;16,5;1002,6;0,177;1000,4;0,24;1000,5;0,311;1000,8;874;954;999,9;28,1;858;966;1001,9;27,7;23,41;23,05
"11.09.2025";"08:49:36";23,93;62;16,3;1001,5;23,8;62,3;16,2;1000,2;23,74;63,6;16,5;1002,5;0,215;1000,3;0,283;1000,4;0,342;1000,8;917;1000;999,8;28,1;875;1057;1001,9;27,7;23,42;23,06
"11.09.2025";"08:49:48";23,98;62;16,3;1001,5;23,81;62,5;16,3;1000,3;23,77;63,6;16,5;1002,5;0,206;1000,4;0,284;1000,5;0,342;1000,8;917;1000;999,9;28,2;875;1057;1001,9;27,8;23,44;23,08
"11.09.2025";"08:49:57";24,01;61,7;16,3;1001,5;23,81;62,3;16,2;1000,2;23,78;63,7;16,5;1002,6;0,167;1000,4;0,231;1000,4;0,143;1000,8;951;1085;999,9;28,2;932;1074;1001,9;27,8;23,45;23,09
"11.09.2025";"08:50:08";24,01;61,8;16,3;1001,5;23,8;62,4;16,2;1000,3;23,75;63,7;16,5;1002,6;0,122;1000,4;0,087;1000,5;0,094;1000,8;954;1115;999,9;28,2;966;1176;1001,9;27,8;23,47;23,11
"11.09.2025";"08:50:17";24;61,8;16,3;1001,6;23,8;62,4;16,2;1000,3;23,73;64;16,6;1002,5;0,122;1000,4;0,148;1000,5;0,116;1000,8;954;1115;999,9;28,2;966;1176;1001,9;27,8;23,48;23,13
"11.09.2025";"08:50:29";23,98;61,8;16,3;1001,6;23,8;62,4;16,2;1000,3;23,69;64;16,5;1002,6;0,131;1000,4;0,114;1000,5;0,128;1000,8;951;1080;999,9;28,2;1057;1205;1001,8;27,8;23,5;23,15
"11.09.2025";"08:50:37";23,97;61,9;16,3;1001,4;23,79;62,5;16,3;1000,3;23,67;63,9;16,5;1002,6;0,091;1000,4;0,153;1000,5;0,101;1000,8;1080;1125;999,9;28,2;1074;1193;1001,9;27,9;23,52;23,16
"11.09.2025";"08:50:46";23,97;62,1;16,3;1001,5;23,79;62,6;16,3;1000,2;23,65;64;16,5;1002,6;0,093;1000,3;0,148;1000,4;0,106;1000,8;1080;1125;999,9;28,2;1074;1193;1001,9;27,9;23,53;23,18
"11.09.2025";"08:50:58";23,97;62,2;16,3;1001,6;23,8;62,8;16,3;1000,3;23,63;64;16,5;1002,6;0,049;1000,4;0,138;1000,4;0,101;1000,8;1085;1117;999,9;28,2;1176;1209;1001,9;27,9;23,54;23,19
"11.09.2025";"08:51:06";23,98;62,6;16,5;1001,5;23,81;63,1;16,4;1000,3;23,62;64,1;16,5;1002,5;0,086;1000,4;0,121;1000,4;0,106;1000,9;1115;1176;999,9;28,3;1074;1189;1001,8;27,9;23,56;23,21
"11.09.2025";"08:51:18";24;63,3;16,7;1001,6;23,82;64,1;16,7;1000,3;23,6;64,1;16,5;1002,5;0,086;1000,5;0,178;1000,4;0,095;1000,9;1113;1175;1000;28,3;1159;1159;1001,9;27,9;23,57;23,22
"11.09.2025";"08:51:27";24,01;63,9;16,8;1001,6;23,83;64,4;16,8;1000,3;23,58;64,3;16,5;1002,6;0,099;1000,4;0,146;1000,4;0,114;1000,9;1115;1301;1000;28,3;1159;1159;1001,9;27,9;23,57;23,23
"11.09.2025";"08:51:38";24,02;64,2;16,9;1001,5;23,83;64,5;16,8;1000,2;23,57;64,7;16,6;1002,5;0,116;1000,4;0,14;1000,5;0,085;1000,9;1124;1378;1000;28,3;1176;1195;1001,9;27,9;23,58;23,23
"11.09.2025";"08:51:47";24,04;64,4;17;1001,5;23,84;64,8;16,9;1000,3;23,56;64,8;16,6;1002,5;0,13;1000,4;0,185;1000,5;0,098;1000,9;1176;1506;999,9;28,3;1195;1216;1001,9;28;23,59;23,24
"11.09.2025";"08:51:59";24,06;64,9;17,1;1001,6;23,86;65,3;17;1000,3;23,54;65,1;16,7;1002,6;0,143;1000,5;0,134;1000,5;0,109;1000,8;1176;1506;999,9;28,3;1195;1216;1001,9;28;23,61;23,26
"11.09.2025";"08:52:07";24,08;64,8;17,1;1001,6;23,87;65,2;17;1000,3;23,53;65,3;16,7;1002,6;0,107;1000,5;0,162;1000,5;0,103;1000,9;1301;1568;1000;28,3;1205;1268;1001,8;28;23,62;23,26
"11.09.2025";"08:52:16";24,09;65;17,2;1001,6;23,87;65,4;17;1000,4;23,52;65,7;16,8;1002,6;0,098;1000,5;0,113;1000,5;0,099;1000,9;1378;1611;1000;28,3;1209;1325;1001,9;28;23,63;23,27
"11.09.2025";"08:52:28";24,1;65,3;17,2;1001,6;23,88;65,8;17,2;1000,3;23,52;66;16,9;1002,6;0,08;1000,5;0,122;1000,5;0,087;1001;1378;1611;1000;28,4;1208;1324;1002;28;23,64;23,28
"11.09.2025";"08:52:36";24,11;65,4;17,3;1001,6;23,89;66;17,2;1000,3;23,51;66,3;16,9;1002,6;0,128;1000,5;0,113;1000,5;0,096;1000,9;1504;1699;1000;28,4;1214;1350;1002;28;23,65;23,3
"11.09.2025";"08:52:48";24,11;65,6;17,3;1001,6;23,89;66,1;17,2;1000,4;23,51;66,4;16,9;1002,6;0,052;1000,5;0,09;1000,5;0,092;1001;1568;1743;1000;28,4;1267;1385;1002;28,1;23,66;23,31
"11.09.2025";"08:52:57";24,11;65,7;17,4;1001,6;23,9;66,1;17,2;1000,4;23,5;66,6;17;1002,6;0,04;1000,5;0,078;1000,5;0,111;1000,9;1570;1745;999,9;28,4;1267;1385;1002;28,1;23,68;23,31
"11.09.2025";"08:53:08";24,12;66,1;17,5;1001,6;23,91;66,7;17,4;1000,4;23,5;66,8;17;1002,6;0,058;1000,5;0,09;1000,5;0,12;1000,9;1611;1863;1000;28,4;1325;1479;1001,9;28,1;23,69;23,32
"11.09.2025";"08:53:17";24,13;66,5;17,6;1001,6;23,91;67;17,5;1000,4;23,49;66,8;17;1002,6;0,076;1000,5;0,086;1000,5;0,116;1000,9;1699;1965;1000;28,4;1350;1500;1002;28,1;23,7;23,33
"11.09.2025";"08:53:28";24,18;69,5;18,3;1001,6;23,93;68,8;17,9;1000,3;23,5;67;17,1;1002,6;0,096;1000,4;0,075;1000,6;0,092;1000,9;1699;1965;1000;28,4;1352;1502;1001,9;28,1;23,72;23,33
"11.09.2025";"08:53:37";24,2;68,7;18,1;1001,6;23,93;69,1;18;1000,4;23,49;67,4;17,2;1002,6;0,081;1000,5;0,081;1000,6;0,09;1000,9;1743;2228;1000;28,4;1385;1560;1002;28,1;23,73;23,34
"11.09.2025";"08:53:46";24,23;70,7;18,6;1001,6;23,94;69,1;18;1000,3;23,49;67,8;17,3;1002,6;0,066;1000,5;0,092;1000,5;0,09;1000,9;1865;2510;999,9;28,5;1477;1598;1002;28,1;23,74;23,34
"11.09.2025";"08:53:57";24,23;69,5;18,4;1001,7;23,95;69;18;1000,4;23,48;67,9;17,3;1002,7;0,074;1000,5;0,093;1000,5;0,093;1001;1865;2510;999,9;28,5;1477;1598;1002;28,2;23,74;23,35
"11.09.2025";"08:54:06";24,24;69,5;18,4;1001,6;23,96;69,7;18,1;1000,4;23,48;68,2;17,3;1002,7;0,113;1000,5;0,12;1000,5;0,096;1000,9;1965;2506;1000;28,5;1502;1713;1001,9;28,2;23,75;23,35
"11.09.2025";"08:54:18";24,25;69,6;18,4;1001,6;23,97;69,6;18,1;1000,4;23,48;68,7;17,5;1002,7;0,12;1000,5;0,118;1000,6;0,108;1000,9;2231;2549;999,9;28,5;1560;1796;1002;28,2;23,76;23,36
"11.09.2025";"08:54:26";24,25;69,7;18,4;1001,6;23,97;69,2;18;1000,4;23,48;68,9;17,5;1002,7;0,074;1000,5;0,064;1000,6;0,11;1000,9;2231;2549;999,9;28,5;1560;1796;1002;28,2;23,77;23,36
"11.09.2025";"08:54:38";24,26;70,5;18,6;1001,6;23,98;70,5;18,3;1000,4;23,48;69;17,5;1002,6;0,094;1000,5;0,1;1000,5;0,119;1001;2510;2549;999,9;28,5;1600;1852;1001,9;28,2;23,78;23,36
"11.09.2025";"08:54:47";24,28;71,1;18,8;1001,6;24,01;71,4;18,6;1000,3;23,48;69,5;17,6;1002,7;0,063;1000,5;0,083;1000,5;0,127;1000,9;2510;2639;999,9;28,5;1710;1948;1002;28,2;23,79;23,36
"11.09.2025";"08:54:58";24,32;73,2;19,3;1001,5;24,02;72,3;18,8;1000,4;23,48;70,2;17,8;1002,6;0,097;1000,5;0,113;1000,5;0,104;1000,9;2506;2636;1000;28,6;1713;1951;1001,9;28,2;23,8;23,37
"11.09.2025";"08:55:07";24,33;72,5;19,1;1001,6;24,03;72,7;18,9;1000,4;23,48;70,6;17,9;1002,6;0,089;1000,4;0,108;1000,6;0,109;1001;2545;2839;1000;28,6;1798;2045;1001,9;28,2;23,81;23,37
"11.09.2025";"08:55:19";24,34;72,4;19,1;1001,6;24,04;72,9;18,9;1000,3;23,48;70,7;17,9;1002,7;0,082;1000,5;0,067;1000,5;0,114;1000,9;2549;2867;999,9;28,6;1850;2104;1002;28,2;23,82;23,37
"11.09.2025";"08:55:27";24,35;72,3;19,1;1001,6;24,04;73,3;19;1000,4;23,49;71,4;18,1;1002,7;0,092;1000,5;0,052;1000,6;0,121;1000,9;2549;2867;999,9;28,6;1850;2104;1002;28,3;23,83;23,38
"11.09.2025";"08:55:36";24,35;72,3;19,1;1001,6;24,05;73,3;19;1000,4;23,49;71,7;18,1;1002,6;0,087;1000,5;0,107;1000,5;0,097;1000,9;2549;2834;999,9;28,6;1948;2211;1002;28,3;23,83;23,38
"11.09.2025";"08:55:48";24,36;72,7;19,2;1001,6;24,06;73,6;19,1;1000,4;23,48;71,6;18,1;1002,7;0,07;1000,6;0,081;1000,5;0,095;1001;2830;2900;1000;28,6;2045;2225;1001,9;28,3;23,85;23,38
"11.09.2025";"08:55:56";24,37;73,7;19,4;1001,6;24,07;73,8;19,2;1000,3;23,49;72,2;18,3;1002,7;0,071;1000,6;0,054;1000,5;0,087;1000,9;2830;2900;1000;28,6;2042;2222;1002;28,3;23,86;23,39
"11.09.2025";"08:56:08";24,38;74,2;19,6;1001,6;24,08;74,1;19,2;1000,3;23,49;72,4;18,3;1002,7;0,075;1000,5;0,112;1000,5;0,101;1001;2843;3098;999,9;28,6;2104;2333;1002;28,3;23,86;23,39
"11.09.2025";"08:56:17";24,39;75,1;19,8;1001,6;24,09;75;19,4;1000,4;23,5;72,7;18,4;1002,6;0,084;1000,5;0,084;1000,5;0,098;1000,9;2867;3182;999,9;28,6;2214;2371;1001,9;28,3;23,88;23,39
"11.09.2025";"08:56:28";24,41;76,2;20;1001,6;24,1;76,2;19,7;1000,4;23,5;73,8;18,6;1002,7;0,057;1000,5;0,084;1000,6;0,085;1000,9;2867;3182;999,9;28,7;2214;2371;1001,9;28,3;23,89;23,4
"11.09.2025";"08:56:37";24,43;76,7;20,1;1001,6;24,11;76,3;19,7;1000,4;23,5;73,5;18,5;1002,7;0,107;1000,6;0,049;1000,5;0,089;1001;2904;3201;999,9;28,7;2225;2470;1001,9;28,3;23,9;23,4
"11.09.2025";"08:56:49";24,45;76,4;20,1;1001,7;24,13;77,2;19,9;1000,4;23,5;73,8;18,6;1002,6;0,12;1000,6;0,102;1000,5;0,086;1000,9;3094;3247;1000;28,7;2336;2526;1001,9;28,3;23,9;23,4
"11.09.2025";"08:56:57";24,46;76,8;20,2;1001,7;24,13;77,6;20;1000,4;23,5;73,9;18,6;1002,7;0,082;1000,5;0,079;1000,6;0,084;1001;3098;3251;999,9;28,7;2336;2526;1001,9;28,3;23,91;23,4
"11.09.2025";"08:57:06";24,46;77;20,2;1001,6;24,13;77,4;20;1000,4;23,51;74,5;18,8;1002,7;0,04;1000,5;0,062;1000,6;0,078;1001;3182;3325;999,9;28,7;2371;2572;1001,9;28,4;23,91;23,4
"11.09.2025";"08:57:18";24,46;76,2;20,1;1001,7;24,16;77,2;20;1000,4;23,51;75,2;18,9;1002,7;0,044;1000,5;0,075;1000,6;0,086;1001;3197;3494;1000;28,7;2470;2598;1001,9;28,4;23,92;23,4
"11.09.2025";"08:57:26";24,47;76,9;20,2;1001,6;24,16;78,6;20,3;1000,4;23,52;75;18,9;1002,7;0,066;1000,5;0,078;1000,6;0,069;1000,9;3197;3494;1000;28,7;2467;2595;1002;28,4;23,93;23,4
"11.09.2025";"08:57:38";24,47;77,2;20,3;1001,6;24,17;78,8;20,3;1000,4;23,51;75,1;18,9;1002,6;0,046;1000,6;0,064;1000,6;0,083;1000,9;3251;3539;999,9;28,7;2526;2642;1001,9;28,4;23,94;23,4
"11.09.2025";"08:57:47";24,49;77,6;20,4;1001,7;24,17;79,1;20,4;1000,4;23,52;75,4;19;1002,7;0,054;1000,6;0,04;1000,6;0,074;1001;3321;3660;1000;28,7;2572;2701;1001,9;28,4;23,95;23,4
"11.09.2025";"08:57:58";24,49;78,4;20,5;1001,7;24,18;79;20,4;1000,4;23,52;75,8;19,1;1002,7;0;1000,6;0,041;1000,6;0,089;1001;3321;3660;1000;28,8;2572;2701;1001,9;28,4;23,96;23,4
"11.09.2025";"08:58:07";24,49;78,4;20,5;1001,7;24,19;79;20,4;1000,4;23,52;75,6;19;1002,7;0,006;1000,5;0;1000,6;0,074;1001;3499;3762;999,9;28,8;2595;2733;1002;28,4;23,97;23,4
"11.09.2025";"08:58:18";24,5;78,6;20,6;1001,7;24,19;78,8;20,3;1000,4;23,53;76,3;19,2;1002,7;0;1000,6;0,034;1000,6;0,07;1001;3534;3846;1000;28,8;2639;2724;1002;28,4;23,98;23,41
"11.09.2025";"08:58:27";24,51;78,8;20,7;1001,7;24,2;79,8;20,6;1000,4;23,52;76,4;19,2;1002,7;0,05;1000,6;0;1000,6;0,081;1000,9;3534;3846;1000;28,8;2639;2724;1002;28,4;23,99;23,41
"11.09.2025";"08:58:36";24,52;79,7;20,8;1001,6;24,2;80,6;20,7;1000,3;23,53;77;19,3;1002,7;0,076;1000,6;0,049;1000,6;0,063;1000,9;3660;3767;1000;28,8;2701;2859;1001,9;28,4;24;23,41
"11.09.2025";"08:58:47";24,54;80,6;21;1001,7;24,22;81,7;21;1000,5;23,53;77,7;19,5;1002,7;0,059;1000,5;0,063;1000,5;0,094;1000,9;3757;3815;1000;28,8;2724;2918;1002;28,5;24,01;23,41
"11.09.2025";"08:58:56";24,55;81;21,1;1001,7;24,22;81,4;20,9;1000,4;23,53;78,1;19,6;1002,7;0,089;1000,5;0,059;1000,5;0,088;1001;3757;3815;1000;28,8;2728;2922;1001,9;28,5;24,02;23,41
"11.09.2025";"08:59:08";24,56;81,4;21,2;1001,6;24,23;81,7;21;1000,4;23,54;78,1;19,6;1002,7;0,078;1000,5;0,057;1000,5;0,075;1000,9;3767;3932;1000;28,8;2737;2932;1001,9;28,5;24,03;23,41
"11.09.2025";"08:59:16";24,56;81,7;21,3;1001,7;24,24;81,8;21;1000,4;23,54;78,1;19,6;1002,6;0,062;1000,5;0;1000,6;0,074;1001;3815;4008;1000;28,9;2859;3007;1001,9;28,5;24,04;23,42
"11.09.2025";"08:59:28";24,57;81,8;21,3;1001,7;24,24;82,1;21,1;1000,4;23,54;77,8;19,5;1002,6;0,065;1000,6;0;1000,5;0,061;1001;3820;4014;999,9;28,9;2855;3003;1002;28,5;24,06;23,42
"11.09.2025";"08:59:37";24,58;81,6;21,3;1001,7;24,26;83,1;21,3;1000,3;23,54;78,1;19,6;1002,7;0,062;1000,5;0,055;1000,5;0,064;1001;3846;4149;1000;28,9;2918;2997;1002;28,5;24,06;23,42
"11.09.2025";"08:59:48";24,58;81,7;21,3;1001,6;24,26;83,3;21,3;1000,4;23,56;79;19,8;1002,7;0,053;1000,6;0,06;1000,5;0,081;1001;3937;4031;999,9;28,9;2928;2998;1002;28,5;24,07;23,42
"11.09.2025";"08:59:57";24,6;81,8;21,4;1001,7;24,26;83;21,3;1000,4;23,56;79;19,8;1002,6;0,065;1000,5;0,042;1000,6;0,079;1001;3937;4031;999,9;28,9;2932;3002;1001,9;28,5;24,08;23,42
"11.09.2025";"09:00:09";24,61;82,9;21,6;1001,7;24,27;83,5;21,4;1000,4;23,57;79,9;20;1002,7;0,043;1000,5;0,058;1000,6;0,081;1000,9;4008;4294;1000;28,9;2918;2948;1002;28,5;24,09;23,42
"11.09.2025";"09:00:17";24,61;82,9;21,6;1001,7;24,28;84;21,5;1000,5;23,57;79,9;20;1002,6;0,071;1000,6;0,042;1000,6;0,092;1001;4031;4309;999,9;28,9;3001;3169;1001,9;28,5;24,09;23,42
"11.09.2025";"09:00:26";24,62;82,8;21,6;1001,8;24,3;84,6;21,6;1000,4;23,58;79,9;20;1002,6;0,072;1000,6;0,082;1000,6;0,089;1000,9;4025;4303;1000;28,9;3001;3169;1001,9;28,5;24,1;23,43
"11.09.2025";"09:00:38";24,63;82,8;21,6;1001,7;24,3;85,1;21,7;1000,4;23,57;80,1;20;1002,7;0,092;1000,5;0,07;1000,6;0,074;1001;4008;4245;1000;29;2998;3209;1002;28,6;24,11;23,43
"11.09.2025";"09:00:46";24,64;83,1;21,6;1001,7;24,31;85;21,7;1000,4;23,57;79,8;19,9;1002,7;0,047;1000,5;0,043;1000,6;0,039;1000,9;4251;4333;999,9;29;3007;3201;1001,9;28,6;24,12;23,43
"11.09.2025";"09:00:58";24,65;84,4;21,9;1001,7;24,31;84,5;21,6;1000,4;23,58;80,2;20;1002,7;0,05;1000,6;0;1000,6;0;1000,9;4251;4333;999,9;29;3007;3201;1001,9;28,6;24,13;23,44
"11.09.2025";"09:01:07";24,64;84,1;21,8;1001,6;24,32;83,3;21,4;1000,3;23,58;80,9;20,2;1002,7;0,125;1000,6;0,053;1000,6;0,043;1001;4154;4248;999,9;29;3169;3276;1001,9;28,6;24,13;23,44
"11.09.2025";"09:01:18";24,6;76,1;20,2;1001,7;24,27;74;19,4;1000,3;23,61;82,1;20,4;1002,6;0,082;1000,6;0,086;1000,6;0,072;1000,9;4008;3719;1000;29;3201;3279;1001,9;28,6;24,14;23,44
"11.09.2025";"09:01:27";24,57;74;19,7;1001,7;24,28;74,3;19,5;1000,4;23,6;80;20;1002,7;0,053;1000,6;0,044;1000,5;0,036;1001;4008;3719;1000;29;3201;3279;1001,9;28,6;24,15;23,44
"11.09.2025";"09:01:38";24,58;78,1;20,6;1001,7;24,28;75;19,6;1000,3;23,6;77,5;19,5;1002,7;0,043;1000,5;0;1000,6;0,005;1000,9;4008;2922;1000;29;3137;3137;1001,9;28,6;24,16;23,45
"11.09.2025";"09:01:47";24,58;78,3;20,6;1001,7;24,27;75,5;19,7;1000,4;23,6;77,1;19,4;1002,6;0;1000,6;0;1000,5;0;1000,9;4008;3365;1000;29;2998;2889;1002;28,6;24,17;23,45
"11.09.2025";"09:01:56";24,57;78,9;20,7;1001,6;24,26;74,9;19,6;1000,3;23,6;77,1;19,4;1002,7;0;1000,5;0;1000,5;0;1000,9;4014;3369;999,9;29;2998;2889;1002;28,6;24,17;23,45
"11.09.2025";"09:02:07";24,56;80,4;21;1001,7;24,26;74,4;19,5;1000,3;23,6;77,3;19,5;1002,7;0;1000,6;0;1000,5;0;1001;4149;3418;1000;29;3137;3035;1001,9;28,6;24,18;23,45
"11.09.2025";"09:02:16";24,54;79,3;20,8;1001,6;24,26;75,4;19,7;1000,4;23,59;77,2;19,4;1002,7;0;1000,6;0,04;1000,6;0;1001;4025;3370;1000;29;3133;2988;1002;28,6;24,19;23,45
"11.09.2025";"09:02:28";24,52;77,1;20,3;1001,6;24,26;77,9;20,2;1000,3;23,59;77,3;19,4;1002,7;0;1000,6;0,037;1000,6;0,001;1001;4031;3374;999,9;29;3137;2992;1001,9;28,6;24,21;23,47
"11.09.2025";"09:02:36";24,51;77,3;20,3;1001,6;24,26;79,1;20,5;1000,3;23,59;77,2;19,4;1002,6;0;1000,6;0,044;1000,6;0;1001;3724;3385;999,9;29;3137;2970;1001,9;28,6;24,21;23,47
"11.09.2025";"09:02:48";24,49;78,5;20,6;1001,6;24,25;78,5;20,3;1000,4;23,58;77,1;19,4;1002,6;0;1000,5;0;1000,5;0;1001;3374;3322;999,9;29;2992;2883;1001,9;28,6;24,21;23,47
"11.09.2025";"09:02:57";24,49;78,4;20,5;1001,6;24,24;77,5;20,1;1000,3;23,58;77;19,4;1002,7;0;1000,6;0;1000,6;0;1001;3370;3318;1000;29,1;2992;2883;1001,9;28,7;24,22;23,47
"11.09.2025";"09:03:08";24,49;78,3;20,5;1001,6;24,24;77,3;20,1;1000,3;23,58;76,5;19,3;1002,6;0;1000,5;0;1000,6;0;1000,9;3369;3321;999,9;29,1;2970;2834;1001,9;28,7;24,22;23,47
"11.09.2025";"09:03:17";24,47;79,5;20,8;1001,6;24,23;76,7;19,9;1000,3;23,57;76,4;19,2;1002,6;0;1000,5;0;1000,6;0;1001;3318;3311;1000;29,1;2893;2835;1001,8;28,7;24,23;23,48
"11.09.2025";"09:03:26";24,46;80,2;20,9;1001,6;24,23;76,8;20;1000,3;23,57;76,5;19,3;1002,6;0;1000,5;0;1000,6;0;1001;3318;3311;1000;29,1;2893;2835;1001,8;28,7;24,23;23,48
"11.09.2025";"09:03:37";24,45;80,9;21;1001,7;24,23;77,7;20,2;1000,3;23,57;76,6;19,3;1002,6;0;1000,6;0;1000,5;0;1001;3365;3331;1000;29,1;2970;2886;1001,9;28,7;24,23;23,47
"11.09.2025";"09:03:46";24,43;80,1;20,8;1001,6;24,22;77,4;20,1;1000,4;23,56;76,6;19,3;1002,6;0;1000,6;0;1000,6;0;1001;3340;3340;1000;29,1;2883;2752;1001,8;28,7;24,23;23,47
"11.09.2025";"09:03:58";24,42;80,4;20,9;1001,6;24,21;77,4;20,1;1000,3;23,56;76,5;19,2;1002,6;0;1000,6;0,043;1000,6;0;1001;3340;3340;1000;29,1;2883;2752;1001,8;28,7;24,23;23,48
"11.09.2025";"09:04:06";24,4;80,1;20,8;1001,6;24,21;77,8;20,2;1000,4;23,56;76,6;19,3;1002,6;0;1000,6;0;1000,6;0;1000,9;3345;3383;999,9;29,1;2893;2947;1001,9;28,7;24,24;23,48
"11.09.2025";"09:04:18";24,4;80,6;20,9;1001,6;24,2;77,8;20,1;1000,3;23,54;76,5;19,2;1002,6;0;1000,6;0;1000,6;0;1001;3345;3335;999,9;29,1;2970;3040;1001,8;28,7;24,24;23,49
"11.09.2025";"09:04:27";24,39;81,3;21;1001,7;24,2;78,3;20,2;1000,4;23,54;76,2;19,2;1002,6;0;1000,5;0;1000,6;0;1001;3340;3330;1000;29,1;2970;3040;1001,9;28,7;24,24;23,49
"11.09.2025";"09:04:38";24,38;81,7;21,1;1001,7;24,19;78,2;20,2;1000,4;23,54;75,9;19,1;1002,7;0;1000,5;0;1000,6;0;1001;3383;3453;999,9;29,1;2907;2907;1001,9;28,7;24,24;23,49
"11.09.2025";"09:04:47";24,36;81,6;21,1;1001,7;24,17;78,3;20,2;1000,4;23,48;73,3;18,5;1002,7;0,076;1000,5;0,071;1000,6;0,081;1001;3378;3512;1000;29,1;2835;2686;1001,9;28,7;24,24;23,49
"11.09.2025";"09:04:59";24,27;79,8;20,6;1001,6;24,12;76,1;19,7;1000,4;23,14;68,4;17,1;1002,8;0,092;1000,6;0,077;1000,6;0,306;1001,1;3383;3517;999,9;29,1;2835;2686;1001,9;28,7;24,24;23,49
"11.09.2025";"09:05:07";24,22;75,9;19,8;1001,7;23,95;65,1;17,1;1000,4;23,06;68;16,9;1002,7;0,104;1000,6;0,172;1000,6;0,17;1001;3385;3491;999,9;29,1;2834;2037;1001,9;28,7;24,24;23,49
"11.09.2025";"09:05:16";24,11;68,4;18;1001,7;23,78;62,3;16,2;1000,3;22,93;65;16,1;1002,7;0,191;1000,5;0,351;1000,6;0,221;1001;3322;2968;999,9;29,1;2752;1648;1001,9;28,7;24,24;23,48
"11.09.2025";"09:05:28";23,95;61,2;16,1;1001,6;23,8;59,6;15,5;1000,3;22,88;62;15,3;1002,7;0,337;1000,6;0,355;1000,6;0,283;1001;3318;2963;1000;29,1;2752;1648;1001,8;28,7;24,24;23,46
"11.09.2025";"09:05:36";23,84;59,2;15,5;1001,6;23,76;58,6;15,2;1000,3;22,86;60,7;14,9;1002,6;0,382;1000,5;0,298;1000,6;0,209;1001;3321;1919;999,9;29,1;2686;1223;1001,8;28,7;24,24;23,45
"11.09.2025";"09:05:48";23,63;58,4;15;1001,7;23,61;57,2;14,7;1000,4;22,7;59,8;14,5;1002,8;0,738;1000,6;0,834;1000,6;0,684;1001;3315;1397;999,9;29,1;2037;945;1001,9;28,6;24,24;23,43
"11.09.2025";"09:05:57";23,46;58;14,8;1001,7;23,52;56,9;14,5;1000,3;22,62;59,9;14,5;1002,6;0,483;1000,5;0,499;1000,6;0,485;1000,9;3311;1395;1000;29,1;2037;945;1001,8;28,6;24,23;23,42
"11.09.2025";"09:06:08";23,48;58,5;14,9;1001,6;23,49;57,4;14,6;1000,3;22,61;60,2;14,6;1002,6;0,374;1000,6;0,286;1000,6;0,321;1001;2963;1121;1000;29;1648;816;1001,8;28,6;24,22;23,4
"11.09.2025";"09:06:17";23,49;58,9;15;1001,6;23,48;57,9;14,8;1000,3;22,6;60,2;14,6;1002,6;0,326;1000,6;0,332;1000,6;0,33;1001;1919;998;999,9;29;1223;733;1001,9;28,5;24,21;23,39
"11.09.2025";"09:06:28";23,5;59,2;15,1;1001,5;23,48;58,4;14,9;1000,3;22,61;60,4;14,6;1002,6;0,351;1000,6;0,301;1000,6;0,357;1001;1917;996;1000;28,9;1223;733;1001,9;28,5;24,19;23,37
"11.09.2025";"09:06:37";23,51;59,5;15,2;1001,6;23,48;58,3;14,9;1000,3;22,6;60,4;14,6;1002,6;0,296;1000,6;0,25;1000,6;0,291;1001;1395;986;1000;28,9;945;687;1001,9;28,5;24,18;23,35
"11.09.2025";"09:06:46";23,51;59;15,1;1001,5;23,43;57,8;14,7;1000,3;22,6;60,4;14,6;1002,5;0,262;1000,6;0,242;1000,6;0,211;1001;1917;1015;1000;28,9;816;645;1001,9;28,5;24,16;23,33
"11.09.2025";"09:06:57";23,48;59,2;15,1;1001,5;23,39;58,3;14,8;1000,3;22,59;60,3;14,6;1002,6;0,371;1000,5;0,374;1000,6;0,251;1001;1917;1015;1000;28,8;816;645;1001,9;28,4;24,14;23,31
"11.09.2025";"09:07:06";23,41;58;14,7;1001,6;23,36;57,7;14,6;1000,2;22,58;60,2;14,5;1002,6;0,267;1000,5;0,239;1000,6;0,198;1001;1015;916;1000;28,8;733;648;1001,9;28,4;24,13;23,28
"11.09.2025";"09:07:18";23,42;58,1;14,8;1001,5;23,31;57,3;14,5;1000,3;22,59;60,1;14,5;1002,6;0,095;1000,5;0,1;1000,6;0,094;1001;996;815;1000;28,8;686;607;1002;28,4;24,1;23,25
"11.09.2025";"09:07:26";23,42;58,1;14,8;1001,6;23,31;57,4;14,5;1000,3;22,61;60,3;14,6;1002,6;0,145;1000,6;0,105;1000,6;0,094;1001;998;816;999,9;28,7;686;607;1002;28,4;24,09;23,24
"11.09.2025";"09:07:38";23,36;58,1;14,7;1001,6;23,25;57,6;14,5;1000,3;22,61;60,1;14,5;1002,6;0,241;1000,6;0,214;1000,6;0,195;1001;986;778;1000;28,7;648;610;1001,9;28,3;24,07;23,22
"11.09.2025";"09:07:47";23,36;59;15;1001,6;23,27;58,2;14,7;1000,3;22,63;60,3;14,6;1002,6;0,129;1000,6;0,096;1000,6;0,145;1001;916;805;1000;28,7;645;602;1001,9;28,3;24,04;23,21
"11.09.2025";"09:07:58";23,32;58,1;14,7;1001,6;23,02;57,8;14,3;1000,4;22,59;60,1;14,5;1002,6;0,106;1000,6;0,16;1000,5;0,13;1000,9;916;805;1000;28,6;645;602;1001,9;28,3;24,02;23,19
"11.09.2025";"09:08:07";23,25;57,9;14,6;1001,6;22,84;58,2;14,3;1000,3;22,45;59,7;14,3;1002,7;0,108;1000,6;0,086;1000,6;0,129;1001;815;749;1000;28,6;610;601;1001,9;28,3;24;23,17
"11.09.2025";"09:08:19";23,22;57,8;14,5;1001,6;22,87;58,5;14,4;1000,3;22,38;60,1;14,3;1002,6;0,056;1000,5;0,043;1000,6;0,163;1001;805;701;1000;28,6;608;555;1001,9;28,3;23,97;23,14
"11.09.2025";"09:08:27";23,19;57,8;14,5;1001,5;22,91;58,1;14,3;1000,3;22,25;60,2;14,2;1002,7;0,058;1000,6;0,043;1000,6;0,137;1001;805;701;1000;28,6;608;555;1001,9;28,2;23,95;23,11
"11.09.2025";"09:08:36";23,13;57,8;14,4;1001,6;22,93;58;14,3;1000,3;22,14;60,5;14,2;1002,6;0,125;1000,6;0,054;1000,6;0,151;1001;778;679;1000;28,6;602;558;1001,9;28,2;23,92;23,08
"11.09.2025";"09:08:48";23,04;57,9;14,4;1001,6;22,93;57,9;14,3;1000,4;22,12;60,8;14,3;1002,7;0,082;1000,6;0,053;1000,6;0,121;1001;749;626;1000;28,6;601;524;1001,9;28,2;23,9;23,05
"11.09.2025";"09:08:56";23,03;58;14,4;1001,5;22,94;58;14,3;1000,3;22,08;60,8;14,2;1002,6;0,054;1000,6;0,051;1000,5;0,132;1001;749;626;1000;28,5;601;524;1001,9;28,1;23,88;23,02
"11.09.2025";"09:09:08";22,94;58,5;14,4;1001,5;22,8;58,2;14,2;1000,3;21,97;61,2;14,2;1002,8;0,397;1000,6;0,361;1000,6;0,127;1001;702;608;999,9;28,5;558;519;1001,9;28,1;23,85;22,97
"11.09.2025";"09:09:17";22,89;59,1;14,5;1001,6;22,72;58,2;14,1;1000,3;21,98;61,2;14,2;1002,6;0,364;1000,6;0,351;1000,6;0,171;1001,1;749;629;1000;28,5;601;540;1001,9;28,1;23,83;22,93
"11.09.2025";"09:09:28";22,9;59,7;14,7;1001,6;22,76;58,6;14,3;1000,3;22,03;61,2;14,3;1002,6;0,204;1000,6;0,196;1000,6;0,114;1001;749;629;1000;28,5;601;540;1001,9;28;23,79;22,87
"11.09.2025";"09:09:37";22,92;59;14,5;1001,5;22,78;58,8;14,4;1000,3;22,08;61,2;14,3;1002,6;0,167;1000,5;0,114;1000,6;0,099;1001;701;652;1000;28,5;540;520;1002;28;23,76;22,84
"11.09.2025";"09:09:49";22,95;58,7;14,5;1001,5;22,63;58,4;14,1;1000,4;22,06;61,1;14,2;1002,6;0,108;1000,6;0,108;1000,6;0,172;1001;679;656;1000;28,5;554;528;1002;28;23,73;22,8
"11.09.2025";"09:09:57";22,93;58,2;14,3;1001,6;22,55;58,6;14,1;1000,3;21,64;61,1;13,9;1002,7;0,113;1000,5;0,084;1000,6;0,301;1001;679;656;1000;28,4;554;528;1002;27,9;23,72;22,78
"11.09.2025";"09:10:06";22,83;58,5;14,3;1001,6;22,55;58,8;14,1;1000,3;21,52;62,3;14,1;1002,6;0,175;1000,6;0,105;1000,6;0,124;1000,9;679;577;1000;28,4;540;523;1001,9;27,9;23,7;22,74
"11.09.2025";"09:10:18";22,75;59,2;14,4;1001,6;22,42;59,2;14,1;1000,4;21,53;62,8;14,2;1002,6;0,363;1000,5;0,276;1000,6;0,252;1000,9;626;603;1000;28,4;523;496;1001,9;27,9;23,65;22,7
"11.09.2025";"09:10:26";22,83;59,8;14,7;1001,5;22,48;59,9;14,4;1000,3;21,64;62,6;14,2;1002,6;0,135;1000,5;0,1;1000,6;0,133;1001;627;604;999,9;28,4;523;496;1001,9;27,8;23,61;22,66
"11.09.2025";"09:10:38";22,83;59,1;14,5;1001,5;22,49;59,3;14,2;1000,3;21,72;62,5;14,3;1002,5;0,061;1000,6;0,069;1000,6;0,111;1000,9;629;617;1000,1;28,4;521;510;1001,9;27,8;23,56;22,6
"11.09.2025";"09:10:47";22,83;58,7;14,4;1001,6;22,51;59,6;14,3;1000,3;21,74;62,4;14,3;1002,6;0,041;1000,6;0;1000,6;0,201;1001;607;601;1000;28,3;519;485;1001,9;27,8;23,54;22,57
"11.09.2025";"09:10:58";22,83;58,6;14,3;1001,5;22,54;59,5;14,3;1000,3;21,71;62,3;14,2;1002,6;0,138;1000,6;0,095;1000,6;0,103;1001;607;601;1000;28,3;519;485;1001,9;27,8;23,5;22,54
"11.09.2025";"09:11:07";22,83;58,9;14,4;1001,6;22,5;59,2;14,2;1000,3;21,74;62,3;14,3;1002,6;0,374;1000,5;0,291;1000,6;0,209;1000,9;603;563;1000;28,3;510;473;1001,9;27,7;23,47;22,49
"11.09.2025";"09:11:18";22,77;59,1;14,4;1001,6;22,51;59,3;14,2;1000,3;21,84;62,1;14,3;1002,6;0,137;1000,6;0,131;1000,6;0,104;1001;601;569;1000;28,3;519;497;1001,9;27,7;23,43;22,44
"11.09.2025";"09:11:27";22,8;58,9;14,4;1001,5;22,54;59,3;14,3;1000,3;21,9;62;14,3;1002,6;0,188;1000,6;0,126;1000,6;0,149;1001;602;569;999,9;28,2;519;497;1001,9;27,7;23,4;22,41
"11.09.2025";"09:11:36";22,84;59,7;14,6;1001,5;22,56;59,6;14,4;1000,3;21,99;61,8;14,4;1002,6;0,35;1000,6;0,229;1000,6;0,296;1001;602;569;999,9;28,2;496;482;1001,9;27,7;23,39;22,38
"11.09.2025";"09:11:47";22,88;59,4;14,6;1001,6;22,6;59,5;14,4;1000,3;22,08;61,6;14,4;1002,6;0,172;1000,6;0,118;1000,6;0,138;1001;603;605;1000;28,2;503;503;1001,9;27,6;23,35;22,36
"11.09.2025";"09:11:56";22,89;59,2;14,6;1001,5;22,61;59,5;14,4;1000,3;22,11;61,8;14,5;1002,6;0,085;1000,6;0,067;1000,6;0,068;1001;603;605;1000;28,2;502;502;1002;27,6;23,33;22,33
"11.09.2025";"09:12:08";22,83;58,9;14,4;1001,6;22,56;59,5;14,3;1000,4;22,14;61,7;14,5;1002,6;0,088;1000,6;0,143;1000,5;0,061;1001;601;575;1000;28,2;520;523;1002;27,6;23,3;22,31
