<Header>
User name: 
Location: cabin
# of Location: 3
Model: 1.109
Serial No.: 9G070015
Firmware revision: 12.30E
Software revision: 1178 V8-26 (18--12-2023)
Unit: ug/m3
C-factor: 1,00
Comment: 
online data
<Data>
[d&t31.12.2035 11:50:55]	PM10 [ug/m3]	PM2,5 [ug/m3]	PM1 [ug/m3]	Inhalable [ug/m3]	Thoracic [ug/m3]	Alveolic [ug/m3]
11.09.2025 08:38:19	21,6	7,2	4,8	21,6	20,8	10,9
11.09.2025 08:38:25	29,9	6,8	4,8	35,2	26,3	8,4
11.09.2025 08:38:31	17,7	5,8	5,2	22,8	16,6	6,8
11.09.2025 08:38:37	36,3	7,4	5,6	63,0	39,3	10,0
11.09.2025 08:38:43	25,4	9,9	5,3	30,4	23,8	11,8
11.09.2025 08:38:49	10,7	7,9	5,3	10,7	10,6	9,2
11.09.2025 08:38:55	21,7	7,2	4,9	26,7	20,6	9,3
11.09.2025 08:39:01	13,4	6,4	5,5	13,4	13,0	8,1
11.09.2025 08:39:07	17,1	9,1	5,1	17,1	16,9	11,9
11.09.2025 08:39:13	18,5	7,3	5,1	18,9	16,9	9,6
11.09.2025 08:39:19	11,2	7,8	5,2	11,2	11,2	9,0
11.09.2025 08:39:25	23,5	5,6	5,0	146,3	42,3	6,8
11.09.2025 08:39:31	19,2	7,1	5,5	24,2	18,0	8,2
11.09.2025 08:39:37	11,9	7,8	5,1	11,9	11,9	9,7
11.09.2025 08:39:43	13,0	7,8	5,0	13,0	12,9	9,4
11.09.2025 08:39:49	23,7	6,1	5,2	45,7	27,7	8,3
11.09.2025 08:39:55	12,6	5,8	4,9	12,6	11,8	7,1
11.09.2025 08:40:01	29,4	7,0	5,3	34,7	26,0	8,9
11.09.2025 08:40:07	29,6	7,9	5,2	34,6	27,0	10,1
11.09.2025 08:40:13	15,2	5,4	5,1	20,2	14,3	6,5
11.09.2025 08:40:19	18,7	6,7	5,1	19,0	16,7	7,9
11.09.2025 08:40:25	17,8	8,6	5,0	17,8	17,1	10,3
11.09.2025 08:40:31	21,5	8,7	5,4	21,8	19,4	10,3
11.09.2025 08:40:37	12,3	5,9	5,2	12,3	12,1	8,0
11.09.2025 08:40:43	34,3	8,3	5,2	40,0	30,0	10,4
11.09.2025 08:40:49	31,0	7,9	5,2	31,7	27,3	10,9
11.09.2025 08:40:55	10,0	6,4	5,1	68,0	16,9	7,6
11.09.2025 08:41:01	9,5	6,8	5,4	9,5	9,5	8,0
11.09.2025 08:41:07	20,9	9,0	4,8	21,3	19,2	11,2
11.09.2025 08:41:13	19,0	6,3	5,5	19,3	17,2	8,4
11.09.2025 08:41:19	15,9	9,3	5,1	15,9	15,7	11,5
11.09.2025 08:41:25	23,6	6,8	5,3	50,4	29,0	8,9
11.09.2025 08:41:31	23,4	7,4	5,0	23,8	21,4	10,5
11.09.2025 08:41:37	10,8	8,9	5,1	10,8	10,8	9,7
11.09.2025 08:41:43	15,8	7,8	5,4	15,8	15,4	10,0
11.09.2025 08:41:49	20,1	5,8	4,7	20,4	18,3	8,7
11.09.2025 08:41:55	22,3	5,4	3,7	23,0	19,0	7,1
11.09.2025 08:42:01	26,2	6,6	3,8	31,5	23,3	7,9
11.09.2025 08:42:07	15,1	5,2	3,4	15,5	13,4	6,9
11.09.2025 08:42:13	14,6	5,5	3,3	14,9	12,9	6,8
11.09.2025 08:42:19	10,0	4,8	3,2	10,0	9,7	6,1
11.09.2025 08:42:25	17,2	4,3	2,9	22,2	15,5	5,1
11.09.2025 08:42:31	17,9	3,8	2,5	17,9	16,6	6,6
11.09.2025 08:42:37	2,5	2,5	2,5	2,5	2,5	2,5
11.09.2025 08:42:43	8,9	2,6	2,3	8,9	8,5	4,1
11.09.2025 08:42:49	6,0	3,2	2,1	6,0	5,9	4,1
11.09.2025 08:42:55	12,4	3,5	2,0	75,4	18,5	4,2
11.09.2025 08:43:01	4,0	3,6	1,9	4,0	4,0	3,8
11.09.2025 08:43:07	4,9	2,6	1,7	26,6	11,5	3,1
11.09.2025 08:43:13	2,0	2,0	1,6	60,0	9,0	2,0
11.09.2025 08:43:19	2,9	2,0	1,5	2,9	2,8	2,4
11.09.2025 08:43:25	6,9	1,7	1,2	6,9	6,1	2,3
11.09.2025 08:43:31	2,7	2,5	1,3	2,7	2,7	2,5
11.09.2025 08:43:37	1,0	1,0	1,0	1,0	1,0	1,0
11.09.2025 08:43:43	4,1	2,0	1,3	4,1	4,0	2,5
11.09.2025 08:43:49	3,5	2,1	1,0	25,2	10,1	2,2
11.09.2025 08:43:55	2,4	1,5	1,0	2,4	2,4	1,9
11.09.2025 08:44:01	1,4	1,4	0,8	1,4	1,4	1,4
11.09.2025 08:44:07	3,1	1,1	0,8	103,3	8,3	2,0
11.09.2025 08:44:13	0,7	0,7	0,7	0,7	0,7	0,7
11.09.2025 08:44:19	0,7	0,7	0,7	0,7	0,7	0,7
11.09.2025 08:44:25	0,7	0,7	0,7	0,7	0,7	0,7
11.09.2025 08:44:31	1,2	1,1	0,6	1,2	1,2	1,1
11.09.2025 08:44:37	1,0	1,0	0,5	1,0	1,0	1,0
11.09.2025 08:44:43	0,5	0,5	0,5	0,5	0,5	0,5
11.09.2025 08:44:49	1,9	1,7	0,5	1,9	1,9	1,8
11.09.2025 08:44:55	0,4	0,4	0,4	0,4	0,4	0,4
11.09.2025 08:45:01	0,3	0,3	0,3	0,3	0,3	0,3
11.09.2025 08:45:07	0,4	0,4	0,4	0,4	0,4	0,4
11.09.2025 08:45:13	0,4	0,4	0,4	0,4	0,4	0,4
11.09.2025 08:45:19	0,3	0,3	0,3	0,3	0,3	0,3
11.09.2025 08:45:25	0,4	0,4	0,3	0,4	0,4	0,4
11.09.2025 08:45:31	0,3	0,3	0,3	0,3	0,3	0,3
11.09.2025 08:45:37	0,3	0,3	0,3	0,3	0,3	0,3
11.09.2025 08:45:43	0,3	0,3	0,3	0,3	0,3	0,3
11.09.2025 08:45:49	0,5	0,5	0,3	0,5	0,5	0,5
11.09.2025 08:45:55	0,2	0,2	0,2	0,2	0,2	0,2
11.09.2025 08:46:01	0,2	0,2	0,2	0,2	0,2	0,2
11.09.2025 08:46:07	0,3	0,3	0,3	0,3	0,3	0,3
11.09.2025 08:46:13	0,2	0,2	0,2	0,2	0,2	0,2
11.09.2025 08:46:19	0,2	0,2	0,2	0,2	0,2	0,2
11.09.2025 08:46:25	0,2	0,2	0,2	0,2	0,2	0,2
11.09.2025 08:46:31	0,2	0,2	0,2	0,2	0,2	0,2
11.09.2025 08:46:37	0,2	0,2	0,2	0,2	0,2	0,2
11.09.2025 08:46:43	0,2	0,2	0,2	0,2	0,2	0,2
11.09.2025 08:46:49	0,1	0,1	0,1	0,1	0,1	0,1
11.09.2025 08:46:55	0,1	0,1	0,1	0,1	0,1	0,1
11.09.2025 08:47:01	0,1	0,1	0,1	0,1	0,1	0,1
11.09.2025 08:47:07	0,1	0,1	0,1	0,1	0,1	0,1
11.09.2025 08:47:13	0,1	0,1	0,1	0,1	0,1	0,1
11.09.2025 08:47:19	0,1	0,1	0,1	0,1	0,1	0,1
11.09.2025 08:47:25	0,1	0,1	0,1	0,1	0,1	0,1
11.09.2025 08:47:31	0,1	0,1	0,1	0,1	0,1	0,1
11.09.2025 08:47:37	0,1	0,1	0,1	0,1	0,1	0,1
11.09.2025 08:47:43	0,1	0,1	0,1	0,1	0,1	0,1
11.09.2025 08:47:49	0,1	0,1	0,1	0,1	0,1	0,1
11.09.2025 08:47:55	0,1	0,1	0,1	0,1	0,1	0,1
11.09.2025 08:48:01	0,1	0,1	0,1	0,1	0,1	0,1
11.09.2025 08:48:07	0,1	0,1	0,1	0,1	0,1	0,1
11.09.2025 08:48:13	0,1	0,1	0,1	0,1	0,1	0,1
11.09.2025 08:48:19	0,1	0,1	0,1	0,1	0,1	0,1
11.09.2025 08:48:25	0,1	0,1	0,1	0,1	0,1	0,1
11.09.2025 08:48:31	0,1	0,1	0,1	0,1	0,1	0,1
11.09.2025 08:48:37	0,1	0,1	0,1	0,1	0,1	0,1
11.09.2025 08:48:43	0,1	0,1	0,1	0,1	0,1	0,1
11.09.2025 08:48:49	0,1	0,1	0,1	0,1	0,1	0,1
11.09.2025 08:48:55	0,1	0,1	0,1	0,1	0,1	0,1
11.09.2025 08:49:01	0,3	0,3	0,0	0,3	0,3	0,3
11.09.2025 08:49:07	0,0	0,0	0,0	0,0	0,0	0,0
11.09.2025 08:49:13	0,1	0,1	0,1	0,1	0,1	0,1
11.09.2025 08:49:19	0,1	0,1	0,1	0,1	0,1	0,1
11.09.2025 08:49:25	0,1	0,1	0,1	0,1	0,1	0,1
11.09.2025 08:49:31	0,1	0,1	0,1	0,1	0,1	0,1
11.09.2025 08:49:37	0,6	0,6	0,5	0,6	0,6	0,6
11.09.2025 08:49:43	0,4	0,4	0,4	0,4	0,4	0,4
11.09.2025 08:49:49	0,4	0,4	0,4	0,4	0,4	0,4
11.09.2025 08:49:55	2,1	1,7	0,4	2,1	2,1	1,9
11.09.2025 08:50:01	10,9	1,1	0,4	11,3	9,2	2,4
11.09.2025 08:50:07	27,5	2,2	0,7	37,9	24,2	4,2
11.09.2025 08:50:13	14,4	2,2	0,7	114,9	17,6	3,5
11.09.2025 08:50:19	10,9	1,0	0,6	10,9	9,2	1,9
11.09.2025 08:50:25	0,3	0,3	0,3	0,3	0,3	0,3
11.09.2025 08:50:31	0,3	0,3	0,3	0,3	0,3	0,3
11.09.2025 08:50:37	23,3	1,2	0,4	28,6	19,7	2,3
11.09.2025 08:50:43	14,4	0,8	0,4	19,4	12,9	1,6
11.09.2025 08:50:49	28,5	1,5	0,3	33,8	24,2	3,3
11.09.2025 08:50:55	6,6	2,1	0,3	6,6	6,2	3,1
11.09.2025 08:51:01	4,3	1,8	0,2	4,3	4,3	2,9
11.09.2025 08:51:07	7,6	0,3	0,2	7,6	6,8	1,8
11.09.2025 08:51:13	0,2	0,2	0,2	0,2	0,2	0,2
11.09.2025 08:51:19	17,2	0,8	0,2	22,6	14,7	1,8
11.09.2025 08:51:25	1,2	1,1	0,2	1,2	1,2	1,1
11.09.2025 08:51:31	8,5	1,0	0,2	8,9	6,9	1,6
11.09.2025 08:51:37	0,4	0,4	0,2	0,4	0,4	0,4
11.09.2025 08:51:43	0,1	0,1	0,1	0,1	0,1	0,1
11.09.2025 08:51:49	0,2	0,2	0,2	0,2	0,2	0,2
11.09.2025 08:51:55	8,7	0,6	0,1	13,7	7,9	1,0
11.09.2025 08:52:01	8,7	0,4	0,1	9,1	7,0	1,0
11.09.2025 08:52:07	0,7	0,6	0,2	0,7	0,7	0,6
11.09.2025 08:52:13	0,1	0,1	0,1	0,1	0,1	0,1
11.09.2025 08:52:19	0,1	0,1	0,1	0,1	0,1	0,1
11.09.2025 08:52:25	0,1	0,1	0,1	0,1	0,1	0,1
11.09.2025 08:52:31	0,1	0,1	0,1	0,1	0,1	0,1
11.09.2025 08:52:37	16,0	0,9	0,7	63,7	22,1	1,1
11.09.2025 08:52:43	18,3	0,9	0,4	23,3	17,0	3,7
11.09.2025 08:52:49	7,0	1,6	0,8	7,0	6,8	3,3
11.09.2025 08:52:55	12,8	1,7	0,7	13,1	10,8	2,9
11.09.2025 08:53:01	9,5	1,8	0,4	67,5	15,8	3,2
11.09.2025 08:53:07	23,7	0,3	0,3	29,0	20,0	1,6
11.09.2025 08:53:13	0,5	0,5	0,3	0,5	0,5	0,5
11.09.2025 08:53:19	5,5	0,3	0,3	27,3	12,1	1,8
11.09.2025 08:53:25	4,4	0,6	0,3	26,1	11,0	1,5
11.09.2025 08:53:31	6,5	0,4	0,3	28,2	12,8	1,6
11.09.2025 08:53:37	25,2	0,8	0,3	30,9	21,0	2,5
11.09.2025 08:53:43	5,1	0,6	0,2	5,1	4,3	0,9
11.09.2025 08:53:49	6,0	1,2	0,2	6,0	5,2	1,6
11.09.2025 08:53:55	2,5	0,7	0,2	2,5	2,4	1,1
11.09.2025 08:54:01	7,7	0,4	0,1	7,7	7,1	1,7
11.09.2025 08:54:07	1,8	0,6	0,2	23,5	8,4	0,6
11.09.2025 08:54:13	2,7	1,4	0,2	2,7	2,7	2,0
11.09.2025 08:54:19	0,4	0,4	0,2	0,4	0,4	0,4
11.09.2025 08:54:25	1,4	1,0	0,3	1,4	1,4	1,2
11.09.2025 08:54:31	10,0	1,1	0,2	15,0	9,1	1,8
11.09.2025 08:54:37	1,5	1,3	0,2	1,5	1,5	1,4
11.09.2025 08:54:43	0,1	0,1	0,1	0,1	0,1	0,1
11.09.2025 08:54:49	0,2	0,2	0,2	0,2	0,2	0,2
11.09.2025 08:54:55	0,1	0,1	0,1	0,1	0,1	0,1
11.09.2025 08:55:01	4,5	0,5	0,2	4,5	4,1	1,3
11.09.2025 08:55:07	0,1	0,1	0,1	0,1	0,1	0,1
11.09.2025 08:55:13	5,0	0,5	0,1	5,0	4,2	0,8
11.09.2025 08:55:19	0,3	0,3	0,1	0,3	0,3	0,3
11.09.2025 08:55:25	0,1	0,1	0,1	0,1	0,1	0,1
11.09.2025 08:55:31	5,9	0,3	0,1	5,9	5,5	1,4
11.09.2025 08:55:37	0,1	0,1	0,1	0,1	0,1	0,1
11.09.2025 08:55:43	0,1	0,1	0,1	0,1	0,1	0,1
11.09.2025 08:55:49	0,1	0,1	0,1	0,1	0,1	0,1
11.09.2025 08:55:55	0,1	0,1	0,1	0,1	0,1	0,1
11.09.2025 08:56:01	0,1	0,1	0,1	0,1	0,1	0,1
11.09.2025 08:56:07	0,1	0,1	0,1	0,1	0,1	0,1
11.09.2025 08:56:13	0,1	0,1	0,1	0,1	0,1	0,1
11.09.2025 08:56:19	0,1	0,1	0,1	0,1	0,1	0,1
11.09.2025 08:56:25	0,5	0,5	0,0	0,5	0,5	0,5
11.09.2025 08:56:31	0,2	0,2	0,1	0,2	0,2	0,2
11.09.2025 08:56:37	0,1	0,1	0,1	0,1	0,1	0,1
11.09.2025 08:56:43	0,1	0,1	0,1	0,1	0,1	0,1
11.09.2025 08:56:49	0,1	0,1	0,1	0,1	0,1	0,1
11.09.2025 08:56:55	0,8	0,7	0,1	0,8	0,8	0,7
11.09.2025 08:57:01	0,1	0,1	0,1	0,1	0,1	0,1
11.09.2025 08:57:07	0,1	0,1	0,1	0,1	0,1	0,1
11.09.2025 08:57:13	0,1	0,1	0,1	0,1	0,1	0,1
11.09.2025 08:57:19	0,0	0,0	0,0	0,0	0,0	0,0
11.09.2025 08:57:25	0,1	0,1	0,1	0,1	0,1	0,1
11.09.2025 08:57:31	0,5	0,5	0,1	0,5	0,5	0,4
11.09.2025 08:57:37	0,1	0,1	0,1	0,1	0,1	0,1
11.09.2025 08:57:43	0,2	0,2	0,1	0,2	0,2	0,2
11.09.2025 08:57:49	0,1	0,1	0,1	0,1	0,1	0,1
11.09.2025 08:57:55	0,1	0,1	0,1	0,1	0,1	0,1
11.09.2025 08:58:01	0,7	0,6	0,0	0,7	0,7	0,6
11.09.2025 08:58:07	0,0	0,0	0,0	0,0	0,0	0,0
11.09.2025 08:58:13	0,1	0,1	0,1	0,1	0,1	0,1
11.09.2025 08:58:19	0,1	0,1	0,1	0,1	0,1	0,1
11.09.2025 08:58:25	0,2	0,2	0,1	0,2	0,2	0,2
11.09.2025 08:58:31	0,0	0,0	0,0	0,0	0,0	0,0
11.09.2025 08:58:37	0,1	0,1	0,1	0,1	0,1	0,1
11.09.2025 08:58:43	0,1	0,1	0,1	0,1	0,1	0,1
11.09.2025 08:58:49	0,0	0,0	0,0	0,0	0,0	0,0
11.09.2025 08:58:55	0,1	0,1	0,1	0,1	0,1	0,1
11.09.2025 08:59:01	0,0	0,0	0,0	0,0	0,0	0,0
11.09.2025 08:59:07	0,0	0,0	0,0	0,0	0,0	0,0
11.09.2025 08:59:13	0,1	0,1	0,1	0,1	0,1	0,1
11.09.2025 08:59:19	0,1	0,1	0,1	0,1	0,1	0,1
11.09.2025 08:59:25	0,2	0,2	0,1	0,2	0,2	0,2
11.09.2025 08:59:31	0,0	0,0	0,0	0,0	0,0	0,0
11.09.2025 08:59:37	0,1	0,1	0,1	0,1	0,1	0,1
11.09.2025 08:59:43	0,1	0,1	0,1	0,1	0,1	0,1
11.09.2025 08:59:49	0,7	0,6	0,1	0,7	0,7	0,7
11.09.2025 08:59:55	0,1	0,1	0,1	0,1	0,1	0,1
11.09.2025 09:00:01	0,1	0,1	0,1	0,1	0,1	0,1
11.09.2025 09:00:07	0,1	0,1	0,1	0,1	0,1	0,1
11.09.2025 09:00:13	0,5	0,5	0,1	0,5	0,5	0,5
11.09.2025 09:00:19	0,1	0,1	0,1	0,1	0,1	0,1
11.09.2025 09:00:25	0,1	0,1	0,1	0,1	0,1	0,1
11.09.2025 09:00:31	0,3	0,3	0,1	0,3	0,3	0,3
11.09.2025 09:00:37	0,1	0,1	0,1	0,1	0,1	0,1
11.09.2025 09:00:43	0,1	0,1	0,1	0,1	0,1	0,1
11.09.2025 09:00:49	0,7	0,6	0,1	0,7	0,7	0,7
11.09.2025 09:00:55	0,1	0,1	0,1	0,1	0,1	0,1
11.09.2025 09:01:01	0,1	0,1	0,1	0,1	0,1	0,1
11.09.2025 09:01:07	0,1	0,1	0,1	0,1	0,1	0,1
11.09.2025 09:01:13	0,1	0,1	0,1	0,1	0,1	0,1
11.09.2025 09:01:19	0,2	0,2	0,1	0,2	0,2	0,2
11.09.2025 09:01:25	0,1	0,1	0,1	0,1	0,1	0,1
11.09.2025 09:01:31	0,3	0,3	0,2	0,3	0,3	0,3
11.09.2025 09:01:37	0,5	0,5	0,0	0,5	0,5	0,5
11.09.2025 09:01:43	0,1	0,1	0,1	0,1	0,1	0,1
11.09.2025 09:01:49	0,1	0,1	0,1	0,1	0,1	0,1
11.09.2025 09:01:55	0,1	0,1	0,1	0,1	0,1	0,1
11.09.2025 09:02:01	0,1	0,1	0,1	0,1	0,1	0,1
11.09.2025 09:02:07	0,1	0,1	0,1	0,1	0,1	0,1
11.09.2025 09:02:13	0,1	0,1	0,1	0,1	0,1	0,1
11.09.2025 09:02:19	0,1	0,1	0,1	0,1	0,1	0,1
11.09.2025 09:02:25	0,1	0,1	0,1	0,1	0,1	0,1
11.09.2025 09:02:31	0,1	0,1	0,1	0,1	0,1	0,1
11.09.2025 09:02:37	0,0	0,0	0,0	0,0	0,0	0,0
11.09.2025 09:02:43	0,2	0,2	0,2	0,2	0,2	0,2
11.09.2025 09:02:49	0,1	0,1	0,1	0,1	0,1	0,1
11.09.2025 09:02:55	0,1	0,1	0,1	0,1	0,1	0,1
11.09.2025 09:03:01	0,1	0,1	0,1	0,1	0,1	0,1
11.09.2025 09:03:07	0,1	0,1	0,1	0,1	0,1	0,1
11.09.2025 09:03:13	0,2	0,2	0,1	0,2	0,2	0,2
11.09.2025 09:03:19	0,1	0,1	0,1	0,1	0,1	0,1
11.09.2025 09:03:25	0,1	0,1	0,1	0,1	0,1	0,1
11.09.2025 09:03:31	0,2	0,2	0,2	0,2	0,2	0,2
11.09.2025 09:03:37	0,4	0,4	0,3	0,4	0,4	0,4
11.09.2025 09:03:43	3,5	0,7	0,3	3,5	3,4	1,6
11.09.2025 09:03:49	2,2	1,3	0,4	2,2	2,2	1,7
11.09.2025 09:03:55	24,3	1,4	0,4	24,7	20,2	3,3
11.09.2025 09:04:01	20,4	2,4	0,5	125,9	22,8	3,4
11.09.2025 09:04:07	19,6	2,5	0,9	25,0	17,1	4,2
11.09.2025 09:04:13	13,5	2,2	1,1	51,6	19,3	3,5
11.09.2025 09:04:19	19,6	1,9	0,8	58,1	23,9	3,6
11.09.2025 09:04:25	20,5	2,2	0,6	25,8	17,9	4,0
11.09.2025 09:04:31	10,5	1,2	0,8	32,5	15,5	2,1
11.09.2025 09:04:37	9,6	2,2	0,7	9,6	8,8	3,7
11.09.2025 09:04:43	10,3	2,2	0,6	32,4	15,3	2,6
11.09.2025 09:04:49	25,4	1,0	0,5	130,9	27,3	3,1
11.09.2025 09:04:55	13,2	0,8	0,5	13,6	11,2	2,2
11.09.2025 09:05:01	14,2	1,4	0,5	19,3	12,6	2,1
11.09.2025 09:05:07	0,9	0,9	0,4	0,9	0,9	0,9
11.09.2025 09:05:13	16,1	1,4	0,5	21,4	13,6	1,9
11.09.2025 09:05:19	11,6	2,1	0,5	16,6	10,7	2,7
11.09.2025 09:05:25	4,2	2,2	0,5	4,2	4,1	2,7
11.09.2025 09:05:31	4,3	1,8	0,4	4,3	4,2	2,6
11.09.2025 09:05:37	0,5	0,5	0,4	0,5	0,5	0,5
11.09.2025 09:05:43	1,1	1,0	0,4	38,9	8,9	1,1
11.09.2025 09:05:49	0,7	0,7	0,3	100,9	5,9	0,7
11.09.2025 09:05:55	0,3	0,3	0,3	0,3	0,3	0,3
11.09.2025 09:06:01	0,2	0,2	0,2	0,2	0,2	0,2
11.09.2025 09:06:07	9,4	1,4	0,3	14,4	8,6	1,7
11.09.2025 09:06:13	0,5	0,5	0,2	0,5	0,5	0,5
11.09.2025 09:06:19	14,2	0,5	0,3	19,2	12,5	1,6
11.09.2025 09:06:25	0,7	0,6	0,2	0,7	0,7	0,6
11.09.2025 09:06:31	1,2	1,1	0,3	1,2	1,2	1,1
11.09.2025 09:06:37	0,2	0,2	0,2	0,2	0,2	0,2
11.09.2025 09:06:43	0,2	0,2	0,2	0,2	0,2	0,2
11.09.2025 09:06:49	0,2	0,2	0,2	0,2	0,2	0,2
11.09.2025 09:06:55	0,2	0,2	0,2	0,2	0,2	0,2
11.09.2025 09:07:01	1,5	0,6	0,1	1,5	1,5	1,0
11.09.2025 09:07:07	9,5	3,8	3,5	31,2	15,4	4,1
11.09.2025 09:07:13	9,0	4,2	3,3	9,0	8,2	4,6
11.09.2025 09:07:19	7,6	3,6	3,3	7,6	7,5	5,3
11.09.2025 09:07:25	12,5	3,3	2,7	12,5	10,9	3,9
11.09.2025 09:07:31	8,2	5,0	3,4	8,2	8,2	6,1
11.09.2025 09:07:37	17,1	4,7	4,4	39,2	21,8	6,0
11.09.2025 09:07:43	14,9	9,3	3,7	14,9	14,8	11,5
11.09.2025 09:07:49	15,0	6,5	4,2	15,0	14,5	8,5
11.09.2025 09:07:55	22,8	5,7	4,2	66,6	34,3	8,9
11.09.2025 09:08:01	36,7	5,0	3,8	42,7	30,8	7,2
11.09.2025 09:08:07	16,6	5,4	4,2	16,6	15,4	7,3
11.09.2025 09:08:13	11,5	6,2	4,3	33,2	18,0	7,7
11.09.2025 09:08:19	8,4	6,3	4,1	30,2	15,1	6,8
11.09.2025 09:08:25	14,5	5,2	4,1	14,9	12,8	6,2
11.09.2025 09:08:31	14,2	6,1	4,3	14,2	13,8	8,0
11.09.2025 09:08:37	19,3	7,4	4,0	19,3	18,4	10,6
11.09.2025 09:08:43	12,3	7,8	4,4	34,1	18,9	9,0
11.09.2025 09:08:49	12,0	5,8	4,4	12,0	11,6	7,2
11.09.2025 09:08:55	14,6	8,7	4,4	14,6	14,5	10,6
11.09.2025 09:09:01	23,7	4,7	4,1	29,1	20,9	5,8
11.09.2025 09:09:07	21,4	5,3	4,5	26,4	19,4	6,4
11.09.2025 09:09:13	33,5	6,6	4,4	38,8	30,2	9,8
11.09.2025 09:09:19	18,6	5,0	4,3	56,7	23,9	6,6
11.09.2025 09:09:25	19,6	6,8	4,6	57,7	24,9	8,0
11.09.2025 09:09:31	17,8	6,2	4,3	18,2	15,9	7,6
11.09.2025 09:09:37	26,1	5,8	4,5	69,2	31,1	7,8
11.09.2025 09:09:43	33,0	5,5	4,4	38,7	28,1	7,2
11.09.2025 09:09:49	15,7	7,9	4,4	74,1	21,0	8,6
11.09.2025 09:09:55	10,2	4,5	3,9	10,2	10,1	6,3
11.09.2025 09:10:01	14,9	5,3	4,1	52,6	22,2	7,9
11.09.2025 09:10:07	20,9	6,4	4,1	21,3	18,4	8,0
11.09.2025 09:10:13	18,7	5,4	4,4	23,7	17,1	6,4
11.09.2025 09:10:19	8,8	5,9	5,0	8,8	8,8	7,2
11.09.2025 09:10:25	4,9	4,9	4,8	4,9	4,9	4,9
11.09.2025 09:10:31	5,0	5,0	4,9	5,0	5,0	5,0
11.09.2025 09:10:37	11,7	6,1	4,9	11,7	10,9	6,9
11.09.2025 09:10:43	12,7	7,5	5,1	12,7	12,7	9,5
11.09.2025 09:10:49	17,5	5,7	4,6	17,5	16,3	7,9
11.09.2025 09:10:55	8,3	6,7	5,1	8,3	8,3	7,4
11.09.2025 09:11:01	10,2	5,4	4,9	10,2	9,8	6,5
11.09.2025 09:11:07	17,0	6,8	5,6	17,0	16,0	8,9
11.09.2025 09:11:13	14,5	7,5	5,0	968,6	34,8	8,4
11.09.2025 09:11:19	13,3	5,1	4,6	13,7	11,7	6,0
11.09.2025 09:11:25	5,3	5,3	5,0	5,3	5,3	5,3
11.09.2025 09:11:31	7,4	6,2	5,3	7,4	7,4	6,7
11.09.2025 09:11:37	15,0	7,7	4,5	15,0	14,2	9,2
11.09.2025 09:11:43	15,3	6,2	4,7	15,3	14,4	8,2
11.09.2025 09:11:49	9,0	5,8	4,5	9,0	8,9	6,9
11.09.2025 09:11:55	9,5	5,6	4,6	9,5	9,4	7,0
11.09.2025 09:12:01	13,8	6,1	4,5	13,8	13,4	8,5
11.09.2025 09:12:07	6,0	5,8	4,4	43,8	13,8	5,9
11.09.2025 09:12:13	5,2	5,2	4,6	5,2	5,2	5,2
11.09.2025 09:12:19	9,1	7,5	4,8	9,1	9,1	8,2
11.09.2025 09:12:25	5,6	5,6	5,0	5,6	5,6	5,6
11.09.2025 09:12:31	5,6	5,6	5,0	5,6	5,6	5,6
11.09.2025 09:12:37	21,6	8,4	5,2	26,6	20,7	10,3
11.09.2025 09:12:43	7,5	6,6	4,4	7,5	7,5	7,0
11.09.2025 09:12:49	8,2	6,3	4,4	8,2	8,2	7,2
11.09.2025 09:12:55	14,5	8,2	5,0	14,5	14,1	9,6
11.09.2025 09:13:01	14,0	7,0	4,7	14,0	13,9	9,4
11.09.2025 09:13:07	22,8	6,5	5,1	60,6	28,5	8,6
11.09.2025 09:13:13	21,1	5,8	4,8	21,4	19,0	8,1
11.09.2025 09:13:19	17,5	5,0	4,7	22,5	16,3	6,3
11.09.2025 09:13:25	15,5	6,3	5,2	15,9	13,8	7,3
11.09.2025 09:13:31	21,8	7,8	5,0	22,1	19,7	9,6
11.09.2025 09:13:37	8,3	6,4	4,5	8,3	8,3	7,3
11.09.2025 09:13:43	9,0	7,3	4,2	9,0	8,9	8,1
11.09.2025 09:13:49	13,2	5,9	4,5	13,2	12,4	7,4
11.09.2025 09:13:55	6,0	6,0	4,7	6,0	6,0	6,0
11.09.2025 09:14:01	4,9	4,9	4,4	4,9	4,9	4,9
11.09.2025 09:14:07	12,2	6,7	4,3	12,2	12,1	8,4
11.09.2025 09:14:13	6,6	5,7	4,3	6,6	6,6	6,1
11.09.2025 09:14:19	19,9	5,5	4,2	24,9	18,2	6,9
11.09.2025 09:14:25	15,8	5,4	4,2	58,6	22,6	6,5
11.09.2025 09:14:31	13,9	5,4	4,8	18,9	13,0	5,9
11.09.2025 09:14:37	14,3	6,1	4,3	14,3	13,6	7,7
11.09.2025 09:14:43	15,5	6,0	4,7	20,5	14,6	6,6
11.09.2025 09:14:49	17,0	7,4	4,9	17,4	15,3	8,9
11.09.2025 09:14:55	23,6	8,3	4,6	369,7	23,5	10,0
11.09.2025 09:15:01	16,3	7,7	4,9	16,3	15,9	10,1
11.09.2025 09:15:07	23,6	7,2	4,8	28,6	22,6	10,6
11.09.2025 09:15:13	21,6	7,6	4,2	22,3	18,3	8,3
11.09.2025 09:15:19	29,4	8,4	4,4	39,4	26,9	9,5
11.09.2025 09:15:25	10,8	4,7	3,8	10,8	10,4	6,0
11.09.2025 09:15:31	17,4	5,6	4,0	22,4	16,3	6,6
11.09.2025 09:15:37	4,7	4,7	4,2	4,7	4,7	4,7
11.09.2025 09:15:43	16,1	8,7	4,4	16,1	15,3	10,2
