<Header>
User name: CF
Location: laboratory
# of Location: 1
Model: 1.109
Serial No.: 9G050007
Firmware revision: 12.30E
Software revision: 7-1 Rev XII (27-02-2019)
Unit: ug/m3
C-factor: 1,00
Comment: test room aerosol conditions
online data
<Data>
[d&t31.12.2035 11:50:55]	PM10 [ug/m3]	PM2,5 [ug/m3]	PM1 [ug/m3]	Inhalable [ug/m3]	Thoracic [ug/m3]	Alveolic [ug/m3]
11.09.2025 08:32:31	68,7	26,5	14,9	2257,7	174,9	37,0
11.09.2025 08:32:37	48,7	22,7	14,2	53,2	52,1	33,4
11.09.2025 08:32:43	90,8	24,5	15,2	113,6	100,5	37,2
11.09.2025 08:32:49	165,9	27,3	14,7	2025,1	243,2	41,7
11.09.2025 08:32:55	176,1	22,6	14,5	1061,1	227,6	42,3
11.09.2025 08:33:01	142,9	22,5	13,5	245,5	156,7	36,5
11.09.2025 08:33:07	90,0	24,6	14,6	1950,7	163,3	37,5
11.09.2025 08:33:13	117,0	25,5	14,4	1215,1	160,3	48,0
11.09.2025 08:33:19	77,8	25,1	14,8	2413,1	184,2	39,8
11.09.2025 08:33:25	160,9	31,1	15,9	1525,8	243,9	50,7
11.09.2025 08:33:31	199,8	25,2	14,8	3472,5	349,4	43,0
11.09.2025 08:33:37	45,2	23,2	14,2	967,5	79,7	34,2
11.09.2025 08:33:43	44,4	26,3	14,2	3869,6	173,9	32,4
11.09.2025 08:33:49	134,3	25,5	14,5	1541,7	253,6	32,7
11.09.2025 08:33:55	84,7	26,9	14,6	4260,2	256,0	39,8
11.09.2025 08:34:01	68,3	26,5	14,9	996,0	106,2	39,3
11.09.2025 08:34:07	162,3	23,4	14,7	3553,0	390,8	39,0
11.09.2025 08:34:13	102,5	25,0	14,3	2443,5	212,5	44,5
11.09.2025 08:34:19	240,4	24,6	15,6	2617,8	321,8	43,4
11.09.2025 08:34:25	145,7	25,9	14,7	2079,8	265,1	46,7
11.09.2025 08:34:31	77,2	27,5	15,3	2998,1	179,1	38,5
11.09.2025 08:34:37	106,9	22,9	14,6	2031,3	179,1	32,3
11.09.2025 08:34:43	154,8	27,8	14,7	1952,4	234,2	46,1
11.09.2025 08:34:49	90,9	24,8	14,6	1177,3	131,5	37,8
11.09.2025 08:34:55	120,2	23,8	14,0	1212,6	164,7	45,6
11.09.2025 08:35:01	67,6	22,2	14,8	995,5	105,7	35,8
11.09.2025 08:35:07	38,1	27,7	15,5	1103,2	70,4	34,4
11.09.2025 08:35:13	244,5	30,6	15,4	4082,4	432,2	41,1
11.09.2025 08:35:19	114,7	24,5	14,3	1120,1	155,5	40,2
11.09.2025 08:35:25	81,9	26,3	14,8	92,7	89,5	44,8
11.09.2025 08:35:31	73,1	26,6	14,6	1632,0	145,6	41,0
11.09.2025 08:35:37	79,5	26,2	14,3	3622,6	215,8	41,2
11.09.2025 08:35:43	147,1	23,6	15,2	2242,6	224,5	31,0
11.09.2025 08:35:49	201,5	23,5	14,5	1151,1	252,8	42,0
11.09.2025 08:35:55	51,8	22,6	14,7	1894,5	119,1	35,8
11.09.2025 08:36:01	65,6	26,9	14,5	3120,0	164,9	38,7
11.09.2025 08:36:07	113,3	26,3	14,3	2951,6	260,2	40,7
11.09.2025 08:36:13	154,2	25,4	14,9	2931,9	262,5	32,6
11.09.2025 08:36:19	98,8	23,3	14,2	1385,4	178,2	34,1
11.09.2025 08:36:25	84,2	27,3	15,1	3339,9	223,3	42,2
11.09.2025 08:36:31	139,6	27,4	14,9	859,7	185,2	50,9
11.09.2025 08:36:37	259,0	26,2	15,0	1917,5	347,9	51,2
11.09.2025 08:36:43	165,2	22,7	14,1	2454,2	282,6	35,5
11.09.2025 08:36:49	150,2	23,8	14,1	253,5	164,6	40,9
11.09.2025 08:36:55	64,0	25,5	13,2	2829,3	165,2	37,8
11.09.2025 08:37:01	191,7	24,8	14,2	2545,2	308,9	37,7
11.09.2025 08:37:07	232,9	27,4	14,6	2899,7	353,3	45,1
11.09.2025 08:37:13	119,5	24,0	14,2	2343,3	191,2	35,4
11.09.2025 08:37:19	148,3	24,7	14,0	2149,7	222,8	32,0
11.09.2025 08:37:25	149,4	22,6	14,4	1375,0	190,6	34,7
11.09.2025 08:37:31	62,1	28,2	14,9	2106,6	168,9	32,6
11.09.2025 08:37:37	260,4	24,9	14,1	2502,0	388,7	43,2
11.09.2025 08:37:43	171,3	24,1	13,9	2026,6	292,1	41,6
11.09.2025 08:37:49	213,9	27,0	14,2	1461,3	263,9	50,4
11.09.2025 08:37:55	105,5	26,2	15,2	1596,7	180,8	31,7
11.09.2025 08:38:01	225,7	27,7	14,7	3513,2	379,2	45,3
11.09.2025 08:38:07	65,8	24,6	13,9	1911,4	135,0	41,1
11.09.2025 08:38:13	215,9	26,1	14,5	4276,8	401,3	40,1
11.09.2025 08:38:19	87,6	25,6	14,2	2623,3	233,0	38,1
11.09.2025 08:38:25	88,5	24,1	13,9	100,3	97,0	46,0
11.09.2025 08:38:31	84,5	24,6	14,2	3495,1	223,5	31,2
11.09.2025 08:38:37	122,4	19,7	13,1	852,2	167,8	26,8
11.09.2025 08:38:43	177,6	24,6	13,5	1691,8	262,7	48,0
11.09.2025 08:38:49	142,4	23,0	13,5	2713,6	253,9	36,0
11.09.2025 08:38:55	99,6	24,1	13,8	1245,7	137,1	37,5
11.09.2025 08:39:01	62,2	24,8	14,1	1619,9	133,7	35,0
11.09.2025 08:39:07	135,2	26,6	14,0	3411,7	282,2	46,5
11.09.2025 08:39:13	307,9	27,6	15,2	4655,0	540,3	45,7
11.09.2025 08:39:19	217,1	25,1	14,3	1800,4	304,5	46,0
11.09.2025 08:39:25	80,9	28,5	15,1	1795,0	153,7	37,9
11.09.2025 08:39:31	113,3	24,5	14,0	2463,3	224,2	48,1
11.09.2025 08:39:37	158,6	22,7	13,5	1327,9	205,2	41,2
11.09.2025 08:39:43	188,0	22,9	13,3	2490,5	308,9	36,6
11.09.2025 08:39:49	139,3	22,9	13,5	1781,2	218,0	41,1
11.09.2025 08:39:55	209,5	22,4	13,4	3067,6	322,3	31,1
11.09.2025 08:40:01	57,2	28,2	14,7	981,9	93,2	40,3
11.09.2025 08:40:07	152,3	25,8	14,1	3690,4	335,7	37,7
11.09.2025 08:40:13	175,7	21,3	12,8	2813,8	288,3	36,1
11.09.2025 08:40:19	183,8	25,7	14,4	253,3	207,2	44,9
11.09.2025 08:40:25	105,4	27,6	15,4	1182,2	146,1	58,0
11.09.2025 08:40:31	181,0	24,7	14,2	3734,5	368,9	37,6
11.09.2025 08:40:37	138,4	23,1	14,0	2708,9	249,3	35,5
11.09.2025 08:40:43	161,1	24,8	13,6	2046,2	244,7	49,3
11.09.2025 08:40:49	135,0	26,0	14,1	4246,4	311,5	35,7
11.09.2025 08:40:55	187,8	20,5	12,6	2830,5	303,0	31,7
11.09.2025 08:41:01	118,7	25,9	14,6	4370,6	291,7	33,2
11.09.2025 08:41:07	223,9	24,8	14,9	2548,4	307,4	39,2
11.09.2025 08:41:13	151,6	26,2	14,3	3341,7	340,9	42,7
11.09.2025 08:41:19	190,4	25,2	14,4	4854,6	448,9	40,6
11.09.2025 08:41:25	188,6	25,7	14,7	5093,9	405,3	46,0
11.09.2025 08:41:31	168,2	24,5	14,0	3032,4	280,6	47,4
11.09.2025 08:41:37	136,9	26,2	13,6	3328,7	281,4	39,8
11.09.2025 08:41:43	177,8	26,2	15,0	6907,4	500,0	43,1
11.09.2025 08:41:49	59,3	24,8	13,5	2192,0	125,4	40,5
11.09.2025 08:41:55	195,7	24,0	13,9	4244,0	378,4	37,1
11.09.2025 08:42:01	181,2	24,6	13,9	3734,7	369,0	38,1
11.09.2025 08:42:07	295,3	23,5	13,6	5459,5	480,6	46,5
11.09.2025 08:42:13	255,6	29,3	14,5	5526,1	518,1	57,0
11.09.2025 08:42:19	225,4	22,3	13,6	2938,1	384,4	35,0
11.09.2025 08:42:25	186,9	31,1	14,9	4317,1	370,3	49,5
11.09.2025 08:42:31	279,6	27,7	14,3	7540,9	609,5	52,8
11.09.2025 08:42:37	274,7	23,7	13,6	5710,4	497,8	45,2
11.09.2025 08:42:43	152,3	24,4	14,2	3829,5	377,2	39,0
11.09.2025 08:42:49	218,7	27,8	14,1	3653,9	327,4	44,5
11.09.2025 08:42:55	204,2	21,8	13,4	2446,6	288,1	51,2
11.09.2025 08:43:01	411,6	23,2	13,6	3838,0	545,5	62,4
11.09.2025 08:43:07	343,3	24,4	13,7	7059,9	601,6	57,3
11.09.2025 08:43:13	207,6	26,2	13,7	6226,5	496,8	48,3
11.09.2025 08:43:19	155,0	22,0	13,4	3848,1	338,5	28,8
11.09.2025 08:43:25	206,7	26,4	13,8	1441,1	254,4	61,0
11.09.2025 08:43:31	235,7	24,7	13,5	3624,9	351,2	46,6
11.09.2025 08:43:37	186,8	28,7	14,4	5999,4	433,9	58,3
11.09.2025 08:43:43	337,8	28,3	14,4	6518,5	637,1	63,2
11.09.2025 08:43:49	108,1	23,9	14,1	2320,0	177,7	38,8
11.09.2025 08:43:55	170,5	23,4	13,2	4288,8	351,8	46,2
11.09.2025 08:44:01	359,6	24,9	14,2	5347,7	633,2	57,4
11.09.2025 08:44:07	392,9	26,8	14,3	3824,9	524,6	52,7
11.09.2025 08:44:13	411,1	27,9	14,9	7788,4	712,5	69,7
11.09.2025 08:44:19	226,7	21,0	12,2	1476,1	278,5	52,2
11.09.2025 08:44:25	316,7	30,5	14,8	6889,2	571,2	58,4
11.09.2025 08:44:31	226,0	27,7	14,5	4949,8	410,5	55,8
11.09.2025 08:44:37	236,7	29,5	14,3	6887,2	561,8	71,0
11.09.2025 08:44:43	205,4	24,8	13,7	6174,4	498,6	46,3
11.09.2025 08:44:49	400,1	29,2	14,5	6765,1	621,7	71,9
11.09.2025 08:44:55	333,8	28,6	14,7	8541,8	702,8	62,3
11.09.2025 08:45:01	258,5	26,2	13,8	4656,4	411,6	60,2
11.09.2025 08:45:07	430,7	32,6	15,4	9088,8	878,0	61,0
11.09.2025 08:45:13	307,7	26,4	13,7	4171,3	461,4	53,6
11.09.2025 08:45:19	316,2	32,5	14,5	2773,4	402,7	67,9
11.09.2025 08:45:25	229,2	25,5	13,6	1490,6	282,3	43,2
11.09.2025 08:45:31	326,2	28,4	14,5	7224,6	617,9	66,4
11.09.2025 08:45:37	296,5	28,5	14,4	10853,5	754,8	59,2
11.09.2025 08:45:43	184,1	33,0	15,1	4339,2	328,8	74,9
11.09.2025 08:45:49	309,6	33,7	15,4	7502,4	596,9	62,1
11.09.2025 08:45:55	377,2	33,6	14,6	8943,6	702,1	79,4
11.09.2025 08:46:01	516,5	26,7	14,2	8133,4	823,8	46,1
11.09.2025 08:46:07	422,3	27,9	14,3	5798,8	613,6	59,3
11.09.2025 08:46:13	418,0	30,7	15,4	9585,6	788,4	72,2
11.09.2025 08:46:19	710,3	32,8	15,4	10565,3	1175,7	86,2
11.09.2025 08:46:25	572,3	26,3	14,6	9487,2	992,7	73,2
11.09.2025 08:46:31	458,4	29,6	14,8	5592,6	737,5	72,2
11.09.2025 08:46:37	393,8	34,7	15,4	5692,4	582,8	78,6
11.09.2025 08:46:43	496,1	33,7	15,3	7730,2	804,1	75,1
11.09.2025 08:46:49	369,4	28,1	15,2	11401,1	835,2	63,8
11.09.2025 08:46:55	451,1	34,7	15,8	10424,4	848,3	67,4
11.09.2025 08:47:01	585,8	27,6	14,6	10273,4	1052,7	75,6
11.09.2025 08:47:07	405,3	32,8	14,9	9222,2	779,8	76,5
11.09.2025 08:47:13	680,7	33,8	15,3	7720,6	1049,8	85,0
11.09.2025 08:47:19	278,7	32,1	15,6	7873,4	599,9	69,9
11.09.2025 08:47:25	409,3	32,3	15,4	7696,0	750,2	66,8
11.09.2025 08:47:31	615,1	31,8	15,6	5506,0	796,6	75,8
11.09.2025 08:47:37	455,7	30,3	15,0	8693,5	761,5	69,4
11.09.2025 08:47:43	367,6	28,7	15,1	9371,0	731,8	63,5
11.09.2025 08:47:49	519,7	33,6	15,1	7948,0	868,3	82,0
11.09.2025 08:47:55	118,2	27,9	13,9	6770,6	392,5	44,8
11.09.2025 08:48:01	200,0	23,9	13,7	3573,3	310,5	40,3
11.09.2025 08:48:07	181,0	27,1	13,6	4733,3	359,9	53,8
11.09.2025 08:48:13	266,1	22,3	12,4	5172,1	488,0	42,8
11.09.2025 08:48:19	219,4	24,7	13,2	4857,5	400,6	44,9
11.09.2025 08:48:25	220,0	24,3	13,5	3595,5	332,5	51,1
11.09.2025 08:48:31	191,1	23,4	13,6	4237,4	372,7	39,2
11.09.2025 08:48:37	130,4	23,9	12,9	5305,0	337,5	32,7
11.09.2025 08:48:43	169,6	23,3	12,9	4774,8	386,3	40,9
11.09.2025 08:48:49	107,1	20,8	13,2	1257,3	146,7	31,4
11.09.2025 08:48:55	68,5	22,0	12,8	1149,6	105,8	33,5
11.09.2025 08:49:01	95,6	25,0	13,0	1242,8	133,3	31,8
11.09.2025 08:49:07	81,2	22,7	12,8	2418,6	188,7	35,5
11.09.2025 08:49:13	86,8	26,0	13,4	1231,3	122,8	33,0
11.09.2025 08:49:19	80,1	22,7	12,3	2904,4	223,1	31,4
11.09.2025 08:49:25	276,1	25,2	13,1	2094,4	367,9	41,9
11.09.2025 08:49:31	95,7	22,5	12,7	2246,2	167,6	40,5
11.09.2025 08:49:37	257,7	23,5	12,3	3762,2	454,9	33,7
11.09.2025 08:49:43	87,8	19,3	12,1	1372,0	165,8	30,5
11.09.2025 08:49:49	164,4	18,7	11,8	3571,3	351,8	28,2
11.09.2025 08:49:55	118,7	23,0	12,3	1269,7	159,1	40,7
11.09.2025 08:50:01	169,4	27,4	13,1	5490,0	422,7	49,1
11.09.2025 08:50:07	100,8	28,3	14,1	3945,8	238,0	44,1
11.09.2025 08:50:13	53,6	22,1	12,4	58,9	57,7	35,6
11.09.2025 08:50:19	347,1	27,4	13,9	8626,5	714,8	52,1
11.09.2025 08:50:25	235,3	21,9	12,9	3968,0	387,8	37,7
11.09.2025 08:50:31	215,6	22,2	12,2	2726,6	335,1	39,9
11.09.2025 08:50:37	206,5	22,1	12,9	4744,5	426,4	35,0
11.09.2025 08:50:43	136,6	26,8	13,0	2696,1	246,3	46,3
11.09.2025 08:50:49	233,3	24,5	12,5	2892,8	354,2	45,0
11.09.2025 08:50:55	58,6	22,7	13,2	1138,5	94,8	29,1
11.09.2025 08:51:01	135,6	27,2	13,8	4030,7	315,2	58,7
11.09.2025 08:51:07	69,2	21,1	13,6	2747,2	211,9	25,7
11.09.2025 08:51:13	126,4	23,8	12,8	2839,6	235,0	30,4
11.09.2025 08:51:19	137,7	20,6	12,7	2077,8	214,6	34,0
11.09.2025 08:51:25	223,8	22,3	12,8	2497,6	311,4	40,8
11.09.2025 08:51:31	159,1	23,9	12,7	3067,3	309,1	42,7
11.09.2025 08:51:37	230,1	24,0	12,4	2555,4	314,4	42,5
11.09.2025 08:51:43	89,8	22,1	12,8	1176,3	130,5	36,1
11.09.2025 08:51:49	60,9	22,3	13,6	1132,0	97,1	35,0
11.09.2025 08:51:55	91,7	20,8	12,5	1869,3	163,3	26,5
11.09.2025 08:52:01	102,3	25,5	12,9	184,7	108,9	42,7
11.09.2025 08:52:07	177,9	23,4	13,0	2468,3	296,7	42,6
11.09.2025 08:52:13	207,0	19,9	12,7	1509,9	296,3	31,4
11.09.2025 08:52:19	156,2	21,5	12,8	1866,2	276,9	31,3
11.09.2025 08:52:25	189,2	20,7	12,3	1434,5	237,2	33,0
11.09.2025 08:52:31	115,8	22,1	12,7	212,5	125,7	31,0
11.09.2025 08:52:37	129,2	23,1	12,8	4023,8	308,4	53,4
11.09.2025 08:52:43	120,2	24,7	12,7	2334,9	191,6	42,7
11.09.2025 08:52:49	150,7	21,4	12,8	1317,8	196,1	40,7
11.09.2025 08:52:55	124,7	21,1	11,8	222,4	135,6	35,7
11.09.2025 08:53:01	82,1	22,0	12,2	2229,8	152,2	36,3
11.09.2025 08:53:07	166,6	24,0	12,7	2171,4	243,5	38,2
11.09.2025 08:53:13	142,6	21,5	12,6	4553,5	318,5	31,7
11.09.2025 08:53:19	263,0	19,0	12,3	1740,2	359,6	35,5
11.09.2025 08:53:25	242,5	18,8	11,9	2580,3	329,3	35,3
11.09.2025 08:53:31	144,5	21,3	12,0	1369,6	185,3	33,4
11.09.2025 08:53:37	97,6	22,8	11,8	1662,5	174,1	43,4
11.09.2025 08:53:43	174,1	20,8	12,6	1365,1	223,6	33,9
11.09.2025 08:53:49	371,0	23,5	12,2	5243,2	606,5	39,8
11.09.2025 08:53:55	140,3	23,6	12,6	301,4	149,8	31,3
11.09.2025 08:54:01	104,6	21,3	12,0	2172,7	175,5	33,1
11.09.2025 08:54:07	137,2	24,9	12,8	3757,3	321,3	40,3
11.09.2025 08:54:13	96,3	21,6	12,3	3509,9	237,3	31,7
11.09.2025 08:54:19	66,9	20,3	12,2	2112,5	174,7	30,6
11.09.2025 08:54:25	42,5	20,6	12,3	1110,0	76,3	29,9
11.09.2025 08:54:31	159,7	20,0	12,0	3570,9	303,9	25,9
11.09.2025 08:54:37	37,2	21,0	11,9	39,1	39,0	31,9
11.09.2025 08:54:43	215,3	20,7	11,5	4415,6	442,4	39,0
11.09.2025 08:54:49	162,9	20,8	11,7	1332,9	210,2	42,3
11.09.2025 08:54:55	224,8	20,8	12,3	3086,2	339,9	34,9
11.09.2025 08:55:01	81,2	24,1	12,8	1165,0	120,2	37,6
11.09.2025 08:55:07	68,2	20,0	12,3	1628,6	141,3	30,5
11.09.2025 08:55:13	136,9	21,5	12,2	4304,4	353,3	25,4
11.09.2025 08:55:19	149,6	21,0	12,5	2091,2	227,9	39,0
11.09.2025 08:55:25	84,6	23,0	12,8	2575,5	191,6	33,6
11.09.2025 08:55:31	160,7	21,7	12,5	1339,5	208,0	36,1
11.09.2025 08:55:37	244,0	21,7	12,0	1901,5	331,9	40,5
11.09.2025 08:55:43	54,6	21,4	11,5	2386,4	158,6	29,0
11.09.2025 08:55:49	75,9	24,3	12,7	2555,1	181,1	39,6
11.09.2025 08:55:55	119,8	20,6	12,3	216,9	130,1	33,0
11.09.2025 08:56:01	186,5	23,2	12,2	1712,7	273,7	40,9
11.09.2025 08:56:07	119,8	20,6	12,8	983,7	163,2	33,9
11.09.2025 08:56:13	138,7	21,4	12,1	239,3	151,4	38,9
11.09.2025 08:56:19	164,0	22,1	12,3	2312,3	239,3	38,3
11.09.2025 08:56:25	95,2	22,6	13,1	2434,3	204,3	41,8
11.09.2025 08:56:31	108,1	22,1	12,2	823,8	150,4	36,0
11.09.2025 08:56:37	94,7	22,9	11,7	747,1	138,4	43,7
11.09.2025 08:56:43	63,5	25,2	13,7	3461,1	199,6	30,7
11.09.2025 08:56:49	268,0	26,0	12,9	1655,7	318,9	41,9
11.09.2025 08:56:55	288,9	21,0	12,6	3714,8	487,8	33,5
11.09.2025 08:57:01	219,1	25,2	13,5	2541,6	301,6	41,8
11.09.2025 08:57:07	52,1	22,7	12,9	2239,8	157,1	25,9
11.09.2025 08:57:13	185,7	22,9	12,6	3313,3	335,4	33,2
11.09.2025 08:57:19	155,1	17,7	12,3	1394,0	198,8	21,2
11.09.2025 08:57:25	53,3	22,8	12,8	58,4	57,3	35,8
11.09.2025 08:57:31	66,5	20,6	12,7	2058,1	135,5	34,8
11.09.2025 08:57:37	115,5	19,9	12,4	212,3	125,5	30,0
11.09.2025 08:57:43	109,9	23,4	12,7	1983,7	186,3	38,2
11.09.2025 08:57:49	101,3	25,1	13,0	125,3	112,1	44,1
11.09.2025 08:57:55	138,7	22,5	12,7	1158,9	183,4	39,4
11.09.2025 08:58:01	76,0	22,4	12,7	1159,3	114,5	34,4
11.09.2025 08:58:07	158,7	20,0	12,6	1476,3	247,2	37,3
11.09.2025 08:58:13	84,8	22,7	13,1	105,6	93,4	38,4
11.09.2025 08:58:19	169,2	22,4	13,2	2806,7	281,2	31,4
11.09.2025 08:58:25	155,7	22,2	13,1	2287,8	272,1	42,3
11.09.2025 08:58:31	101,6	21,9	12,8	1244,8	182,7	33,2
11.09.2025 08:58:37	160,9	20,8	12,2	1391,1	204,7	31,2
11.09.2025 08:58:43	56,2	23,2	12,6	2199,5	123,1	27,6
11.09.2025 08:58:49	34,8	22,2	12,8	812,4	69,8	26,6
11.09.2025 08:58:55	112,6	20,7	12,3	1118,1	153,5	36,0
11.09.2025 08:59:01	162,8	23,9	12,6	984,7	215,9	49,0
11.09.2025 08:59:07	94,9	22,5	12,3	1240,6	132,0	34,9
11.09.2025 08:59:13	185,5	21,3	12,4	1370,1	236,5	40,0
11.09.2025 08:59:19	77,0	22,8	12,8	1160,4	115,6	35,0
11.09.2025 08:59:25	116,6	23,0	12,3	2961,8	221,9	37,0
11.09.2025 08:59:31	141,4	24,5	12,7	1305,8	185,1	41,8
11.09.2025 08:59:37	147,3	19,5	11,3	1648,1	229,0	37,5
11.09.2025 08:59:43	217,8	20,7	12,2	3078,3	332,1	32,1
11.09.2025 08:59:49	142,0	25,6	13,0	1366,7	182,4	33,1
11.09.2025 08:59:55	94,9	23,6	12,4	1515,7	172,4	40,5
11.09.2025 09:00:01	110,6	23,3	12,4	137,0	122,9	44,6
11.09.2025 09:00:07	109,0	22,5	12,2	2361,2	260,0	39,2
11.09.2025 09:00:13	58,2	20,2	12,5	1138,3	94,6	26,6
11.09.2025 09:00:19	61,0	21,8	12,6	2195,7	128,1	35,1
11.09.2025 09:00:25	144,5	21,3	12,0	2417,6	257,9	43,4
11.09.2025 09:00:31	157,5	19,8	11,9	3696,6	341,8	36,7
11.09.2025 09:00:37	66,5	20,0	11,8	2211,1	134,6	31,4
11.09.2025 09:00:43	117,8	23,6	12,3	2674,2	225,4	37,5
11.09.2025 09:00:49	276,6	22,8	12,1	1959,0	369,5	38,5
11.09.2025 09:00:55	62,7	21,9	11,5	1132,3	98,4	42,4
11.09.2025 09:01:01	57,8	18,6	11,5	985,0	95,2	30,4
11.09.2025 09:01:07	79,4	27,4	12,6	3189,5	218,9	41,4
11.09.2025 09:01:13	132,3	19,7	12,2	1629,8	211,8	34,8
11.09.2025 09:01:19	58,0	22,2	12,5	1326,3	131,2	32,5
11.09.2025 09:01:25	144,8	21,6	11,7	246,0	158,1	43,5
11.09.2025 09:01:31	84,2	20,6	12,2	165,3	89,5	27,7
11.09.2025 09:01:37	167,2	20,4	11,1	5115,6	420,8	32,4
11.09.2025 09:01:43	68,1	22,6	12,0	2257,6	174,7	33,9
11.09.2025 09:01:49	148,4	24,9	12,5	831,1	200,4	43,3
11.09.2025 09:01:55	128,9	20,7	11,8	228,6	140,8	33,2
11.09.2025 09:02:01	222,3	20,3	11,8	4187,0	449,2	34,1
11.09.2025 09:02:07	110,8	20,2	12,6	1460,8	188,9	25,3
11.09.2025 09:02:13	106,2	20,7	12,0	1885,5	179,3	33,2
11.09.2025 09:02:19	145,7	19,9	11,6	1372,6	187,3	28,5
11.09.2025 09:02:25	118,4	21,5	12,8	1756,6	194,5	33,8
11.09.2025 09:02:31	188,8	20,3	12,1	2541,0	305,5	37,2
11.09.2025 09:02:37	162,0	21,9	12,3	2738,4	276,7	37,4
11.09.2025 09:02:43	131,6	23,6	12,4	3606,0	316,0	38,6
11.09.2025 09:02:49	164,6	18,7	11,5	1327,2	212,4	42,9
11.09.2025 09:02:55	91,8	21,6	12,2	2628,3	238,0	37,4
11.09.2025 09:03:01	57,0	20,2	12,1	1614,7	128,4	28,0
11.09.2025 09:03:07	170,8	25,0	12,6	1887,0	250,1	40,8
11.09.2025 09:03:13	168,5	23,4	12,3	2805,8	280,4	32,8
11.09.2025 09:03:19	299,7	19,7	11,8	4781,0	530,1	45,5
11.09.2025 09:03:25	100,7	21,1	11,9	1247,1	138,5	37,2
11.09.2025 09:03:31	163,5	21,7	12,0	1342,8	211,2	37,3
11.09.2025 09:03:37	75,0	22,4	11,9	84,0	81,7	43,2
11.09.2025 09:03:43	87,2	21,7	12,2	3975,8	261,7	34,9
11.09.2025 09:03:49	223,1	18,2	10,5	2453,8	304,0	34,8
11.09.2025 09:03:55	67,9	18,9	11,4	1772,1	139,7	31,5
11.09.2025 09:04:01	117,5	23,7	12,2	205,1	127,2	38,9
11.09.2025 09:04:07	70,7	22,1	12,3	2071,7	140,3	33,5
11.09.2025 09:04:13	83,4	23,1	11,7	3197,3	224,8	32,5
11.09.2025 09:04:19	83,2	21,4	12,5	1169,0	123,2	32,3
11.09.2025 09:04:25	35,0	19,4	12,0	956,6	68,9	26,9
11.09.2025 09:04:31	129,4	21,9	12,0	5432,3	376,9	42,6
11.09.2025 09:04:37	52,1	21,4	11,8	1896,8	120,4	30,8
11.09.2025 09:04:43	241,7	23,0	12,2	3579,1	436,7	44,2
11.09.2025 09:04:49	106,6	21,4	12,2	4441,1	280,8	35,4
11.09.2025 09:04:55	194,4	19,3	12,0	1972,0	316,9	31,7
11.09.2025 09:05:01	22,4	21,4	12,6	1086,4	53,7	22,4
11.09.2025 09:05:07	167,7	21,9	12,4	3710,9	354,2	34,6
11.09.2025 09:05:13	127,3	24,3	12,5	1622,6	205,5	38,5
11.09.2025 09:05:19	190,0	20,6	12,0	430,7	203,3	28,3
11.09.2025 09:05:25	69,6	26,9	13,2	1770,5	140,0	45,7
11.09.2025 09:05:31	156,8	20,9	12,2	3850,2	340,6	29,9
11.09.2025 09:05:37	52,5	20,3	11,9	3736,8	185,1	26,3
11.09.2025 09:05:43	99,2	23,9	12,2	3511,4	239,8	39,4
11.09.2025 09:05:49	247,2	20,4	11,8	2537,4	370,3	34,7
11.09.2025 09:05:55	63,0	24,1	12,0	2197,7	130,1	39,0
11.09.2025 09:06:01	248,9	20,6	11,5	1574,6	301,5	38,0
11.09.2025 09:06:07	141,6	20,8	11,9	1366,6	182,2	30,2
11.09.2025 09:06:13	165,2	18,1	11,3	1346,5	213,9	31,2
11.09.2025 09:06:19	85,7	18,6	11,4	1230,7	122,1	28,0
11.09.2025 09:06:25	78,1	20,1	11,8	3966,1	252,0	27,9
11.09.2025 09:06:31	42,1	21,4	11,3	1884,1	108,7	30,3
11.09.2025 09:06:37	117,5	23,5	11,9	2471,2	230,2	41,1
11.09.2025 09:06:43	214,8	19,1	11,4	2439,8	337,6	30,1
11.09.2025 09:06:49	129,0	22,1	12,2	3174,9	273,7	35,7
11.09.2025 09:06:55	119,7	23,7	12,3	4024,0	298,9	39,1
11.09.2025 09:07:01	279,8	19,7	11,8	3310,6	444,8	37,6
11.09.2025 09:07:07	219,8	23,1	12,3	465,0	236,5	41,0
11.09.2025 09:07:13	222,3	24,4	11,5	2247,1	307,0	48,1
11.09.2025 09:07:19	121,7	19,2	10,8	1959,7	236,4	28,2
11.09.2025 09:07:25	158,7	19,7	11,4	2734,8	273,1	35,5
11.09.2025 09:07:31	92,6	14,7	8,6	3352,0	234,2	33,5
11.09.2025 09:07:37	70,0	22,4	10,7	2204,2	137,4	45,1
11.09.2025 09:07:43	109,8	18,1	10,8	1269,8	150,3	25,6
11.09.2025 09:07:49	136,7	20,8	10,5	5929,0	421,2	38,8
11.09.2025 09:07:55	34,0	19,1	10,0	3226,5	128,3	28,9
11.09.2025 09:08:01	136,8	17,4	9,9	3324,7	324,8	33,8
11.09.2025 09:08:07	113,8	20,2	11,2	201,2	123,3	35,1
11.09.2025 09:08:13	102,4	21,2	10,8	3363,6	245,0	40,0
11.09.2025 09:08:19	145,8	18,5	10,9	3972,8	327,1	30,0
11.09.2025 09:08:25	53,0	20,6	11,3	2816,2	153,0	32,7
11.09.2025 09:08:31	91,0	20,9	12,1	5043,7	296,8	35,9
11.09.2025 09:08:37	58,8	19,8	10,8	1139,1	95,4	27,2
11.09.2025 09:08:43	168,3	18,7	10,6	4013,4	310,1	31,1
11.09.2025 09:08:49	49,3	19,8	10,9	3588,1	182,4	27,3
11.09.2025 09:08:55	111,1	23,0	12,3	3039,4	218,2	43,9
11.09.2025 09:09:01	104,6	22,9	12,3	2300,8	215,8	46,1
11.09.2025 09:09:07	238,9	24,0	12,8	7452,9	599,7	31,7
11.09.2025 09:09:13	100,1	22,1	12,1	4288,4	274,2	36,7
11.09.2025 09:09:19	167,6	23,3	12,3	4005,9	351,1	38,7
11.09.2025 09:09:25	50,8	22,4	12,2	2038,9	117,5	33,9
11.09.2025 09:09:31	144,0	18,7	11,7	2564,3	257,6	33,5
11.09.2025 09:09:37	253,8	22,8	12,0	1539,7	311,6	34,6
11.09.2025 09:09:43	52,3	21,4	12,0	1119,3	86,4	40,1
11.09.2025 09:09:49	96,9	22,6	12,6	120,6	107,4	39,9
11.09.2025 09:09:55	55,4	21,6	11,7	1124,1	90,3	39,4
11.09.2025 09:10:01	326,3	23,2	11,9	4836,6	518,3	41,6
11.09.2025 09:10:07	152,0	21,1	11,5	1235,7	195,5	30,7
11.09.2025 09:10:13	118,9	23,3	13,0	3452,8	260,5	29,7
11.09.2025 09:10:19	97,0	21,8	12,3	1184,3	138,4	39,8
11.09.2025 09:10:25	60,9	21,5	12,3	2826,2	162,1	34,1
11.09.2025 09:10:31	115,2	19,1	11,6	1064,0	161,1	37,0
11.09.2025 09:10:37	99,6	24,9	12,7	2782,0	245,6	40,9
11.09.2025 09:10:43	218,5	23,7	12,7	1239,6	268,6	36,6
11.09.2025 09:10:49	116,3	25,5	13,0	1123,4	157,9	37,4
11.09.2025 09:10:55	72,9	24,3	12,7	2406,3	178,3	41,7
11.09.2025 09:11:01	150,9	26,7	13,9	1376,2	191,9	39,8
11.09.2025 09:11:07	78,1	25,5	13,9	1783,1	150,6	39,7
11.09.2025 09:11:13	78,3	22,1	13,5	1161,9	117,1	34,6
11.09.2025 09:11:19	77,0	24,9	13,8	2223,9	146,4	34,7
11.09.2025 09:11:25	65,5	22,5	12,7	3174,1	203,7	32,7
11.09.2025 09:11:31	94,0	23,3	13,8	2299,9	205,2	29,3
11.09.2025 09:11:37	73,2	23,1	13,7	2219,8	142,3	32,5
11.09.2025 09:11:43	179,0	21,6	13,6	2529,9	294,5	33,0
11.09.2025 09:11:49	145,9	24,7	13,9	1371,0	186,7	34,5
11.09.2025 09:11:55	146,4	23,6	14,1	2286,6	262,1	32,5
11.09.2025 09:12:01	153,8	20,5	12,3	1852,8	273,4	39,5
11.09.2025 09:12:07	116,9	21,2	12,1	1755,1	193,0	32,9
11.09.2025 09:12:13	160,3	23,7	12,6	2019,2	237,3	36,8
11.09.2025 09:12:19	66,8	23,1	11,9	860,1	106,5	30,1
11.09.2025 09:12:25	162,1	22,6	11,9	1818,8	244,7	39,0
11.09.2025 09:12:31	158,7	24,8	13,3	2161,1	234,1	38,6
11.09.2025 09:12:37	95,6	27,5	14,5	2016,9	165,8	34,5
11.09.2025 09:12:43	54,7	27,3	14,2	1123,1	89,3	39,5
11.09.2025 09:12:49	81,7	24,0	13,1	3492,0	220,6	30,6
11.09.2025 09:12:55	124,1	23,9	14,3	2920,6	234,5	39,1
11.09.2025 09:13:01	53,2	21,0	14,2	2528,4	155,5	29,9
11.09.2025 09:13:07	178,2	22,3	12,9	977,1	226,8	40,5
11.09.2025 09:13:13	124,9	25,5	12,7	650,5	175,0	39,1
11.09.2025 09:13:19	225,4	23,3	13,3	2454,4	305,6	42,7
11.09.2025 09:13:25	62,1	24,4	12,6	1133,2	98,3	36,9
11.09.2025 09:13:31	97,5	22,9	12,7	130,4	108,3	34,7
11.09.2025 09:13:37	219,1	20,9	12,5	5529,6	516,4	37,8
11.09.2025 09:13:43	143,4	22,6	12,8	1318,9	188,5	31,0
11.09.2025 09:13:49	171,2	23,1	12,2	3230,7	365,0	39,0
11.09.2025 09:13:55	102,5	21,9	12,1	2313,9	171,7	35,4
11.09.2025 09:14:01	113,3	19,1	11,9	1264,0	153,4	35,3
11.09.2025 09:14:07	108,0	20,9	12,3	1531,8	187,4	41,6
11.09.2025 09:14:13	208,3	21,8	12,8	390,3	226,6	48,7
11.09.2025 09:14:19	88,6	22,3	11,5	1949,5	162,0	36,1
11.09.2025 09:14:25	152,2	20,6	12,4	3298,2	303,6	38,3
11.09.2025 09:14:31	64,6	19,9	12,0	1966,2	173,5	27,5
11.09.2025 09:14:37	94,8	19,5	11,9	2732,4	202,4	33,9
11.09.2025 09:14:43	111,5	21,7	12,3	1688,7	190,4	39,8
11.09.2025 09:14:49	176,0	19,9	11,6	2869,8	328,2	25,6
11.09.2025 09:14:55	82,9	25,7	12,8	3051,0	224,7	37,1
11.09.2025 09:15:01	187,4	20,8	12,1	3309,1	379,5	36,6
11.09.2025 09:15:07	139,5	21,4	11,6	3083,0	250,8	45,2
11.09.2025 09:15:13	140,4	24,5	11,7	1236,7	187,7	52,8
11.09.2025 09:15:19	180,4	22,6	12,3	4081,9	362,4	31,3
11.09.2025 09:15:25	103,9	19,4	11,7	2943,3	251,0	27,5
11.09.2025 09:15:31	231,5	20,8	11,5	4351,6	458,8	33,0
11.09.2025 09:15:37	84,4	18,1	11,3	2711,7	190,6	34,6
