ende rip, ende lufu, start lufu,start rip, 0
filename
comment
1743079905509,1743079828297,1743079753258,1743079741671,0
13-52

1743080276166,1743080266697,1743080189764,1743080179549,0
13-58

1743080817759,1743080768313,1743080729362,1743080722152,0
14-07

1743080977165,1743080956382,1743080907604,1743080900997,0
14-09

1743081132425,1743081120719,1743081087480,1743081081325,0
14-12

1743081357820,1743081346745,1743081317198,1743081312431,0
14-16

1743081516525,1743081509835,1743081472432,1743081456302,0
14-18

1743081690197,1743081666237,1743081626351,1743081621086,0
14-21

1743081934589,1743081929703,1743081890380,1743081886353,0
14-25

1743082075750,1743082059465,1743082031418,1743082026880,0
14-28
fev
1743082212609,1743082198119,1743082168375,1743082163677,0
14-30
fev
1743082442599,1743082428798,1743082382932,1743082364774,0
14-34
fev